idx,membership,set_split,cut_T,cut_T_rep1_diff,cut_T_rep2_diff,cal_T,cal_T_rep1_diff,cal_T_rep2_diff,ppl_T,ppl_T_rep1_diff,ppl_T_rep2_diff,calppl_T,calppl_T_rep1_diff,calppl_T_rep2_diff,cut_200,cut_200_rep1_diff,cut_200_rep2_diff,cal_200,cal_200_rep1_diff,cal_200_rep2_diff,ppl_200,ppl_200_rep1_diff,ppl_200_rep2_diff,calppl_200,calppl_200_rep1_diff,calppl_200_rep2_diff,cut_300,cut_300_rep1_diff,cut_300_rep2_diff,cal_300,cal_300_rep1_diff,cal_300_rep2_diff,ppl_300,ppl_300_rep1_diff,ppl_300_rep2_diff,calppl_300,calppl_300_rep1_diff,calppl_300_rep2_diff,cb_const1,cb_const1_rep1_diff,cb_const1_rep2_diff,cb_const2,cb_const2_rep1_diff,cb_const2_rep2_diff,cb_const3,cb_const3_rep1_diff,cb_const3_rep2_diff,cbm_T,cbm_T_rep1_diff,cbm_T_rep2_diff,cbpm_T,cbm_200,cbm_200_rep1_diff,cbm_200_rep2_diff,cbpm_200,cbm_300,cbm_300_rep1_diff,cbm_300_rep2_diff,cbpm_300,lz_bins3,lz_bins3_rep1_diff,lz_bins3_rep2_diff,lz_bins4,lz_bins4_rep1_diff,lz_bins4_rep2_diff,lz_bins5,lz_bins5_rep1_diff,lz_bins5_rep2_diff,slope_600,slope_800,slope_1000,apen_600,apen_800,apen_1000,elbow_frac,elbow_delta_slope,elbow_idx,nei_delta
868,1,test,4.947831656318158,2.4321597955245773,3.26756360307387,8.486470752292536,4.171615851817471,5.604492002740624,140.86917972285013,128.49425951239994,135.50218530426105,241.6173905372936,220.39205270797711,232.41197605984019,5.128654074059547,2.5225558040845906,3.3864888429006275,7.9514016652086,3.9109392311389,5.25037029907074,168.78978654133172,155.24369213646008,163.08009368829693,261.6895915369484,240.6878947852094,252.8373545554991,4.947831656318158,2.4321597955245773,3.26756360307387,8.486470752292536,4.171615851817471,5.604492002740624,140.86917972285013,128.49425951239994,135.50218530426105,241.6173905372936,220.39205270797711,232.41197605984019,0.8944723618090452,-0.0005276381909548045,-0.0005276381909548045,0.7587939698492463,-0.001206030150753712,-0.001206030150753712,0.6633165829145728,-0.0016834170854271857,-0.0016834170854271857,0.47777777777777775,0.12962962962962965,0.20740740740740737,0.4572490706319703,0.4974874371859297,0.1532663316582915,0.22948073701842553,0.4797979797979798,0.47777777777777775,0.12962962962962965,0.20740740740740737,0.4572490706319703,22.0,0.0,0.0,33.0,0.0,0.0,42.0,1.0,1.0,0.0005287599520473879,0.0004877384377716987,0.0001227985682107942,-0.0001833147886074471,0.00021597805698636563,6.13263787334617e-05,0.037037037037037035,0.9325842021008017,10,-0.19112443923950195
798,1,test,2.4576680681478877,1.171605689275791,1.5917018876927929,4.117391958325682,1.962819920994507,2.6666174482126013,11.677548517237842,8.059038372584997,9.300246637902987,19.563685178229633,13.501505844980063,15.580932679084226,2.6154376021995858,1.2228348075570172,1.6842787650592768,4.118799373542655,1.9257241063890036,2.652407504030357,13.67319849064035,9.647884996249978,11.135750527196812,21.532596048252522,15.193519679133825,17.53661500345955,2.4576680681478877,1.171605689275791,1.5917018876927929,4.117391958325682,1.962819920994507,2.6666174482126013,11.677548517237842,8.059038372584997,9.300246637902987,19.563685178229633,13.501505844980063,15.580932679084226,0.6432160804020101,-0.001783919597989958,-0.001783919597989958,0.4824120603015075,-0.0025879396984924696,-0.0025879396984924696,0.3668341708542714,-0.0031658291457286047,-0.0031658291457286047,0.41634241245136183,0.12508027652903175,0.19124538787180168,0.36328125,0.4120603015075377,0.1213334844649312,0.18668467546413203,0.3787878787878788,0.41634241245136183,0.12508027652903175,0.19124538787180168,0.36328125,21.0,0.0,0.0,32.0,0.0,0.0,39.0,1.0,1.0,0.00017914424531140086,0.0004165247465931792,0.00018185014458421166,-0.00850012382669263,-0.009589681462192523,-0.007435175470527966,0.9571984435797666,-0.20863710557402107,246,-0.36107301712036133
164,1,test,2.48386930141192,1.1956755693397039,1.6226641612991233,4.824043684560341,2.322179824750665,3.1514551892999507,11.987558273804973,8.361327581291118,9.621547923581414,23.2816214408609,16.23894199672242,18.686477372244894,2.5618491446313882,1.2326676420906006,1.6740850141554549,4.7006406323511705,2.261775490074496,3.0717156223035866,12.959759642274964,9.181809762925067,10.530068540949838,23.779375490412775,16.84735736316526,19.321226680641903,2.48386930141192,1.1956755693397039,1.6226641612991233,4.824043684560341,2.322179824750665,3.1514551892999507,11.987558273804973,8.361327581291118,9.621547923581414,23.2816214408609,16.23894199672242,18.686477372244894,0.5879396984924623,-0.002060301507537776,-0.002060301507537776,0.4522613065326633,-0.0027386934673366836,-0.0027386934673366836,0.31658291457286436,-0.003417085427135591,-0.003417085427135591,0.3717948717948718,0.1010059592149144,0.1601471445221445,0.3562231759656652,0.38190954773869346,0.11123285600937016,0.16655061618610578,0.36868686868686873,0.3717948717948718,0.1010059592149144,0.1601471445221445,0.3562231759656652,22.0,0.0,0.0,32.0,1.0,1.0,39.0,1.0,1.0,0.00019411157192110546,0.00025843205277436984,-3.713144215581733e-05,-0.006947131164473319,-0.007017036705564195,-0.005636865327469209,0.0641025641025641,0.3883599122638643,15,-0.5796468257904053
244,1,test,2.338471226515931,1.11283169035724,1.5176398098834019,3.70700836476105,1.7640911455094883,2.4058040168038017,10.365378128608313,6.959034262205904,8.092989774783687,16.43148010160068,11.031650904292317,12.829228108890051,2.593091259856668,1.2042861098167335,1.6582916116745015,3.704416085509526,1.7204087283096192,2.368988016677859,13.371041145627277,9.360985371266363,10.824337975614693,19.10148735089611,13.372836244666232,15.463339965163847,2.338471226515931,1.11283169035724,1.5176398098834019,3.70700836476105,1.7640911455094883,2.4058040168038017,10.365378128608313,6.959034262205904,8.092989774783687,16.43148010160068,11.031650904292317,12.829228108890051,0.5879396984924623,-0.002060301507537776,-0.002060301507537776,0.4824120603015075,-0.0025879396984924696,-0.0025879396984924696,0.3517587939698492,-0.0032412060301507672,-0.0032412060301507672,0.40287769784172667,0.138963873784276,0.20550927678909514,0.3321299638989169,0.39698492462311563,0.12630823289379234,0.18997323847954306,0.36363636363636365,0.40287769784172667,0.138963873784276,0.20550927678909514,0.3321299638989169,18.0,-7.0,-7.0,28.0,-11.0,-11.0,38.0,-15.0,-15.0,0.0005392136756043163,0.0004129533062305224,-4.401379332505506e-05,-0.01834416146999107,-0.020130371903136712,-0.018214070086024492,0.050359712230215826,0.35169238046673107,14,-0.8309974670410156
829,1,test,2.835177324873013,1.3593183027543077,1.8411628368604895,4.221264017033152,2.023873917434191,2.7412868904367285,17.033420481735547,12.658628279198123,14.33136036568866,25.36087049502848,18.84729099347276,21.337803211136446,2.8020292297243463,1.3146049775935946,1.8023226400215138,3.9465200418652766,1.8515563064698517,2.538482591579597,16.478050617708107,12.052369231758155,13.760566244131676,23.20852199677198,16.97516793205374,19.381079217086867,2.835177324873013,1.3593183027543077,1.8411628368604895,4.221264017033152,2.023873917434191,2.7412868904367285,17.033420481735547,12.658628279198123,14.33136036568866,25.36087049502848,18.84729099347276,21.337803211136446,0.592964824120603,-0.0020351758793969443,-0.0020351758793969443,0.44723618090452266,-0.0027638190954772934,-0.0027638190954772934,0.371859296482412,-0.003140703517587995,-0.003140703517587995,0.37827715355805247,0.09042668626833283,0.15660841134136505,0.40601503759398494,0.371859296482412,0.09617007342476791,0.16150871217523333,0.40909090909090906,0.37827715355805247,0.09042668626833283,0.15660841134136505,0.40601503759398494,24.0,-1.0,-1.0,37.0,-6.0,-6.0,43.0,-3.0,-3.0,0.00032895644163521845,-0.0007539777665414578,-0.0004739270990395791,-0.02221632783551364,-0.01646489308713317,-0.017829706472927143,0.03745318352059925,0.6500832526164426,10,-0.6459510326385498
684,1,test,2.8598423996603035,1.3530031903785396,1.8537073990286388,4.825984049426762,2.2831928837637854,3.128131235860828,17.458775210845317,12.946329876641471,14.723765461215574,29.461683168301473,21.846931666832482,24.846354215801284,2.942569567898263,1.3981961561560037,1.9100534145426853,4.823884537538136,2.2921248461573835,3.131235105807681,18.964514364862016,14.27947924572736,16.156391744709623,31.089367811249208,23.408982370044853,26.485888106081354,2.8598423996603035,1.3530031903785396,1.8537073990286388,4.825984049426762,2.2831928837637854,3.128131235860828,17.458775210845317,12.946329876641471,14.723765461215574,29.461683168301473,21.846931666832482,24.846354215801284,0.6733668341708543,-0.001633165829145744,-0.001633165829145744,0.5175879396984925,-0.002412060301507535,-0.002412060301507535,0.40201005025125625,-0.002989949748743781,-0.002989949748743781,0.4132231404958677,0.11983471074380159,0.19146005509641872,0.3609958506224067,0.4170854271356784,0.11055276381909551,0.18927973199329984,0.35858585858585856,0.4132231404958677,0.11983471074380159,0.19146005509641872,0.3609958506224067,20.0,0.0,0.0,30.0,0.0,0.0,41.0,0.0,0.0,1.8795961810608095e-05,0.00017263241711614448,9.140479064617689e-05,-0.004664806018077172,-0.005312845271915556,-0.005673109935096399,0.9545454545454546,0.7457356281295878,231,-0.2019972801208496
796,1,test,2.581056361254885,1.251048341983268,1.692379051722475,4.291756507668007,2.080231545390783,2.8140721441431853,13.211086471016353,9.430012762112074,10.77917561330052,21.967271690178357,15.68013749979101,17.923512938395056,2.5160385169875785,1.1689719030128998,1.617547654545195,3.8708284876731978,1.7984183123275383,2.4885348531464544,12.37945838351939,8.533331591085513,9.923564352334422,19.04532059002983,13.128202447823867,15.267022080514495,2.581056361254885,1.251048341983268,1.692379051722475,4.291756507668007,2.080231545390783,2.8140721441431853,13.211086471016353,9.430012762112074,10.77917561330052,21.967271690178357,15.68013749979101,17.923512938395056,0.542713567839196,-0.0022864321608039306,-0.0022864321608039306,0.4120603015075377,-0.0029396984924623393,-0.0029396984924623393,0.3065326633165829,-0.0034673366834171437,-0.0034673366834171437,0.37192982456140355,0.10923280179432826,0.1700628467317653,0.36267605633802813,0.3668341708542714,0.12372640143071245,0.1731780773651228,0.3282828282828283,0.37192982456140355,0.10923280179432826,0.1700628467317653,0.36267605633802813,15.0,2.0,2.0,26.0,-1.0,-1.0,35.0,-2.0,-2.0,-0.00010395554370121223,0.00021006213206356924,3.118771000944677e-05,-0.024807142281208172,-0.0226424528511302,-0.022877049811664385,0.03508771929824561,0.37781136830351975,10,-0.8388161659240723
444,1,test,3.116015683474039,1.5276845193532995,2.0525445649441254,4.253247684741936,2.085233614007788,2.801648420763149,22.556328813143093,17.660756612265185,19.65992147945658,30.78856560626101,24.106288222580947,26.835075304075772,3.116015683474039,1.5276845193532995,2.0525445649441254,4.253247684741936,2.085233614007788,2.801648420763149,22.556328813143093,17.660756612265185,19.65992147945658,30.78856560626101,24.106288222580947,26.835075304075772,3.116015683474039,1.5276845193532995,2.0525445649441254,4.253247684741936,2.085233614007788,2.801648420763149,22.556328813143093,17.660756612265185,19.65992147945658,30.78856560626101,24.106288222580947,26.835075304075772,0.7043010752688172,0.034301075268817316,0.034301075268817316,0.564516129032258,0.02451612903225797,0.02451612903225797,0.4301075268817204,0.02010752688172035,0.02010752688172035,0.4193548387096774,0.10384681731930301,0.1827000344392148,0.3783783783783784,0.4193548387096774,0.10384681731930301,0.1827000344392148,0.3783783783783784,0.4193548387096774,0.10384681731930301,0.1827000344392148,0.3783783783783784,15.0,1.0,1.0,27.0,1.0,1.0,31.0,1.0,1.0,6.360795194932016e-05,0.00019881382599817532,6.70128943826346e-05,-0.00014130699092529397,-5.9858071880469765e-05,-2.5231514589663107e-05,0.9193548387096774,-0.34678939375554924,171,-0.18212556838989258
354,1,test,2.5333413721591995,1.231091012101435,1.6072867514113394,4.191528452117948,2.0368960382041923,2.6593289886987614,12.595522229182865,8.91795902504949,10.070992951298464,20.839864051920742,14.755168568718247,16.662915610330188,2.834966305173747,1.3531090035513007,1.846065060125929,4.1999500817388835,2.0046059311871116,2.734911200186561,17.029826473684597,12.628714186047004,14.341547384620975,25.229372553606808,18.709206201551115,21.246736866105145,2.4611465798523047,1.1602482170121668,1.5930352394644502,4.267884242518448,2.0119911277667635,2.7624888545626307,11.718239737847073,8.045645229345142,9.33583269203101,20.320646944243478,13.951985946841287,16.18930524629655,0.5728643216080402,-0.0021356783919597166,-0.0021356783919597166,0.4522613065326633,-0.0027386934673366836,-0.0027386934673366836,0.371859296482412,-0.003140703517587995,-0.003140703517587995,0.371900826446281,0.13668762149442404,0.18617257620190175,0.3259668508287292,0.371859296482412,0.10870140174556986,0.17486430482965742,0.3232323232323232,0.3712374581939799,0.13417568857795314,0.19548662393369065,0.3087248322147651,23.0,-4.0,-4.0,35.0,-6.0,-6.0,38.0,-1.0,-1.0,0.00214527601573707,0.00017552735886628676,0.0007791572572319846,-0.01537461007729135,-0.012205315501630842,-0.01452172214012748,0.9696969696969697,-0.44825374463347545,352,-0.5021810531616211
775,1,test,4.269206327322388,2.0686172489491996,2.797679426646683,6.589427157388903,3.1928657538128946,4.318157375911184,71.46489337153456,62.43456186562267,67.10901230785547,110.30450933432508,96.36638896650454,103.581301605603,4.369743882391579,2.0916720697822377,2.8435475502722456,6.287401269628171,3.0096001004060975,4.0914353241327275,79.02338982591344,69.2655425255559,74.42274564914119,113.70271917397618,99.66265111590776,107.08308726495136,4.269206327322388,2.0686172489491996,2.797679426646683,6.589427157388903,3.1928657538128946,4.318157375911184,71.46489337153456,62.43456186562267,67.10901230785547,110.30450933432508,96.36638896650454,103.581301605603,0.8291457286432161,-0.0008542713567838423,-0.0008542713567838423,0.7085427135678393,-0.0014572864321606982,-0.0014572864321606982,0.5778894472361809,-0.002110552763819218,-0.002110552763819218,0.43462897526501765,0.09363957597173145,0.182567726737338,0.3936170212765957,0.4321608040201005,0.08291457286432158,0.17420435510887766,0.3737373737373737,0.43462897526501765,0.09363957597173145,0.182567726737338,0.3936170212765957,22.0,0.0,0.0,35.0,0.0,0.0,43.0,0.0,0.0,0.00021171025432308746,0.0007329931862478258,6.586524982688679e-05,-0.0002734037727947225,0.00016562223134020115,1.5767138139999304e-05,0.0353356890459364,0.5135429800291352,10,-0.13801240921020508
330,1,test,2.679537460098037,1.2916617071164482,1.751616943843279,4.2769540228487894,2.0616908017435613,2.795850121903695,14.578348668207548,10.572018096522775,12.049104485094208,23.269287297331278,16.874567346372892,19.232224466592676,2.700638979064911,1.2863517284392203,1.751448675397503,4.154829198561401,1.979002659137262,2.694536423688466,14.88924260023804,10.775689112054547,12.305625733173047,22.90652707728929,16.577983249314688,18.9317318971893,2.679537460098037,1.2916617071164482,1.751616943843279,4.2769540228487894,2.0616908017435613,2.795850121903695,14.578348668207548,10.572018096522775,12.049104485094208,23.269287297331278,16.874567346372892,19.232224466592676,0.6683417085427136,-0.0016582914572863539,-0.0016582914572863539,0.46733668341708545,-0.002663316582914521,-0.002663316582914521,0.35678391959798994,-0.0032160804020100464,-0.0032160804020100464,0.3911290322580645,0.09937852923995583,0.16458747729827894,0.3724696356275303,0.3869346733668342,0.09620785632422768,0.15488125099621652,0.3737373737373737,0.3911290322580645,0.09937852923995583,0.16458747729827894,0.3724696356275303,19.0,-7.0,-7.0,24.0,-2.0,-2.0,35.0,-10.0,-10.0,-0.0001445993227035009,8.221338275987231e-05,0.00014872954713016548,-3.085650767697956e-05,-0.00010133182060556578,-0.00011602607612637428,0.04838709677419355,-0.43935674405691283,12,-0.41684675216674805
382,1,test,2.7831743863168383,1.3455225872664138,1.8238701796231709,4.469946741660377,2.160990821973331,2.9292460460614564,16.170270247067172,11.959473844539911,13.560390342516916,25.97043403316849,19.207639810927738,21.77880873192111,2.8686745159224913,1.3494127145207215,1.8554691360650477,4.553451612575383,2.141924943683685,2.9451891048651553,17.613656099505132,13.04480486911158,14.859240270431679,27.95818428492878,20.706039474780283,23.58609566735187,2.7831743863168383,1.3455225872664138,1.8238701796231709,4.469946741660377,2.160990821973331,2.9292460460614564,16.170270247067172,11.959473844539911,13.560390342516916,25.97043403316849,19.207639810927738,21.77880873192111,0.6180904522613065,-0.0019095477386934512,-0.0019095477386934512,0.48743718592964824,-0.002562814070351749,-0.002562814070351749,0.371859296482412,-0.003140703517587995,-0.003140703517587995,0.37914691943127965,0.1001871085565752,0.16969810053364187,0.30000000000000004,0.38190954773869346,0.0987015276885681,0.16655061618610578,0.30808080808080807,0.37914691943127965,0.1001871085565752,0.16969810053364187,0.30000000000000004,18.0,0.0,0.0,28.0,1.0,1.0,37.0,0.0,0.0,0.0012239103897698808,0.0007196079062845667,0.0003475802915458863,0.00022555060116058456,0.0001020431016458545,5.1605234147267254e-05,0.04739336492890995,0.6139674839976478,10,-0.49861979484558105
62,1,test,2.025618231757346,0.9779828411198623,1.3230343874071346,3.3520382921466743,1.6183878487567267,2.189386854287949,7.580796185153006,4.729894312868742,5.561833526173302,12.544870844466397,7.827134751244722,9.203846342804551,2.090554307355479,0.9948119801005983,1.350013519316681,3.371861786057224,1.6045354517751589,2.177441160188195,8.089397934550536,5.097995475583453,5.9923286566646325,13.047416023468607,8.222573347715247,9.665046220426825,2.0352852077724295,0.985061516055399,1.3298244407436597,3.354865727097411,1.6237277737176905,2.19201830891812,7.654434918521392,4.796144496072072,5.629655496904691,12.61720041514515,7.905732685833086,9.279651917974764,0.48743718592964824,-0.002562814070351749,-0.002562814070351749,0.38190954773869346,-0.0030904522613065533,-0.0030904522613065533,0.3065326633165829,-0.0034673366834171437,-0.0034673366834171437,0.3569230769230769,0.1142195438969632,0.17166207385245258,0.3549382716049383,0.371859296482412,0.12624526139469272,0.18321155023867242,0.3737373737373737,0.36789297658862874,0.12582285972719298,0.1843557129623773,0.3657718120805369,22.0,-10.0,-10.0,30.0,-8.0,-8.0,38.0,-11.0,-11.0,-0.0002643862783678202,-0.00022596424407986672,-5.487509195577979e-06,-0.055507268586977965,-0.05796502097910938,-0.0564511627783304,0.03076923076923077,0.872070945694887,10,-1.1723673343658447
878,1,test,2.5715596433137913,1.2454376974702859,1.6869104555680607,4.772970550089991,2.3116078475774247,3.1310080425316276,13.086218366153592,9.319809674197485,10.66408383820449,24.28881439172447,17.298131592260482,19.793185911818938,2.651488888800573,1.2596113925997445,1.7228664145100172,4.651734892632585,2.209844548420605,3.022572657035118,14.175128131051386,10.152733131748098,11.644107901377064,24.868645843949803,17.811812511838774,20.428259476100116,2.5715596433137913,1.2454376974702859,1.6869104555680607,4.772970550089991,2.3116078475774247,3.1310080425316276,13.086218366153592,9.319809674197485,10.66408383820449,24.28881439172447,17.298131592260482,19.793185911818938,0.6834170854271358,-0.0015829145728643024,-0.0015829145728643024,0.5175879396984925,-0.002412060301507535,-0.002412060301507535,0.371859296482412,-0.003140703517587995,-0.003140703517587995,0.4016393442622951,0.09284588822957529,0.1632197257336847,0.34979423868312753,0.40201005025125625,0.07870177957456448,0.1566010352262145,0.3484848484848485,0.4016393442622951,0.09284588822957529,0.1632197257336847,0.34979423868312753,16.0,0.0,0.0,26.0,0.0,0.0,36.0,0.0,0.0,-1.9920621752336372e-05,0.00027391875370940555,0.0002705791645232276,-3.136820234672655e-06,-7.934534252473924e-05,-9.790377231322367e-05,0.040983606557377046,0.9253581097635509,10,-0.5540225505828857
842,1,test,3.0399759604477357,1.4240909321627595,1.9471641518001486,4.545758445529325,2.1294817677200144,2.911647329794615,20.90474068844593,15.872400972260564,17.92209175759368,31.25942532851728,23.73443136038963,26.799389544065317,3.0399759604477357,1.4240909321627595,1.9471641518001486,4.545758445529325,2.1294817677200144,2.911647329794615,20.90474068844593,15.872400972260564,17.92209175759368,31.25942532851728,23.73443136038963,26.799389544065317,3.0399759604477357,1.4240909321627595,1.9471641518001486,4.545758445529325,2.1294817677200144,2.911647329794615,20.90474068844593,15.872400972260564,17.92209175759368,31.25942532851728,23.73443136038963,26.799389544065317,0.6226415094339622,0.09764150943396221,0.09764150943396221,0.4716981132075472,0.07169811320754715,0.07169811320754715,0.37735849056603776,0.05235849056603781,0.05235849056603781,0.37735849056603776,0.08895723664754251,0.1581518099814866,0.31645569620253167,0.37735849056603776,0.08895723664754251,0.1581518099814866,0.31645569620253167,0.37735849056603776,0.08895723664754251,0.1581518099814866,0.31645569620253167,17.0,1.0,1.0,22.0,3.0,3.0,29.0,4.0,4.0,0.000500684424654018,9.659005704574939e-05,5.7824197454626706e-05,0.00012420333071716527,0.00013199984796941067,-3.7478486312636505e-05,0.06289308176100629,0.5557853193390133,10,-0.6097574234008789
344,1,test,1.3300177817081864,0.624233960266253,0.8581510630181362,2.5650342932943597,1.203879780513488,1.655005621534977,3.7811106215767047,1.755676980363594,2.1781268998586496,7.292141913040788,3.3859484621297886,4.200673306870252,1.5890009307269202,0.6484924282357509,0.9548021734847896,2.6049195585687217,1.0631023413700835,1.5652494647291633,4.898852189947162,2.337568683659895,3.01334140575032,8.030905229421577,3.8320798092785173,4.939903943852984,1.373678953395496,0.6280907205610906,0.8752754444350271,2.5918470818782944,1.1850768312473408,1.6514631027075983,3.949855331855028,1.8421744543538385,2.3037641298910483,7.452557229915146,3.475800857271393,4.346724773379336,0.38190954773869346,-0.0030904522613065533,-0.0030904522613065533,0.2814070351758794,-0.003592964824120637,-0.003592964824120637,0.23115577889447236,-0.003844221105527623,-0.003844221105527623,0.281733746130031,0.07739938080495357,0.12383900928792568,0.27329192546583847,0.321608040201005,0.10050251256281406,0.14572864321608037,0.31818181818181823,0.29096989966555187,0.08862876254180607,0.137123745819398,0.2818791946308725,18.0,-9.0,-9.0,28.0,-17.0,-17.0,35.0,-20.0,-20.0,0.000687777265357844,-0.00014406501934332194,9.947608704154718e-05,-0.12089615246551766,-0.12160760900971734,-0.1231227859994064,0.030959752321981424,0.935649281286416,10,-1.38905930519104
745,1,test,2.0438608088990806,0.9739512902750709,1.3291345618663382,3.3993747132466576,1.6198878972968795,2.2106331313942724,7.720358562664328,4.805242838302453,5.6767314059862795,12.84059636588212,7.992139642979727,9.441610265915003,2.2122632850997848,1.0512224179534442,1.4362602563580529,3.5396212561596556,1.6819558687255107,2.2980164101728846,9.13637122319424,5.943115921738334,6.96360083747532,14.618193957110785,9.508985474781337,11.141761339960512,2.017743551367964,0.9373784914946517,1.2957293534460828,3.344326328234194,1.553666008002185,2.1476177128940597,7.521334267169683,4.575579535519599,5.462758851212014,12.46629989033649,7.583833484286627,9.05429643847295,0.5226130653266332,-0.002386934673366814,-0.002386934673366814,0.3919597989949749,-0.0030402010050251116,-0.0030402010050251116,0.29648241206030146,-0.0035175879396985854,-0.0035175879396985854,0.353125,0.1050750780031201,0.16393581081081088,0.3134796238244514,0.37688442211055273,0.11122026170955024,0.17488108321238915,0.3232323232323232,0.3511705685618729,0.11410879894584613,0.16763330493562145,0.30536912751677847,21.0,-4.0,-4.0,27.0,-4.0,-4.0,35.0,-4.0,-4.0,0.0010721646260541415,0.00014979766944550176,7.402842967139782e-05,-0.007458223278852039,-0.006961526639663873,-0.008481858488644356,0.03125,0.729771581550265,10,-0.9208693504333496
336,1,test,2.1065322999021996,0.9969011048552405,1.357163287701756,3.547843873519494,1.6789913344930365,2.285748695076642,8.21968839256282,5.186448878195375,6.104023755783791,13.843685713790011,8.735071794855369,10.2804610623727,2.1065322999021996,0.9969011048552405,1.357163287701756,3.547843873519494,1.6789913344930365,2.285748695076642,8.21968839256282,5.186448878195375,6.104023755783791,13.843685713790011,8.735071794855369,10.2804610623727,2.1065322999021996,0.9969011048552405,1.357163287701756,3.547843873519494,1.6789913344930365,2.285748695076642,8.21968839256282,5.186448878195375,6.104023755783791,13.843685713790011,8.735071794855369,10.2804610623727,0.5287958115183247,0.013795811518324652,0.013795811518324652,0.3664921465968587,0.0064921465968587055,0.0064921465968587055,0.2722513089005235,0.0022513089005234965,0.0022513089005234965,0.3455497382198953,0.08706409853321129,0.14033234691554752,0.3157894736842105,0.3455497382198953,0.08706409853321129,0.14033234691554752,0.3157894736842105,0.3455497382198953,0.08706409853321129,0.14033234691554752,0.3157894736842105,21.0,1.0,1.0,30.0,1.0,1.0,41.0,1.0,1.0,0.00020774354282919366,0.00018451385922513175,3.4332524133879184e-05,-0.007203769131852056,-0.007088044874542732,-0.007033328783870196,0.05235602094240838,-0.27704260667864816,10,-0.4631359577178955
44,1,test,2.6785980751635,1.3007635695130944,1.7598403465403143,4.7316552824744464,2.297756006026125,3.1087000133496576,14.564660417373107,10.598357103732805,12.058485311649504,25.727992952844712,18.72164877605496,21.300917167285053,2.9956944753613612,1.4568709707719885,1.9682346467039427,4.644487558699785,2.258714683367424,3.0515265840371204,19.99924405043426,15.34013842153166,17.205284373646805,31.00657992315389,23.783160343459937,26.67485949402605,2.6785980751635,1.3007635695130944,1.7598403465403143,4.7316552824744464,2.297756006026125,3.1087000133496576,14.564660417373107,10.598357103732805,12.058485311649504,25.727992952844712,18.72164877605496,21.300917167285053,0.6532663316582914,-0.0017336683417086274,-0.0017336683417086274,0.49246231155778897,-0.002537688442211028,-0.002537688442211028,0.40201005025125625,-0.002989949748743781,-0.002989949748743781,0.3843537414965986,0.11440467528267673,0.18186505371379325,0.31740614334470985,0.40201005025125625,0.11629576453697055,0.18164277145325958,0.3434343434343434,0.3843537414965986,0.11440467528267673,0.18186505371379325,0.31740614334470985,19.0,1.0,1.0,32.0,0.0,0.0,40.0,0.0,0.0,0.001077964324298607,0.0003853261991231372,0.0002731791171399846,-0.009700690996385042,-0.008363892809663653,-0.009025038592016976,0.05442176870748299,0.3081648070203904,16,-0.5055954456329346
163,1,test,2.8238619838935572,1.346114519838399,1.8367229458917897,4.667216334490741,2.2248281647329096,3.0356948689044856,16.84176787312639,12.45870632389741,14.15822191681048,27.835699679195006,20.59147295199711,23.400394556950655,2.912969721598204,1.3934960467557254,1.8947024795324086,4.587353892280636,2.1944819633948427,2.9837834323345014,18.411394174949965,13.841574823770221,15.643000525430189,28.994321535354274,21.7977556279846,24.63464649674045,2.8238619838935572,1.346114519838399,1.8367229458917897,4.667216334490741,2.2248281647329096,3.0356948689044856,16.84176787312639,12.45870632389741,14.15822191681048,27.835699679195006,20.59147295199711,23.400394556950655,0.7437185929648241,-0.0012814070351758744,-0.0012814070351758744,0.5728643216080402,-0.0021356783919597166,-0.0021356783919597166,0.3869346733668342,-0.0030653266331658324,-0.0030653266331658324,0.3924050632911392,0.066089273817455,0.1469632680597227,0.3686440677966102,0.40201005025125625,0.06115791992544173,0.1515926879808055,0.38383838383838387,0.3924050632911392,0.066089273817455,0.1469632680597227,0.3686440677966102,21.0,-11.0,-11.0,34.0,-19.0,-19.0,37.0,-15.0,-15.0,0.0004905353981095913,5.1837187384407855e-05,2.093039175778334e-06,4.537263278781012e-05,-4.0869005880850295e-05,-6.618974063954397e-05,0.9409282700421941,-0.3183651053391081,223,-0.397477388381958
890,1,test,2.960502361717989,1.432906829971364,1.9413143995084081,4.683987304689964,2.2670873319265246,3.0714692611940544,19.307668753243842,14.700582851275353,16.536725014145752,30.547813942925707,23.258668642628145,26.163738637404315,3.1397914545967107,1.5153941145612333,2.054923263164811,4.4536049001371785,2.149495197959196,2.9147847704465404,23.099049155862943,18.023689756466435,20.139999390941554,32.764608731720486,25.565517385058772,28.567375022612133,2.8970058335241102,1.4102306732384413,1.9033702838809057,4.598421957974778,2.2384613860927636,3.021222672826834,18.11981033730871,13.697000692942463,15.418773941540305,28.761603710013826,21.741270941178517,24.47424435165128,0.6180904522613065,-0.0019095477386934512,-0.0019095477386934512,0.507537688442211,-0.0024623115577889765,-0.0024623115577889765,0.44221105527638194,-0.0027889447236180143,-0.0027889447236180143,0.4017857142857143,0.12243950329017195,0.1958451202263084,0.37014925373134333,0.4321608040201005,0.14895278396997513,0.2234796687947248,0.3939393939393939,0.40802675585284276,0.12922875919174093,0.20113020412870486,0.3657718120805369,20.0,0.0,0.0,33.0,0.0,0.0,44.0,0.0,0.0,0.0009633229196550053,0.00015746997001017673,0.0003915792520547059,-0.0472675578619981,-0.04484482506958809,-0.04790872906910337,0.9613095238095238,-0.36230414669162625,323,-0.3809654712677002
936,1,test,2.7378460648562672,1.3307286129608586,1.798523953800978,4.563076774760446,2.217881021601431,2.9975399230016304,15.453663034533422,11.369497418469678,12.89541641124068,25.756105057555704,18.94916236411613,21.492360685401135,2.928097599364721,1.4169962330743089,1.9193951882784626,4.539686200565459,2.1968933846113314,2.9758064934549804,18.69203690788655,14.160317778381797,15.949996243872723,28.979902182769845,21.953981051754724,24.728676347089493,2.7378460648562672,1.3307286129608586,1.798523953800978,4.563076774760446,2.217881021601431,2.9975399230016304,15.453663034533422,11.369497418469678,12.89541641124068,25.756105057555704,18.94916236411613,21.492360685401135,0.6683417085427136,-0.0016582914572863539,-0.0016582914572863539,0.507537688442211,-0.0024623115577889765,-0.0024623115577889765,0.3668341708542714,-0.0031658291457286047,-0.0031658291457286047,0.3754646840148699,0.09717154857887733,0.15420386819286735,0.31343283582089554,0.37688442211055273,0.08114507373962543,0.14983934698534407,0.33333333333333337,0.3754646840148699,0.09717154857887733,0.15420386819286735,0.31343283582089554,19.0,0.0,0.0,30.0,-1.0,-1.0,36.0,0.0,0.0,0.00017546167084647347,0.0005903523933901765,0.0002281946387800182,-0.004851913908310301,-0.005024641586394374,-0.004123369550064204,0.03717472118959108,0.8427619413175738,10,-0.358553409576416
153,1,test,2.2725428326379724,1.1046570004267116,1.4933709376194608,5.5844657205134665,2.7145447219788177,3.6697564901191395,9.704045230412762,6.488857229328984,7.524378705190148,23.846374713494924,15.945486369746416,18.490139918955634,2.296597228258933,1.0962570044913034,1.4960626222379236,5.5339692247203205,2.6415831433525385,3.6049701740672866,9.940300267984238,6.619053570382034,7.7135692338209125,23.95253076622708,15.94952667561936,18.586913816435935,2.302286423706419,1.11203765952983,1.5082903132824068,5.755716059266047,2.780094148824575,3.770725783206016,9.997013753096049,6.709114735946326,7.784794695048124,24.99253438274012,16.772786839865816,19.461986737620308,0.5125628140703518,-0.0024371859296482556,-0.0024371859296482556,0.33668341708542715,-0.0033165829145728187,-0.0033165829145728187,0.27135678391959794,-0.0036432160804020786,-0.0036432160804020786,0.32594936708860756,0.08582298478213046,0.1459493670886075,0.29841269841269846,0.321608040201005,0.07098147378496489,0.1279519467118564,0.2777777777777778,0.3277591973244147,0.08235018229937296,0.14422193369816327,0.30201342281879195,13.0,0.0,0.0,19.0,0.0,0.0,25.0,0.0,0.0,0.000569283860338771,0.00024108068807324832,-5.841674116041315e-06,-0.008911154761171325,-0.007701986006651396,-0.008476284213362106,0.9620253164556962,0.4042443057271082,304,-0.9632022380828857
219,1,test,2.59127587852849,1.2237764206919501,1.6776251827253126,4.010307907246473,1.8939396986899233,2.5963246875510793,13.346789626730791,9.421267148545404,10.853381012331981,20.655745850892888,14.580532491796458,16.796899185751876,2.7995650004124593,1.3222277603531365,1.8114227297994545,3.8882847227950825,1.836427444934912,2.515864902499243,16.437494912174987,12.056231031220184,13.751255384128365,22.829854044687483,16.744765321139145,19.098965811289396,2.59127587852849,1.2237764206919501,1.6776251827253126,4.010307907246473,1.8939396986899233,2.5963246875510793,13.346789626730791,9.421267148545404,10.853381012331981,20.655745850892888,14.580532491796458,16.796899185751876,0.6532663316582914,-0.0017336683417086274,-0.0017336683417086274,0.5276381909547738,-0.002361809045226204,-0.002361809045226204,0.371859296482412,-0.003140703517587995,-0.003140703517587995,0.38996138996138996,0.09709048437372136,0.16531440664945163,0.3565891472868217,0.40703517587939697,0.09876449918766761,0.1783206516723853,0.38888888888888884,0.38996138996138996,0.09709048437372136,0.16531440664945163,0.3565891472868217,20.0,-2.0,-2.0,33.0,-5.0,-5.0,40.0,-2.0,-2.0,0.00030812519089417,0.0003243955899605849,0.00011455806803048207,-0.00010708564814265742,-0.00016179463533028127,9.987650539144965e-05,0.9575289575289575,0.388544296324747,248,-0.46167516708374023
213,1,test,2.166241930658807,1.0491457798213157,1.4123615778662741,3.796506476412343,1.8387090986559145,2.475272868425429,8.725431571599243,5.66946433317012,6.600200889444823,15.291993475998675,9.936174604524954,11.567362383563092,2.166241930658807,1.0491457798213157,1.4123615778662741,3.796506476412343,1.8387090986559145,2.475272868425429,8.725431571599243,5.66946433317012,6.600200889444823,15.291993475998675,9.936174604524954,11.567362383563092,2.166241930658807,1.0491457798213157,1.4123615778662741,3.796506476412343,1.8387090986559145,2.475272868425429,8.725431571599243,5.66946433317012,6.600200889444823,15.291993475998675,9.936174604524954,11.567362383563092,0.5621301775147929,0.07213017751479289,0.07213017751479289,0.4023668639053254,0.04736686390532541,0.04736686390532541,0.26627218934911245,0.03127218934911247,0.03127218934911247,0.3727810650887574,0.09254507688816749,0.1606003185268714,0.31547619047619047,0.3727810650887574,0.09254507688816749,0.1606003185268714,0.31547619047619047,0.3727810650887574,0.09254507688816749,0.1606003185268714,0.31547619047619047,18.0,1.0,1.0,23.0,2.0,2.0,31.0,2.0,2.0,0.00037037070779966243,0.00011361072782632451,6.655937128924711e-05,-0.008035443660709518,-0.007735596079177398,-0.008307237859851213,0.9289940828402367,-0.29803602188963885,157,-0.3603169918060303
591,1,test,2.4710701140348035,1.167776789872577,1.5972855817809601,3.712941248267679,1.7546594842700773,2.400023976727289,11.835104989565597,8.153704218143822,9.439143679859676,17.783003907398562,12.251463261108409,14.182918452301974,2.5633966208993573,1.2024743080857943,1.6535871206319541,3.5851700991599404,1.681782249071041,2.3127092596251106,12.979830088024013,9.080041619543138,10.495980772342136,18.1536085147189,12.699358908451945,14.679693387891101,2.4710701140348035,1.167776789872577,1.5972855817809601,3.712941248267679,1.7546594842700773,2.400023976727289,11.835104989565597,8.153704218143822,9.439143679859676,17.783003907398562,12.251463261108409,14.182918452301974,0.5628140703517588,-0.0021859296482411583,-0.0021859296482411583,0.4522613065326633,-0.0027386934673366836,-0.0027386934673366836,0.39698492462311563,-0.0030150753768843908,-0.0030150753768843908,0.40410958904109584,0.14212328767123283,0.20205479452054786,0.38144329896907214,0.4170854271356784,0.15577889447236182,0.21440536013400335,0.38888888888888884,0.40410958904109584,0.14212328767123283,0.20205479452054786,0.38144329896907214,21.0,-10.0,-10.0,33.0,-14.0,-14.0,43.0,-18.0,-18.0,8.802388492441576e-05,0.00024165168453639538,-2.645775585900062e-05,-0.00968683115266522,-0.010358225830970902,-0.010414096307002296,0.03767123287671233,0.269728113429336,11,-0.7738265991210938
12,1,test,2.738712123112816,1.2884752502221601,1.7668147403945145,4.723286125368479,2.22215296777445,3.047115276912278,15.467052604235185,11.20292815319947,12.824098203266704,26.67506173773894,19.32099203232952,22.11692298824257,2.727108544516775,1.2642339539560297,1.7451213246373474,4.507617428953347,2.0896428991008755,2.8844980572518137,15.288616693342618,10.970261486668056,12.618860326488768,25.270440815442345,18.132663614327367,20.857620374361602,2.738712123112816,1.2884752502221601,1.7668147403945145,4.723286125368479,2.22215296777445,3.047115276912278,15.467052604235185,11.20292815319947,12.824098203266704,26.67506173773894,19.32099203232952,22.11692298824257,0.6984924623115578,-0.0015075376884421399,-0.0015075376884421399,0.4974874371859297,-0.002512562814070307,-0.002512562814070307,0.3467336683417085,-0.003266331658291488,-0.003266331658291488,0.4008438818565401,0.09137019764601373,0.15540208662512356,0.4152542372881356,0.3869346733668342,0.08618279366758608,0.14319510742359542,0.4040404040404041,0.4008438818565401,0.09137019764601373,0.15540208662512356,0.4152542372881356,20.0,-8.0,-8.0,30.0,-10.0,-10.0,38.0,-11.0,-11.0,4.117644761611054e-06,-0.00012857556165163709,-6.411693500122168e-05,4.537263278781012e-05,-4.0869005880850295e-05,-6.618974063954397e-05,0.04219409282700422,-0.40452278283637866,10,-0.21289920806884766
56,1,test,3.4577318870429825,1.667230185581602,2.263624619908036,5.618814316444846,2.7092490515701027,3.6783900073505587,31.74489379475863,25.75243565740855,28.444283902820473,51.585452416482774,41.847707943288896,46.22196134208326,3.5561777207261565,1.707939549458277,2.323761037106963,5.47104264727101,2.6275993068588877,3.575016980164559,35.02905012247086,28.680425647860623,31.59954255814485,53.89084634226287,44.123731765939425,48.61468085868439,3.4577318870429825,1.667230185581602,2.263624619908036,5.618814316444846,2.7092490515701027,3.6783900073505587,31.74489379475863,25.75243565740855,28.444283902820473,51.585452416482774,41.847707943288896,46.22196134208326,0.778894472361809,-0.0011055276381910506,-0.0011055276381910506,0.6432160804020101,-0.001783919597989958,-0.001783919597989958,0.5226130653266332,-0.002386934673366814,-0.002386934673366814,0.41463414634146345,0.07183495770048987,0.15382333553065264,0.38367346938775515,0.42211055276381915,0.08627095376632543,0.1616764960025504,0.4040404040404041,0.41463414634146345,0.07183495770048987,0.15382333553065264,0.38367346938775515,25.0,-6.0,-6.0,36.0,-6.0,-6.0,50.0,-11.0,-11.0,0.00022760425424903788,3.943313143330535e-05,0.0001201187600455838,-1.699666395538202e-05,-9.033858156382024e-05,-0.00010696492421935488,0.04878048780487805,0.5709997366032786,12,-0.3811047077178955
133,1,test,3.1799165642213967,1.542736392882997,2.0818110608553835,5.814704574576268,2.8210036898431943,3.8067402255641296,24.044747276157757,18.90409398242586,21.046267246882103,43.96753787640276,34.567486139293,38.48460296572728,3.0179148557399276,1.419896130154451,1.945549535615684,5.2945874662104,2.4910458423762303,3.4132447993257617,20.44860890030187,15.505380077304245,17.52632543269581,35.87475245666995,27.202421188253062,30.74793935560669,3.1799165642213967,1.542736392882997,2.0818110608553835,5.814704574576268,2.8210036898431943,3.8067402255641296,24.044747276157757,18.90409398242586,21.046267246882103,43.96753787640276,34.567486139293,38.48460296572728,0.6834170854271358,-0.0015829145728643024,-0.0015829145728643024,0.5125628140703518,-0.0024371859296482556,-0.0024371859296482556,0.38190954773869346,-0.0030904522613065533,-0.0030904522613065533,0.3803921568627451,0.05882352941176472,0.13725490196078427,0.3385826771653543,0.38190954773869346,0.06281407035175879,0.13735343383584586,0.31313131313131315,0.3803921568627451,0.05882352941176472,0.13725490196078427,0.3385826771653543,23.0,0.0,0.0,29.0,1.0,1.0,36.0,0.0,0.0,-0.00033652813999961536,-0.0004637697033286453,2.7487404546730685e-05,-0.009151116474324539,-0.010328484046471686,-0.010743125072163906,0.050980392156862744,0.38007736017084404,13,0.07314085960388184
572,1,test,3.557074169140554,1.7371765837268625,2.343536273391247,5.691318670624886,2.7794825339629794,3.7496580374259945,35.06046593813622,28.889239544216135,31.69509599442609,56.09674550101795,46.22278327074582,50.712153591081744,3.778295772789561,1.8426745242449083,2.487331632295565,5.611051184963602,2.736509181527886,3.693873095722518,43.74143283830869,36.81308589419461,40.10514207692961,64.9592920509211,54.67017979809496,59.55912890529098,3.557074169140554,1.7371765837268625,2.343536273391247,5.691318670624886,2.7794825339629794,3.7496580374259945,35.06046593813622,28.889239544216135,31.69509599442609,56.09674550101795,46.22278327074582,50.712153591081744,0.7373737373737373,0.0023737373737373613,0.0023737373737373613,0.6363636363636364,0.0013636363636363447,0.0013636363636363447,0.5252525252525253,0.0002525252525252819,0.0002525252525252819,0.4076655052264808,0.08766550522648087,0.1643283093979756,0.38111888111888115,0.41414141414141414,0.09172327812126302,0.18091993763134706,0.4010152284263959,0.4076655052264808,0.08766550522648087,0.1643283093979756,0.38111888111888115,22.0,0.0,0.0,32.0,0.0,0.0,42.0,0.0,0.0,0.0009265459995841626,0.00048309722608691345,-1.4140428512292937e-05,-0.00030112346023614123,0.00015012813114179124,1.7489102663859057e-06,0.041811846689895474,-0.4261969094915601,12,-0.27743983268737793
305,1,test,2.2085368706989517,1.0485741924860938,1.4305040270042821,4.249760342102529,2.017710946147484,2.752636536811271,9.102388673751513,5.91257444942443,6.925203487115705,17.515202447976396,11.377226592074283,13.325770346419613,2.38965200137402,1.153260691490144,1.5633708033368303,4.15591652412873,2.0056707678089456,2.718905744933618,10.90969672289717,7.466531022718852,8.624890542792556,18.97338560503856,12.985271343858875,14.99980963963923,2.2085368706989517,1.0485741924860938,1.4305040270042821,4.249760342102529,2.017710946147484,2.752636536811271,9.102388673751513,5.91257444942443,6.925203487115705,17.515202447976396,11.377226592074283,13.325770346419613,0.5879396984924623,-0.002060301507537776,-0.002060301507537776,0.4170854271356784,-0.0029145728643216184,-0.0029145728643216184,0.3015075376884422,-0.0034924623115578646,-0.0034924623115578646,0.3675889328063241,0.09934435686944043,0.15733926132143583,0.3214285714285714,0.3668341708542714,0.0961574791249481,0.1564835865470927,0.3434343434343434,0.3675889328063241,0.09934435686944043,0.15733926132143583,0.3214285714285714,17.0,0.0,0.0,27.0,0.0,0.0,34.0,0.0,0.0,0.00037866499416634,0.0002868662661458758,0.00023506082398891946,-6.550611697964115e-05,-0.000128814918206821,0.00012090384720320202,0.9565217391304348,0.3015984443742717,242,-0.34325695037841797
955,1,test,2.7056441873555452,1.2933518081498978,1.7590161935888275,4.753666523617729,2.27234727404114,3.090493729013704,14.963953175766635,10.85859751834378,12.386947861738502,26.290834399089988,19.077952584312335,21.76317922930445,2.8393729207528673,1.3605745408115142,1.851724193859647,4.748195052351433,2.2752465010209355,3.096580794773695,17.105035960277835,12.717365760808883,14.420121881769564,28.604219799120074,21.26685534790729,24.11432146615246,2.7056441873555452,1.2933518081498978,1.7590161935888275,4.753666523617729,2.27234727404114,3.090493729013704,14.963953175766635,10.85859751834378,12.386947861738502,26.290834399089988,19.077952584312335,21.76317922930445,0.6767676767676767,-0.003232323232323253,-0.003232323232323253,0.5101010101010102,-0.004898989898989847,-0.004898989898989847,0.36868686868686873,-0.001313131313131266,-0.001313131313131266,0.38888888888888884,0.09523809523809523,0.15608465608465605,0.3466135458167331,0.40909090909090906,0.09848484848484851,0.17340067340067333,0.35532994923857864,0.38888888888888884,0.09523809523809523,0.15608465608465605,0.3466135458167331,19.0,1.0,1.0,28.0,0.0,0.0,41.0,0.0,0.0,0.00025496026319102197,0.00025844134966890775,0.0003272136939515527,-5.857619511928647e-05,-0.00012331829868550415,0.00012440840417138332,0.03968253968253968,0.7346750172409726,10,-0.6451678276062012
785,1,test,2.101208286019851,0.9963270549057945,1.360512965406171,3.5204454616648384,1.6692848025176033,2.279455933268234,8.176042945031101,5.157177044857286,6.078649576589349,13.698457916674917,8.640533469892471,10.18440411516286,2.101208286019851,0.9963270549057945,1.360512965406171,3.5204454616648384,1.6692848025176033,2.279455933268234,8.176042945031101,5.157177044857286,6.078649576589349,13.698457916674917,8.640533469892471,10.18440411516286,2.101208286019851,0.9963270549057945,1.360512965406171,3.5204454616648384,1.6692848025176033,2.279455933268234,8.176042945031101,5.157177044857286,6.078649576589349,13.698457916674917,8.640533469892471,10.18440411516286,0.6,0.015000000000000013,0.015000000000000013,0.3631578947368421,0.0031578947368421373,0.0031578947368421373,0.2684210526315789,-0.0015789473684211242,-0.0015789473684211242,0.3631578947368421,0.06842105263157894,0.14035087719298245,0.38095238095238093,0.3631578947368421,0.06842105263157894,0.14035087719298245,0.38095238095238093,0.3631578947368421,0.06842105263157894,0.14035087719298245,0.38095238095238093,15.0,1.0,1.0,23.0,1.0,1.0,33.0,1.0,1.0,-0.00027600920551361835,-9.443456684279843e-05,-5.7454497902155665e-05,-0.00018064185339117245,-8.828146741546306e-05,-4.744201512618673e-05,0.9052631578947369,-0.22714364404045764,172,-0.25543785095214844
334,1,test,2.367388453589603,1.1441729540900925,1.5498248681808753,4.457221019516976,2.1542014928730704,2.9179461311267514,10.669491994997882,7.271395231323437,8.404517302893494,20.08807803196153,13.69028205621585,15.823677404758095,2.485046244887667,1.1728340176646281,1.6083143421730905,4.284562491185634,2.0221276166631523,2.772955762367398,12.001675258122194,8.287293571928236,9.598641745746045,20.692543548486544,14.288437192979721,16.549382320251805,2.367388453589603,1.1441729540900925,1.5498248681808753,4.457221019516976,2.1542014928730704,2.9179461311267514,10.669491994997882,7.271395231323437,8.404517302893494,20.08807803196153,13.69028205621585,15.823677404758095,0.5527638190954773,-0.0022361809045226,-0.0022361809045226,0.42211055276381915,-0.0028894472361808976,-0.0028894472361808976,0.321608040201005,-0.0033919597989949812,-0.0033919597989949812,0.38235294117647056,0.12180248246087422,0.17941895584639722,0.3284132841328413,0.39698492462311563,0.13633329555043394,0.19164268756134606,0.33333333333333337,0.38235294117647056,0.12180248246087422,0.17941895584639722,0.3284132841328413,17.0,0.0,0.0,22.0,0.0,0.0,30.0,0.0,0.0,0.00022941583186221893,0.0005092401647307662,9.839338361826513e-05,-0.00019717463232815646,0.00020823100688893703,5.431726479621091e-05,0.04044117647058824,0.4593628638400628,11,-0.028845548629760742
288,1,test,3.12109195080497,1.5044849049700957,2.040813937100034,4.8647187389641715,2.344979265288585,3.1809334550330135,22.671121881851676,17.635147416055574,19.725623555704235,35.336553100763226,27.487185078656452,30.745524983471967,3.061042509050502,1.4670980192953045,1.9961551456009163,4.603071442181205,2.206162435030533,3.0017370610540093,21.34980292708434,16.426673012425915,18.449290665120408,32.104966807645624,24.70176392846002,27.74329423326377,3.12109195080497,1.5044849049700957,2.040813937100034,4.8647187389641715,2.344979265288585,3.1809334550330135,22.671121881851676,17.635147416055574,19.725623555704235,35.336553100763226,27.487185078656452,30.745524983471967,0.6733668341708543,-0.001633165829145744,-0.001633165829145744,0.5326633165829145,-0.0023366834170853723,-0.0023366834170853723,0.4120603015075377,-0.0029396984924623393,-0.0029396984924623393,0.4064748201438849,0.11742634617620085,0.17202505937833468,0.40794223826714804,0.40703517587939697,0.10878956184430921,0.17498175350877931,0.41414141414141414,0.4064748201438849,0.11742634617620085,0.17202505937833468,0.40794223826714804,20.0,0.0,0.0,33.0,0.0,0.0,41.0,-1.0,-1.0,-0.0005505613702964714,-0.000269517405581461,0.00013094741275378107,-0.00023875416349117273,0.00018498985658865763,3.328992298534672e-05,0.9532374100719424,-0.4182163939348838,265,-0.5876703262329102
326,1,test,3.2765312056608376,1.5997724363380168,2.1576432584114955,5.270083324767733,2.5731279548328345,3.4704262047943937,26.48374651220885,21.13555339199753,23.422298694071948,42.5973513178299,33.995137082309284,37.673215369380785,3.40344788889145,1.6429417129806831,2.225040866771786,4.932533172306449,2.381074946348816,3.224696908364907,30.067591245644408,24.25221099071021,26.818397061950883,43.5762191965861,35.14813187059451,38.8672421187694,3.2765312056608376,1.5997724363380168,2.1576432584114955,5.270083324767733,2.5731279548328345,3.4704262047943937,26.48374651220885,21.13555339199753,23.422298694071948,42.5973513178299,33.995137082309284,37.673215369380785,0.6934673366834171,-0.0015326633165829717,-0.0015326633165829717,0.5879396984924623,-0.002060301507537776,-0.002060301507537776,0.4623115577889447,-0.002688442211055242,-0.002688442211055242,0.4135338345864662,0.11147004471779831,0.18603383458646616,0.3886792452830189,0.4120603015075377,0.10629589047996879,0.17833743005511704,0.398989898989899,0.4135338345864662,0.11147004471779831,0.18603383458646616,0.3886792452830189,20.0,0.0,0.0,31.0,1.0,1.0,41.0,0.0,0.0,0.0001186095793938225,0.0002183582088209448,-5.307960255296123e-06,-0.00015559510116602837,0.0002314721571865519,7.534460660885145e-05,0.03759398496240601,0.5354715408911322,10,-0.4182746410369873
225,1,test,3.18040479499898,1.536595073959527,2.082920142935291,4.483849383113316,2.1663471534511367,2.936575939220246,24.05648952804833,18.881642799508008,21.059870531231855,33.91570654774027,26.620020996027687,29.69096501124491,3.138472362355478,1.4960462386551305,2.0431911469068846,4.1569170362324215,1.9815181968942128,2.7062134396117674,23.06859946673115,17.90090769142617,20.078576060782005,30.55443637977636,23.70981151182274,26.59414047785696,3.18040479499898,1.536595073959527,2.082920142935291,4.483849383113316,2.1663471534511367,2.936575939220246,24.05648952804833,18.881642799508008,21.059870531231855,33.91570654774027,26.620020996027687,29.69096501124491,0.7185929648241206,-0.0014070351758793676,-0.0014070351758793676,0.5527638190954773,-0.0022361809045226,-0.0022361809045226,0.44221105527638194,-0.0027889447236180143,-0.0027889447236180143,0.4202334630350194,0.10567035623890286,0.17961250572583443,0.40625,0.4120603015075377,0.09877709348748753,0.16832073556429894,0.38888888888888884,0.4202334630350194,0.10567035623890286,0.17961250572583443,0.40625,17.0,-2.0,-2.0,27.0,-3.0,-3.0,37.0,-3.0,-3.0,3.1974713642188234e-05,5.386249743384876e-06,2.6946633645070753e-06,-9.322580442105988e-05,-0.00015080139628764755,0.00010688561932692409,0.9571984435797666,-0.5148535781994066,246,-0.3910069465637207
707,1,test,3.3284164739122257,1.6098858253398056,2.1819489291974747,5.2261977967569155,2.527803181893203,3.4260426168977896,27.894135620280508,22.31780676534671,24.74707920466242,43.79868663184396,35.04287202629001,38.85725594416292,3.3284164739122257,1.6098858253398056,2.1819489291974747,5.2261977967569155,2.527803181893203,3.4260426168977896,27.894135620280508,22.31780676534671,24.74707920466242,43.79868663184396,35.04287202629001,38.85725594416292,3.3284164739122257,1.6098858253398056,2.1819489291974747,5.2261977967569155,2.527803181893203,3.4260426168977896,27.894135620280508,22.31780676534671,24.74707920466242,43.79868663184396,35.04287202629001,38.85725594416292,0.6910112359550562,0.0660112359550562,0.0660112359550562,0.5168539325842696,0.051853932584269624,0.051853932584269624,0.449438202247191,0.04443820224719097,0.04443820224719097,0.4325842696629213,0.15527334529317338,0.21430068757336906,0.36723163841807904,0.4325842696629213,0.15527334529317338,0.21430068757336906,0.36723163841807904,0.4325842696629213,0.15527334529317338,0.21430068757336906,0.36723163841807904,22.0,1.0,1.0,31.0,0.0,0.0,38.0,1.0,1.0,7.154842107538889e-05,0.0002806685244543482,0.00026931787695682295,-6.263726599531338e-05,-3.0112808140358993e-06,1.9189486478943252e-05,0.06741573033707865,0.47771297648621125,12,-0.6849620342254639
576,1,test,3.2985354774269604,1.6060907399957431,2.1683907443605244,5.232159722815179,2.54759220826911,3.43951635312359,27.072960910706396,21.640214789615122,23.976856334298844,42.94331730663773,34.325857942148126,38.032254875094715,3.4006180039352993,1.6687186737927964,2.2457696677749746,5.165824296054386,2.534923786906614,3.4115127014291597,29.982623702400293,24.33124614933327,26.809081632948942,45.54612302883709,36.96120598257497,40.7252461447087,3.2985354774269604,1.6060907399957431,2.1683907443605244,5.232159722815179,2.54759220826911,3.43951635312359,27.072960910706396,21.640214789615122,23.976856334298844,42.94331730663773,34.325857942148126,38.032254875094715,0.7323232323232323,0.0023232323232322827,0.0023232323232322827,0.595959595959596,0.000959595959596049,0.000959595959596049,0.48484848484848486,-0.00015151515151512474,-0.00015151515151512474,0.4366812227074236,0.10988383708650862,0.1943009614592378,0.42543859649122806,0.4494949494949495,0.12707681347479838,0.2129177682868958,0.4467005076142132,0.4366812227074236,0.10988383708650862,0.1943009614592378,0.42543859649122806,27.0,0.0,0.0,35.0,1.0,1.0,47.0,1.0,1.0,-0.0002988121114836776,-8.30692161879986e-05,0.0001416176402078311,0.00010081200767153575,3.1039502799146135e-06,-2.9945133013242753e-05,0.9432314410480349,-0.23784966775236072,216,-0.3136153221130371
380,1,test,3.311099007386474,1.5993780714107615,2.169495836500623,4.976330087124701,2.403743651184595,3.260587309828422,27.415238471249797,21.876753812868774,24.28345334176303,41.203019222872506,32.87909783571506,36.49618426218187,3.30611340321446,1.5985252794363163,2.1671443154355434,4.689522557751007,2.2674117438812997,3.0739635679936788,27.27889709842051,21.763254723046344,24.15535049599189,38.69347106158938,30.869864855384886,34.26290850495303,3.311099007386474,1.5993780714107615,2.169495836500623,4.976330087124701,2.403743651184595,3.260587309828422,27.415238471249797,21.876753812868774,24.28345334176303,41.203019222872506,32.87909783571506,36.49618426218187,0.7487437185929648,-0.0012562814070351536,-0.0012562814070351536,0.5477386934673367,-0.002261306532663321,-0.002261306532663321,0.4371859296482412,-0.002814070351758735,-0.002814070351758735,0.41796875,0.11387518274853803,0.17900771103896107,0.3921568627450981,0.40703517587939697,0.09625823352350726,0.1649650590179612,0.3737373737373737,0.41796875,0.11387518274853803,0.17900771103896107,0.3921568627450981,20.0,-2.0,-2.0,32.0,-1.0,-1.0,41.0,-1.0,-1.0,3.8471178345183577e-05,-0.00012540827401093634,0.00010530020460047178,-8.629588256159337e-05,-0.00014530477676810705,0.00011039017629776993,0.0390625,0.6682720021603574,10,-0.3413257598876953
998,1,test,2.3533463017022247,1.1107808279301516,1.5230270790723472,4.586776868285865,2.1649613588957095,2.968447682777951,10.520716377401158,7.056226245368276,8.226665441036996,20.505345296081238,13.752899561036255,16.034137738581663,2.589919407385748,1.2323254388953342,1.683299651888965,4.143871051817197,1.9717207022325347,2.693279443022344,13.328697365343288,9.441867158931469,10.852758272524252,21.32591578454926,15.106987454290348,17.3644132360388,2.364398501706262,1.1304468643702261,1.539737174639166,4.576255164592764,2.1879616729746307,2.980136467043546,10.637638371444462,7.202862629565644,8.356530286516135,20.58897749311831,13.941024444320597,16.17392958680542,0.5778894472361809,-0.007110552763819111,-0.007110552763819111,0.457286432160804,-0.0027135678391959628,-0.0027135678391959628,0.31658291457286436,-0.003417085427135591,-0.003417085427135591,0.35737704918032787,0.09060127176625254,0.1479986413286376,0.3092105263157895,0.3668341708542714,0.0961574791249481,0.16149193379250182,0.3282828282828283,0.35785953177257523,0.09241712776589739,0.14873828594387672,0.3120805369127517,16.0,-2.0,-2.0,26.0,-4.0,-4.0,35.0,-5.0,-5.0,0.0010464138183738333,0.00021364325561355142,0.0001570931731444936,-0.01543339737860272,-0.015201678158537568,-0.015638099421261487,0.04262295081967213,0.3780683546462196,13,-0.4931674003601074
803,1,test,3.134238479963304,1.5102285764266037,2.0504604510162343,4.7350592089768195,2.281581881590729,3.0977386383632357,22.971136199234795,17.897742798439626,20.015310521649035,34.7037057633601,27.039063044954492,30.238184175179455,3.280835225307687,1.5794577108531438,2.144518863990678,4.720626223464298,2.272601022810279,3.085638653223997,26.5979787300325,21.116485700730557,23.48270706191001,38.270472992852525,30.38343266292167,33.78806771497844,3.134238479963304,1.5102285764266037,2.0504604510162343,4.7350592089768195,2.281581881590729,3.0977386383632357,22.971136199234795,17.897742798439626,20.015310521649035,34.7037057633601,27.039063044954492,30.238184175179455,0.7085427135678393,-0.0014572864321606982,-0.0014572864321606982,0.5778894472361809,-0.002110552763819218,-0.002110552763819218,0.457286432160804,-0.0027135678391959628,-0.0027135678391959628,0.4285714285714286,0.12197606315253373,0.18985408890397015,0.4014336917562724,0.4371859296482412,0.1414465812773139,0.20179360911401756,0.4191919191919192,0.4285714285714286,0.12197606315253373,0.18985408890397015,0.4014336917562724,23.0,-10.0,-10.0,34.0,-9.0,-9.0,44.0,-10.0,-10.0,0.0004414429079475637,0.0004160596952072951,0.00015298501931036606,-0.0002526140072118821,0.00017724280649034085,2.6280809047207754e-05,0.039285714285714285,-0.75716487753631,11,-0.3813464641571045
420,1,test,2.213279306352802,1.039628838122019,1.427918273575671,3.26337532761508,1.5328833963550936,2.1053977464400404,9.145658687864252,5.911882773417034,6.9524600734631505,13.48483981714291,8.716790658614897,10.251072517077052,2.228644222518903,1.046949638822276,1.4375229908483513,3.2774179742925043,1.539631821797465,2.114004398306399,9.287266073807821,6.027372386157585,7.08139774416677,13.65774422618797,8.863782920819975,10.413820212009956,2.213279306352802,1.039628838122019,1.427918273575671,3.26337532761508,1.5328833963550936,2.1053977464400404,9.145658687864252,5.911882773417034,6.9524600734631505,13.48483981714291,8.716790658614897,10.251072517077052,0.5628140703517588,-0.0021859296482411583,-0.0021859296482411583,0.4170854271356784,-0.0029145728643216184,-0.0029145728643216184,0.27638190954773867,-0.0036180904522613577,-0.0036180904522613577,0.3880597014925373,0.10766267916003114,0.18144813124460346,0.29500000000000004,0.3919597989949749,0.11125804460901001,0.18828701101500833,0.297979797979798,0.3880597014925373,0.10766267916003114,0.18144813124460346,0.29500000000000004,22.0,-4.0,-4.0,33.0,-8.0,-8.0,42.0,-9.0,-9.0,0.0013037928723123341,0.0007125904120481013,0.00044310355788297845,-0.01238123159149307,-0.012071312316747296,-0.01246065383745698,0.06467661691542288,0.29009722239413427,13,-0.6883480548858643
299,1,test,3.450932303531216,1.6667021478878508,2.2597545808174035,5.593668047553867,2.7015825665110262,3.662870170213831,31.52977392989846,25.57478016575621,28.238819171778648,51.10708453996613,41.45454562815385,45.77272650066081,3.4907327530093624,1.660236792155595,2.266831524528844,5.249222184976484,2.496596679933225,3.4087692098178106,32.8099805120585,26.57300132296067,29.40955277583656,49.338316559486465,39.959400485655145,44.22489139223543,3.450932303531216,1.6667021478878508,2.2597545808174035,5.593668047553867,2.7015825665110262,3.662870170213831,31.52977392989846,25.57478016575621,28.238819171778648,51.10708453996613,41.45454562815385,45.77272650066081,0.7839195979899498,-0.0010804020100502187,-0.0010804020100502187,0.5879396984924623,-0.002060301507537776,-0.002060301507537776,0.44723618090452266,-0.0027638190954772934,-0.0027638190954772934,0.38866396761133604,0.05129023023759871,0.1248685436544047,0.4024390243902439,0.38190954773869346,0.05609501139784134,0.1264838382228337,0.4040404040404041,0.38866396761133604,0.05129023023759871,0.1248685436544047,0.4024390243902439,23.0,-6.0,-6.0,34.0,-5.0,-5.0,39.0,-3.0,-3.0,2.3333378596521055e-05,7.856479385778218e-05,9.117290598475919e-05,-2.39265858157367e-05,-9.583520108336074e-05,-0.00011149550017286458,0.044534412955465584,-0.5853561254964715,11,-0.2657918930053711
447,1,test,2.723675641833076,1.3109551668589368,1.7802264897925784,4.573085028262943,2.201109909787845,2.9890222544665512,15.236222343872274,11.129108824824607,12.66739591528658,25.581805416871966,18.68591111328576,21.268714129370057,2.6399935212895396,1.259113739687906,1.7174164151290054,4.223989634063264,2.01458198350065,2.7478662642064093,14.013112820538907,10.034712608954692,11.497347383021285,22.42098051286225,16.055540174327504,18.395755812834057,2.723675641833076,1.3109551668589368,1.7802264897925784,4.573085028262943,2.201109909787845,2.9890222544665512,15.236222343872274,11.129108824824607,12.66739591528658,25.581805416871966,18.68591111328576,21.268714129370057,0.6482412060301508,-0.0017587939698492372,-0.0017587939698492372,0.4522613065326633,-0.0027386934673366836,-0.0027386934673366836,0.3266331658291457,-0.0033668341708542604,-0.0033668341708542604,0.3505535055350554,0.061419067229346314,0.11742467117922717,0.33333333333333337,0.3517587939698492,0.06855077391972386,0.11970537159923156,0.3232323232323232,0.3505535055350554,0.061419067229346314,0.11742467117922717,0.33333333333333337,15.0,0.0,0.0,26.0,0.0,0.0,35.0,0.0,0.0,-0.00022605578034159236,0.0001765415061413766,0.00018903344957240384,-0.00019024471046957814,0.00021210453193631906,5.782182176528039e-05,0.959409594095941,-0.2958513403226387,260,-0.4433155059814453
875,1,test,2.909737930413886,1.3980416209553899,1.8985675929590222,4.700345887591662,2.2583749261587065,3.066916880933805,18.351988438736782,13.81757239171948,15.603172262971336,29.645519785651725,22.32069386354685,25.205124424799852,2.9510721032804312,1.4077957293545225,1.918931295050952,4.404585228776763,2.1011876557530185,2.8640765597775406,19.126448268068103,14.446549991459634,16.319379465269698,28.54693771353448,21.562014912626317,24.35728278398462,2.909737930413886,1.3980416209553899,1.8985675929590222,4.700345887591662,2.2583749261587065,3.066916880933805,18.351988438736782,13.81757239171948,15.603172262971336,29.645519785651725,22.32069386354685,25.205124424799852,0.6834170854271358,-0.0015829145728643024,-0.0015829145728643024,0.542713567839196,-0.0022864321608039306,-0.0022864321608039306,0.4170854271356784,-0.0029145728643216184,-0.0029145728643216184,0.40808823529411764,0.10477941176470584,0.17647058823529416,0.38745387453874536,0.4170854271356784,0.11055276381909551,0.18090452261306533,0.3939393939393939,0.40808823529411764,0.10477941176470584,0.17647058823529416,0.38745387453874536,20.0,0.0,0.0,33.0,0.0,0.0,41.0,0.0,0.0,5.572256764326742e-05,0.00020620027457817037,5.8770289551451976e-05,-0.00019717463232815646,0.00020823100688893703,5.431726479621091e-05,0.03676470588235294,-0.5363238777476861,10,-0.3976569175720215
788,1,test,2.598162432644542,1.228773712642205,1.6811954761343912,3.781483936621264,1.7884132253307339,2.446888465264906,13.439020226780164,9.506074397375475,10.937329093461612,19.559762112244396,13.835573627863315,15.918686898404523,2.598162432644542,1.228773712642205,1.6811954761343912,3.781483936621264,1.7884132253307339,2.446888465264906,13.439020226780164,9.506074397375475,10.937329093461612,19.559762112244396,13.835573627863315,15.918686898404523,2.598162432644542,1.228773712642205,1.6811954761343912,3.781483936621264,1.7884132253307339,2.446888465264906,13.439020226780164,9.506074397375475,10.937329093461612,19.559762112244396,13.835573627863315,15.918686898404523,0.6712328767123288,0.16623287671232878,0.16623287671232878,0.45890410958904104,0.11390410958904107,0.11390410958904107,0.29452054794520544,0.07452054794520546,0.07452054794520546,0.3561643835616438,0.040013180812502935,0.11304511750659796,0.2896551724137931,0.3561643835616438,0.040013180812502935,0.11304511750659796,0.2896551724137931,0.3561643835616438,0.040013180812502935,0.11304511750659796,0.2896551724137931,16.0,2.0,2.0,23.0,3.0,3.0,32.0,3.0,3.0,6.22733894065094e-05,0.00018539565183821528,0.00016893224635279114,-0.00016829067479662285,-9.662560443324253e-06,4.7964647056808474e-05,0.08904109589041095,0.29392333496446843,13,-0.580336332321167
872,1,test,1.4353179057201593,0.6734050059269592,0.9250040051305557,2.5976133837218103,1.2187166683352035,1.6740561614591036,4.200980312197906,2.0586098688905707,2.5351662993119275,7.602861108488602,3.7256363388073916,4.588099878646043,0.8359358171166377,0.3441922555098525,0.5048756712137448,1.4795324196754651,0.609189832760801,0.8935852587853892,2.306971942263644,0.6718071958479603,0.9145284027000877,4.083136180997601,1.1890392846866558,1.6186343410621027,1.304270192528491,0.5868150602591631,0.823432123499253,2.3714003500518017,1.0669364731984783,1.4971493154531874,3.6849987724795032,1.6357871756418816,2.0675694206898463,6.69999776814455,2.974158501167057,3.7592171285269926,0.19095477386934678,-0.004045226130653168,-0.004045226130653168,0.14572864321608037,-0.004271356783919655,-0.004271356783919655,0.11557788944723613,-0.004422110552763869,-0.004422110552763869,0.3012048192771084,0.10721985687109337,0.1609242581548639,0.30513595166163143,0.19095477386934678,0.07566655331796834,0.09579617620657555,0.12121212121212122,0.27090301003344486,0.09561085644412937,0.14187075196892873,0.2684563758389261,17.0,-8.0,-8.0,21.0,-8.0,-8.0,24.0,-8.0,-8.0,-0.00033116726202943574,-0.00016884900553319667,-0.0006307396879837451,-0.10772828202673868,-0.10624405946028403,-0.09761812435835004,0.06325301204819277,0.24553513430481444,21,-0.987963080406189
402,1,test,2.148727435704035,1.009773045045022,1.3866631342053393,3.514893644824502,1.651789240351425,2.2683069787926846,8.573940561193243,5.45043986556621,6.43124573479153,14.025273140223517,8.915842989969418,10.520247652591085,2.2919992651498355,1.0549366036522576,1.4639136688799237,3.420894425596769,1.5745322442571006,2.1849457744476473,9.894700048459432,6.449221997318633,7.605767446386657,14.768209027551391,9.625704473609899,11.35189171102486,2.148727435704035,1.009773045045022,1.3866631342053393,3.514893644824502,1.651789240351425,2.2683069787926846,8.573940561193243,5.45043986556621,6.43124573479153,14.025273140223517,8.915842989969418,10.520247652591085,0.5577889447236181,-0.00221105527638199,-0.00221105527638199,0.39698492462311563,-0.0030150753768843908,-0.0030150753768843908,0.3266331658291457,-0.0033668341708542604,-0.0033668341708542604,0.375,0.099007561436673,0.16089420654911835,0.3231939163498099,0.38190954773869346,0.11373912167353051,0.17322841251331778,0.3232323232323232,0.375,0.099007561436673,0.16089420654911835,0.3231939163498099,21.0,-5.0,-5.0,29.0,-6.0,-6.0,38.0,-6.0,-6.0,0.0005806019004571924,-0.00011399147997482909,2.187714880473526e-05,-0.023381700081993806,-0.020072297907168135,-0.019737989900620256,0.05303030303030303,0.4757781834256214,14,-0.704939603805542
536,1,test,2.935732993941256,1.4078448578448688,1.9156127654727997,5.0517483337300835,2.422590177460326,3.2963466418850125,18.8353042403934,14.226870087807885,16.06177603942599,32.41140015392371,24.48130242382526,27.638770457453816,2.873904169956646,1.3558804135499716,1.859062240938962,4.561752650724835,2.1521911326190026,2.9508924459348607,17.706010708021704,13.142812421006099,14.947083451456702,28.104778901621753,20.861607017469996,23.72552928802651,2.935732993941256,1.4078448578448688,1.9156127654727997,5.0517483337300835,2.422590177460326,3.2963466418850125,18.8353042403934,14.226870087807885,16.06177603942599,32.41140015392371,24.48130242382526,27.638770457453816,0.6834170854271358,-0.0015829145728643024,-0.0015829145728643024,0.507537688442211,-0.0024623115577889765,-0.0024623115577889765,0.3668341708542714,-0.0031658291457286047,-0.0031658291457286047,0.3939393939393939,0.09526264535716333,0.16472025036256777,0.37262357414448666,0.3919597989949749,0.07867659097492474,0.15823692754255425,0.3535353535353535,0.3939393939393939,0.09526264535716333,0.16472025036256777,0.37262357414448666,22.0,0.0,0.0,30.0,0.0,0.0,38.0,0.0,0.0,0.0001754654500569408,-0.0001780653768315756,7.309492786917374e-05,-0.000141735257445319,-0.00018927773293242467,8.23537205478786e-05,0.9583333333333334,0.5401641962691626,253,-0.5875811576843262
761,1,test,2.7156678556274825,1.3175022407705832,1.7813609692558487,4.807737907370136,2.3324669299568104,3.1536686789047987,15.114701140046092,11.066933153132084,12.569252578961384,26.758619055340862,19.59257054517458,22.2522323434946,2.82553781727949,1.3512425821819494,1.8417114454112278,4.871616926343949,2.3297285899688784,3.175364561053841,16.870015532580762,12.502059226973454,14.195344560026982,29.086233676863387,21.55527452926458,24.474732000046522,2.7156678556274825,1.3175022407705832,1.7813609692558487,4.807737907370136,2.3324669299568104,3.1536686789047987,15.114701140046092,11.066933153132084,12.569252578961384,26.758619055340862,19.59257054517458,22.2522323434946,0.6432160804020101,-0.001783919597989958,-0.001783919597989958,0.4723618090452262,-0.0026381909547738003,-0.0026381909547738003,0.36180904522613067,-0.0031909547738693256,-0.0031909547738693256,0.365546218487395,0.07414160632806588,0.13230599502370788,0.3459915611814346,0.371859296482412,0.0861450107681263,0.15149201768441534,0.35858585858585856,0.365546218487395,0.07414160632806588,0.13230599502370788,0.3459915611814346,20.0,-4.0,-4.0,29.0,-3.0,-3.0,36.0,-2.0,-2.0,6.934382483710127e-05,0.0001610091797944034,6.619714596547655e-05,-0.005626606385686905,-0.006066946871499113,-0.0056493583295518235,0.058823529411764705,0.21591255778063131,14,-0.3414454460144043
312,1,test,3.201890393585499,1.5397755686602894,2.0927170125469248,5.203071889576435,2.50213529907297,3.4006651453887518,24.57895019704125,19.3085050615428,21.547099024388878,39.940794070192034,31.376320725007048,35.01403591463193,2.9999821959744937,1.4104482222945713,1.9397630275643514,4.687472181210146,2.2038253473352674,3.030879730569299,20.085179322959352,15.183715138283695,17.198175663022415,31.383092692123988,23.724554903568272,26.872149473472525,3.201890393585499,1.5397755686602894,2.0927170125469248,5.203071889576435,2.50213529907297,3.4006651453887518,24.57895019704125,19.3085050615428,21.547099024388878,39.940794070192034,31.376320725007048,35.01403591463193,0.6934673366834171,-0.0015326633165829717,-0.0015326633165829717,0.5829145728643217,-0.002085427135678275,-0.002085427135678275,0.42713567839195976,-0.002864321608040288,-0.002864321608040288,0.4375,0.11272935779816518,0.19911369193154038,0.4280442804428044,0.42713567839195976,0.11134620470774925,0.1934128069395391,0.3939393939393939,0.4375,0.11272935779816518,0.19911369193154038,0.4280442804428044,18.0,-2.0,-2.0,27.0,0.0,0.0,35.0,-1.0,-1.0,-0.00017898801104240892,4.095043184913049e-05,0.00025736925543900954,-0.00019717463232815646,0.00020823100688893703,5.431726479621091e-05,0.9558823529411765,-0.6429405131448721,260,-0.49085092544555664
204,1,test,2.0779378163490434,0.9371469856202677,1.313977603991686,3.497374212024094,1.5773107715721404,2.2115538546057243,7.987979237581234,4.858737149871157,5.841218199421828,13.444556604097992,8.177733653656382,9.83134612437899,2.480573829978028,1.1485621543215283,1.5812327959944883,4.0665144753738165,1.8828887775762757,2.592184911466374,11.948118639738544,8.159461363461219,9.49013578953874,19.5870797372763,13.376166169608556,15.55759965498154,2.0779378163490434,0.9371469856202677,1.313977603991686,3.497374212024094,1.5773107715721404,2.2115538546057243,7.987979237581234,4.858737149871157,5.841218199421828,13.444556604097992,8.177733653656382,9.83134612437899,0.6633165829145728,-0.0016834170854271857,-0.0016834170854271857,0.4623115577889447,-0.002688442211055242,-0.002688442211055242,0.3316582914572864,-0.0033417085427135396,-0.0033417085427135396,0.3697478991596639,0.09721121152863665,0.16723393267921693,0.2784810126582279,0.39698492462311563,0.09122051359554673,0.16159260408889198,0.33333333333333337,0.3697478991596639,0.09721121152863665,0.16723393267921693,0.2784810126582279,22.0,-7.0,-7.0,34.0,-14.0,-14.0,45.0,-14.0,-14.0,0.0006245480721868616,0.0004997738216249754,0.0003878507755660519,-0.0256665237489333,-0.028052930360220607,-0.030078721215391013,0.04201680672268908,0.23712020273370898,10,-0.8201217651367188
217,1,test,2.8516553536373017,1.3672585047958543,1.8608936679821726,4.843907723986649,2.3224665012970673,3.1609700661614983,17.316422932145677,12.904119607969172,14.623137804225916,29.41419785734334,21.919326457372286,24.839302571561824,2.94092141470188,1.3971497382692333,1.9097379462127582,4.595189710471687,2.183046466045677,2.983965540957435,18.933283683437036,14.251066867339075,16.12890091322945,29.58325575537037,22.267291980217305,25.201407676921015,2.8516553536373017,1.3672585047958543,1.8608936679821726,4.843907723986649,2.3224665012970673,3.1609700661614983,17.316422932145677,12.904119607969172,14.623137804225916,29.41419785734334,21.919326457372286,24.839302571561824,0.7035175879396984,-0.001482412060301641,-0.001482412060301641,0.5577889447236181,-0.00221105527638199,-0.00221105527638199,0.38190954773869346,-0.0030904522613065533,-0.0030904522613065533,0.3927125506072875,0.06948022737496429,0.15448913203393622,0.3292682926829268,0.3919597989949749,0.06865152831828314,0.15322858029714514,0.31818181818181823,0.3927125506072875,0.06948022737496429,0.15448913203393622,0.3292682926829268,18.0,1.0,1.0,29.0,0.0,0.0,35.0,0.0,0.0,0.0004814387250404918,0.0001221841059888494,0.00013035588085715728,-2.39265858157367e-05,-9.583520108336074e-05,-0.00011149550017286458,0.9352226720647774,-0.3027730144270778,231,-0.4077777862548828
48,1,test,2.4169985358073793,1.1414953351996098,1.5491095194573625,3.7500098494950853,1.7710473079460611,2.403466890794453,11.212155875967769,7.631653207982578,8.830278437631486,17.39582972271363,11.84062558329418,13.70031078808279,2.366824917986661,1.1161771023370741,1.5269479779780604,3.5591352150175353,1.6784618080256752,2.2961623728993388,10.663481050243163,7.170876261445285,8.347399108023776,16.03530984998972,10.783272573601934,12.55247986168989,2.4169985358073793,1.1414953351996098,1.5491095194573625,3.7500098494950853,1.7710473079460611,2.403466890794453,11.212155875967769,7.631653207982578,8.830278437631486,17.39582972271363,11.84062558329418,13.70031078808279,0.6030150753768844,-0.0019849246231156137,-0.0019849246231156137,0.42713567839195976,-0.002864321608040288,-0.002864321608040288,0.3015075376884422,-0.0034924623115578646,-0.0034924623115578646,0.388235294117647,0.09019607843137245,0.16209150326797384,0.3858267716535433,0.37688442211055273,0.09045226130653261,0.15745393634840865,0.3737373737373737,0.388235294117647,0.09019607843137245,0.16209150326797384,0.3858267716535433,15.0,-5.0,-5.0,24.0,-1.0,-1.0,30.0,-2.0,-2.0,6.80071512875433e-05,-8.72530925709067e-05,-4.985543318188212e-05,-0.005754000588783725,-0.005384301325679353,-0.005470372581422467,0.058823529411764705,-0.23627996014649943,15,-0.5180389881134033
695,1,test,2.8245392166228767,1.3829819160593995,1.8629602996293904,4.459798763088753,2.1836556569358945,2.941516262572722,16.853177532611006,12.62590370299841,14.237354150078069,26.61028031464896,19.935637425786968,22.48003286854432,2.717307651571224,1.2827084004405962,1.7609870514908827,3.996040664075329,1.8863358830008767,2.5896868404277686,15.139506497970736,10.941544154986119,12.537401843452097,22.26398014407461,16.0905061102737,18.437355652135434,2.8245392166228767,1.3829819160593995,1.8629602996293904,4.459798763088753,2.1836556569358945,2.941516262572722,16.853177532611006,12.62590370299841,14.237354150078069,26.61028031464896,19.935637425786968,22.48003286854432,0.6030150753768844,-0.0019849246231156137,-0.0019849246231156137,0.507537688442211,-0.0024623115577889765,-0.0024623115577889765,0.3668341708542714,-0.0031658291457286047,-0.0031658291457286047,0.4013377926421404,0.1025064069994025,0.18220542334291912,0.38926174496644295,0.3919597989949749,0.09371418495988715,0.17660086744238723,0.36363636363636365,0.4013377926421404,0.1025064069994025,0.18220542334291912,0.38926174496644295,19.0,1.0,1.0,33.0,0.0,0.0,38.0,1.0,1.0,-0.000344030482887344,-5.247492034876954e-07,-1.8800866542760188e-05,0.0005070350734097673,0.00010364583054389698,-4.030577335889518e-05,0.06354515050167224,0.16745521053109677,19,-0.6931912899017334
496,1,test,2.5488882413130356,1.2044424372637017,1.6520785702605894,4.464949057196628,2.1098508901033117,2.8939859092840665,12.79287328568287,8.95681326321333,10.341104613666909,22.409584928023786,15.68986599211163,18.11476256463031,2.4584230159141485,1.1523256350341187,1.586806774434321,4.351191178609112,2.0395143982904753,2.80850756537048,11.686367785030715,7.994629670570126,9.2955959879082,20.683836787664983,14.149787027557746,16.45238227948354,2.5488882413130356,1.2044424372637017,1.6520785702605894,4.464949057196628,2.1098508901033117,2.8939859092840665,12.79287328568287,8.95681326321333,10.341104613666909,22.409584928023786,15.68986599211163,18.11476256463031,0.542713567839196,-0.0022864321608039306,-0.0022864321608039306,0.4120603015075377,-0.0029396984924623393,-0.0029396984924623393,0.31658291457286436,-0.003417085427135591,-0.003417085427135591,0.4031620553359684,0.13636363636363635,0.2002635046113307,0.3412698412698413,0.38190954773869346,0.12562814070351758,0.18592964824120606,0.297979797979798,0.4031620553359684,0.13636363636363635,0.2002635046113307,0.3412698412698413,23.0,-10.0,-10.0,34.0,-14.0,-14.0,41.0,-12.0,-12.0,7.285019216326107e-06,-1.6792467140497005e-05,0.000178789437856162,-0.013283443889026358,-0.01505192683230483,-0.015830467322054176,0.043478260869565216,0.45204661852937383,11,-0.3869292736053467
14,1,test,2.2954369030214137,1.0961016401576433,1.4907566135754076,3.688001957521071,1.761069968519947,2.395148959144488,9.928772975712167,6.6108623246142,7.69279145806933,15.952228580977549,10.621452134880148,12.359751609298057,2.3935826966480818,1.1316648189052259,1.544243272902413,3.7109809250357855,1.7545190990778694,2.3941756169029658,10.9526638061815,7.420474503564673,8.614561959056488,16.98087411811085,11.504611633433601,13.355910014041065,2.2954369030214137,1.0961016401576433,1.4907566135754076,3.688001957521071,1.761069968519947,2.395148959144488,9.928772975712167,6.6108623246142,7.69279145806933,15.952228580977549,10.621452134880148,12.359751609298057,0.6030150753768844,-0.0019849246231156137,-0.0019849246231156137,0.42211055276381915,-0.0028894472361808976,-0.0028894472361808976,0.3065326633165829,-0.0034673366834171437,-0.0034673366834171437,0.37916666666666665,0.10473839223839221,0.16171514312096025,0.31799163179916323,0.3869346733668342,0.11625798163751089,0.16322849640523152,0.31818181818181823,0.37916666666666665,0.10473839223839221,0.16171514312096025,0.31799163179916323,20.0,-7.0,-7.0,29.0,-7.0,-7.0,38.0,-12.0,-12.0,0.0003838929711806322,0.00017373200765244103,0.00019993534949281047,2.4582867206746073e-05,-5.7358864443912694e-05,-7.978146849918488e-05,0.06666666666666667,0.3459148023073355,16,-0.2879664897918701
833,1,test,3.3085591264435243,1.631210366535372,2.154793640820494,5.2460036599464885,2.5864236442362656,3.416609736796459,27.345695382478365,21.994345947671192,24.175587924840816,43.358940426272,34.87391789901018,38.33246373668453,3.1438928893018496,1.5268068580935767,2.0638792649392252,4.459422538016808,2.1656834866575556,2.9274883190627308,23.193982947019908,18.15559574532741,20.249263276299065,32.8992665915176,25.752618078478594,28.7223592571618,3.3256307601100175,1.6359035733027334,2.1978684342748886,5.013513708708569,2.4661862914111556,3.3133694989068676,27.816538673306177,22.39853627234939,24.7278014992693,41.93448041201936,33.76663759650662,37.27809271246628,0.6834170854271358,-0.0015829145728643024,-0.0015829145728643024,0.5175879396984925,-0.002412060301507535,-0.002412060301507535,0.4120603015075377,-0.0029396984924623393,-0.0029396984924623393,0.40740740740740744,0.09161793372319693,0.1571630281307701,0.39142857142857146,0.40703517587939697,0.10628329618014887,0.17498175350877931,0.36868686868686873,0.4147157190635451,0.10586763892998918,0.17333640871871747,0.3993288590604027,19.0,0.0,0.0,28.0,0.0,0.0,37.0,0.0,0.0,0.00024211153941531253,4.73851987039587e-05,-6.279153385618505e-05,0.0003016908924857731,-9.777747204431364e-05,0.00014069282802076089,0.9629629629629629,-0.5831268195271403,338,-0.43874669075012207
616,1,test,1.9070480950193431,0.8981868823804942,1.2339809905736754,2.927097076076201,1.378612424118898,1.8940173343688973,6.733183715482959,3.9907075765782913,4.772943343586358,10.334654074927332,6.125272094282959,7.325913038993016,1.7066658405965582,0.8086982487079418,1.1074477629677086,2.479025564078212,1.174678478050222,1.6086285024129487,5.510557736274701,3.055948465951345,3.689863134458185,8.004386784807778,4.4389324432431945,5.359728202607145,1.9070480950193431,0.8981868823804942,1.2339809905736754,2.927097076076201,1.378612424118898,1.8940173343688973,6.733183715482959,3.9907075765782913,4.772943343586358,10.334654074927332,6.125272094282959,7.325913038993016,0.4191919191919192,-0.005808080808080818,-0.005808080808080818,0.31818181818181823,-0.006818181818181723,-0.006818181818181723,0.2272727272727273,-0.0027272727272726893,-0.0027272727272726893,0.3650190114068441,0.11264709489830527,0.1753856359327607,0.36641221374045807,0.35858585858585856,0.1344044983843472,0.18241136194156327,0.31979695431472077,0.3650190114068441,0.11264709489830527,0.1753856359327607,0.36641221374045807,12.0,0.0,0.0,17.0,1.0,1.0,23.0,1.0,1.0,-0.0005165559755865532,-0.0001667844864200021,8.49340857114153e-05,-0.03906001058327746,-0.03887237292316925,-0.040417936607972216,0.9581749049429658,-0.4983630645304602,252,-1.6375149488449097
659,1,test,2.8086356650055966,1.339886164590211,1.8255692306182685,5.15253305450667,2.458064546550387,3.3490658547313563,16.587272178012384,12.243472354547443,13.914633016057518,30.42988780858387,22.461046405824447,25.526844741688254,2.7948692473967562,1.3010522551322496,1.7959732465048557,4.737066521011451,2.2051733137834737,3.044022451703145,16.360489436715472,11.906425194297936,13.645206933040031,27.729643113077074,20.180381685250744,23.127469378033954,2.8086356650055966,1.339886164590211,1.8255692306182685,5.15253305450667,2.458064546550387,3.3490658547313563,16.587272178012384,12.243472354547443,13.914633016057518,30.42988780858387,22.461046405824447,25.526844741688254,0.6482412060301508,-0.0017587939698492372,-0.0017587939698492372,0.5025125628140703,-0.0024874371859296973,-0.0024874371859296973,0.39698492462311563,-0.0030150753768843908,-0.0030150753768843908,0.405511811023622,0.1141732283464566,0.17322834645669283,0.3754940711462451,0.4120603015075377,0.1306532663316583,0.18592964824120606,0.36868686868686873,0.405511811023622,0.1141732283464566,0.17322834645669283,0.3754940711462451,17.0,-5.0,-5.0,28.0,-6.0,-6.0,36.0,-5.0,-5.0,-4.447865145332417e-05,9.658286465555251e-05,0.000168251131869297,-7.243603883999583e-05,-0.00013431153772813786,0.00011739929023413254,0.9566929133858267,-0.3718006309202348,243,-0.40440893173217773
379,1,test,2.9154019519351784,1.4074398930343373,1.9086640613095864,4.316097861803477,2.0836400651067004,2.8256758449555335,18.456229429138144,13.93871445171885,15.719570272341478,27.32346814928273,20.635526981594946,23.271989509332357,2.842900819438375,1.3408003955261412,1.8385997710765385,3.948473360331077,1.862222771564085,2.5536107931618592,17.1654873646742,12.674374954405813,14.435488895753407,23.84095467315861,17.60329854778585,20.04929013299084,2.9154019519351784,1.4074398930343373,1.9086640613095864,4.316097861803477,2.0836400651067004,2.8256758449555335,18.456229429138144,13.93871445171885,15.719570272341478,27.32346814928273,20.635526981594946,23.271989509332357,0.6884422110552764,-0.0015577889447235815,-0.0015577889447235815,0.5276381909547738,-0.002361809045226204,-0.002361809045226204,0.4170854271356784,-0.0029145728643216184,-0.0029145728643216184,0.43939393939393945,0.12689393939393945,0.2007575757575758,0.4144486692015209,0.42713567839195976,0.11557788944723613,0.19095477386934667,0.38888888888888884,0.43939393939393945,0.12689393939393945,0.2007575757575758,0.4144486692015209,19.0,-5.0,-5.0,34.0,-11.0,-11.0,41.0,-10.0,-10.0,-0.0003963184518138897,-6.731446743129866e-05,0.00014714422185362863,-0.000141735257445319,-0.00018927773293242467,8.23537205478786e-05,0.9583333333333334,0.675082589742722,253,-0.6261448860168457
176,1,test,2.4671654622567982,1.1959419786464922,1.6185030957825626,4.301724395729802,2.085232167896448,2.822005397774724,11.788983129325988,8.223771255992734,9.452463775278249,20.555150071645315,14.338883215577077,16.481218890228742,2.513058353343425,1.1855449987831401,1.6274746696013147,4.332859229902458,2.0440431013502423,2.8059908096574393,12.342620490449603,8.570967536999058,9.91822142954775,21.280380155947594,14.777530236205273,17.100381775082326,2.4671654622567982,1.1959419786464922,1.6185030957825626,4.301724395729802,2.085232167896448,2.822005397774724,11.788983129325988,8.223771255992734,9.452463775278249,20.555150071645315,14.338883215577077,16.481218890228742,0.6180904522613065,-0.0019095477386934512,-0.0019095477386934512,0.44221105527638194,-0.0027889447236180143,-0.0027889447236180143,0.3065326633165829,-0.0034673366834171437,-0.0034673366834171437,0.3842364532019704,0.09922416818968538,0.17147049575516193,0.24257425742574257,0.38190954773869346,0.0987015276885681,0.16655061618610578,0.24747474747474751,0.3842364532019704,0.09922416818968538,0.17147049575516193,0.24257425742574257,19.0,-6.0,-6.0,29.0,-10.0,-10.0,35.0,-8.0,-8.0,0.0008594935476978456,0.0004663504485723248,0.0002633340507120929,0.0002809899760443102,0.0001460160578075076,8.784984177356847e-05,0.054187192118226604,0.9543567654018229,11,-0.5078644752502441
539,1,test,2.9908371579476936,1.465083922375746,1.969675492921467,5.518576949503486,2.703316140641699,3.634368974035739,19.902336918928302,15.303730820140528,17.125918759705513,36.72302166976448,28.23785170683994,31.60008235661791,3.0115393422020134,1.4582836625143416,1.9682017763102344,5.061410659163048,2.45089691178881,3.307902145059218,20.318653224704967,15.59181900772521,17.479977736786584,34.14899701631087,26.2047378281096,29.3781138433388,2.9908371579476936,1.465083922375746,1.969675492921467,5.518576949503486,2.703316140641699,3.634368974035739,19.902336918928302,15.303730820140528,17.125918759705513,36.72302166976448,28.23785170683994,31.60008235661791,0.6683417085427136,-0.0016582914572863539,-0.0016582914572863539,0.4974874371859297,-0.002512562814070307,-0.002512562814070307,0.40703517587939697,-0.00296482412060306,-0.00296482412060306,0.4,0.1145359019264448,0.16896149358226376,0.39084507042253525,0.40201005025125625,0.11880203020113089,0.17830387328965358,0.3939393939393939,0.4,0.1145359019264448,0.16896149358226376,0.39084507042253525,18.0,0.0,0.0,28.0,0.0,0.0,37.0,0.0,0.0,-0.00010847460199159942,-0.00016388809545074288,0.0002003822843983142,-0.0002872636165145437,0.00015787518124010802,8.758024202748516e-06,0.9578947368421052,0.4676842650257272,273,-0.17937397956848145
173,1,test,2.772685513443847,1.3098663247132432,1.7930758177302386,4.106572057749266,1.940018232277993,2.655690670584246,16.00154873421577,11.683432765695681,13.338132238056666,23.699591098243896,17.304111231354682,19.754855314743384,2.670808051997428,1.2693923835271144,1.7301609763013746,3.7617014816865186,1.7878765965170624,2.4368464454948935,14.4516421542967,10.390697303251883,11.890003698152647,20.35442556943197,14.634784934157583,16.746484081905137,2.772685513443847,1.3098663247132432,1.7930758177302386,4.106572057749266,1.940018232277993,2.655690670584246,16.00154873421577,11.683432765695681,13.338132238056666,23.699591098243896,17.304111231354682,19.754855314743384,0.6381909547738693,-0.0018090452261306789,-0.0018090452261306789,0.4824120603015075,-0.0025879396984924696,-0.0025879396984924696,0.3467336683417085,-0.003266331658291488,-0.003266331658291488,0.4065934065934066,0.11043252907969547,0.1715142348516283,0.3933823529411765,0.4120603015075377,0.11882721880077074,0.18668467546413203,0.3737373737373737,0.4065934065934066,0.11043252907969547,0.1715142348516283,0.3933823529411765,23.0,0.0,0.0,32.0,0.0,0.0,38.0,1.0,1.0,2.1028618153575117e-05,-5.475435160000649e-06,6.171187108317779e-05,-0.00020410455418851114,0.00020435748183800229,5.0812707827141423e-05,0.9597069597069597,-0.47077985076635126,262,-0.5402593612670898
666,1,test,2.986526846197111,1.4358272897256434,1.9503579714705734,4.446233787877722,2.1376080436926714,2.9036228226949548,19.81673625754058,15.101968982376718,16.99833759154071,29.502444428360977,22.483268428819272,25.306513830102745,3.0179952207049494,1.4466540872422262,1.9668367161741502,4.134240028362944,1.9817179277290768,2.6942968714714386,20.45025231807661,15.637153442919765,17.589288679831395,28.014044271337823,21.420758140985978,24.094915999769036,2.986526846197111,1.4358272897256434,1.9503579714705734,4.446233787877722,2.1376080436926714,2.9036228226949548,19.81673625754058,15.101968982376718,16.99833759154071,29.502444428360977,22.483268428819272,25.306513830102745,0.7336683417085428,-0.001331658291457205,-0.001331658291457205,0.5628140703517588,-0.0021859296482411583,-0.0021859296482411583,0.4120603015075377,-0.0029396984924623393,-0.0029396984924623393,0.40909090909090906,0.09022298456260713,0.15909090909090906,0.40684410646387836,0.4120603015075377,0.08956030150753769,0.16081238137442622,0.40909090909090906,0.40909090909090906,0.09022298456260713,0.15909090909090906,0.40684410646387836,23.0,-7.0,-7.0,32.0,-8.0,-8.0,42.0,-8.0,-8.0,2.059764657976299e-05,9.932174601326399e-06,-2.3014599386923118e-05,-0.000141735257445319,-0.00018927773293242467,8.23537205478786e-05,0.03787878787878788,0.14524335777892539,10,-0.6320798397064209
556,1,test,1.8918360874041413,0.8809107251844299,1.2169256230148209,3.4101249218813505,1.5878836638674756,2.1935665688738495,6.631533584997626,3.8833907186457957,4.667676452047453,11.953656079963874,6.999997282654524,8.413709782989997,1.937486291755329,0.888800894281661,1.2349542590998812,3.176207035664474,1.4570506463633786,2.024515178852264,6.94128066777112,4.087383756901344,4.922422611958584,11.379148635690362,6.7006291096743364,8.069545265505877,1.8918360874041413,0.8809107251844299,1.2169256230148209,3.4101249218813505,1.5878836638674756,2.1935665688738495,6.631533584997626,3.8833907186457957,4.667676452047453,11.953656079963874,6.999997282654524,8.413709782989997,0.4120603015075377,-0.0029396984924623393,-0.0029396984924623393,0.3065326633165829,-0.0034673366834171437,-0.0034673366834171437,0.24120603015075381,-0.0037939698492461815,-0.0037939698492461815,0.3191489361702128,0.08021088307286761,0.1281112003211562,0.29181494661921703,0.3065326633165829,0.09099381619878844,0.12456271340005531,0.2777777777777778,0.3191489361702128,0.08021088307286761,0.1281112003211562,0.29181494661921703,14.0,0.0,0.0,18.0,0.0,0.0,25.0,0.0,0.0,-0.0006205084805026367,0.0003337060859109783,0.000227329849787211,-0.05169427567216722,-0.055422654320784304,-0.05872001110016445,0.03546099290780142,-0.6917599019467842,10,-0.6318377256393433
546,1,test,2.4599825405232583,1.171168448241454,1.5994799118734275,4.405458928780214,2.0973866327984205,2.8644280774726743,11.704607181880004,8.076126222217795,9.340258397346167,20.961191946634777,14.463128005801801,16.72699869851536,2.6053124794493145,1.2340108233884821,1.688626380398454,4.453525605896265,2.1094202109204825,2.8865408211939387,13.535454193265082,9.594977689414302,11.034465579903559,23.137528535495868,16.40167126395607,18.86233432462147,2.4599825405232583,1.171168448241454,1.5994799118734275,4.405458928780214,2.0973866327984205,2.8644280774726743,11.704607181880004,8.076126222217795,9.340258397346167,20.961191946634777,14.463128005801801,16.72699869851536,0.6231155778894473,-0.0018844221105527303,-0.0018844221105527303,0.4623115577889447,-0.002688442211055242,-0.002688442211055242,0.3316582914572864,-0.0033417085427135396,-0.0033417085427135396,0.3772893772893773,0.10489449611935897,0.15317244671690466,0.3308823529411765,0.38190954773869346,0.11624538733769096,0.1598728198588938,0.33838383838383834,0.3772893772893773,0.10489449611935897,0.15317244671690466,0.3308823529411765,16.0,0.0,0.0,23.0,1.0,1.0,30.0,0.0,0.0,0.0005466020477754122,0.00040688359835060623,0.00010741699596771706,-0.00020410455418851114,0.00020435748183800229,5.0812707827141423e-05,0.9560439560439561,-0.22468026425774837,261,-0.720937967300415
983,1,test,2.1512310637344885,1.0360593733613797,1.4059169998855956,4.534609364562627,2.18392371507111,2.9635516616293494,8.595433412940025,5.545341607309314,6.488330316958299,18.118431582672137,11.689101373680781,13.676840164523608,2.3424019369077684,1.0865557545923303,1.5029262971180872,4.461717975062416,2.069630008747296,2.862716756415404,10.406201608209644,6.895393706865848,8.09104892371257,19.821336396589796,13.134083251173044,15.411521759452516,2.1512310637344885,1.0360593733613797,1.4059169998855956,4.534609364562627,2.18392371507111,2.9635516616293494,8.595433412940025,5.545341607309314,6.488330316958299,18.118431582672137,11.689101373680781,13.676840164523608,0.5477386934673367,-0.002261306532663321,-0.002261306532663321,0.42713567839195976,-0.002864321608040288,-0.002864321608040288,0.3065326633165829,-0.0034673366834171437,-0.0034673366834171437,0.36986301369863017,0.11174335557897208,0.17054638499703567,0.3127147766323024,0.3668341708542714,0.0961574791249481,0.16316138287430482,0.3232323232323232,0.36986301369863017,0.11174335557897208,0.17054638499703567,0.3127147766323024,16.0,-5.0,-5.0,26.0,-4.0,-4.0,33.0,-4.0,-4.0,0.0005493177804238551,0.00029135082460696713,0.00015401030516646366,-0.01143578466655537,-0.011324707239479537,-0.009964540995525795,0.04794520547945205,-0.3173657112001471,14,-0.6404047012329102
691,1,test,3.053746538433247,1.4831421514793586,2.003133805548381,4.995201291344451,2.4260669630159044,3.276649337552649,21.194602250491336,16.385048103184165,18.33519961906454,34.66931626404874,26.802032327725087,29.992015270920138,2.9774255800938723,1.4477483024273687,1.9534638096670998,4.921364595196483,2.392972400706394,3.2288658011026437,19.637197123592717,15.02051044962852,16.85299380634328,32.45817706378961,24.827289999385982,27.856188109658316,3.053746538433247,1.4831421514793586,2.003133805548381,4.995201291344451,2.4260669630159044,3.276649337552649,21.194602250491336,16.385048103184165,18.33519961906454,34.66931626404874,26.802032327725087,29.992015270920138,0.6884422110552764,-0.0015577889447235815,-0.0015577889447235815,0.5276381909547738,-0.002361809045226204,-0.002361809045226204,0.4120603015075377,-0.0029396984924623393,-0.0029396984924623393,0.41463414634146345,0.12051649928263997,0.17949901120632827,0.3877551020408163,0.4120603015075377,0.11130842180828959,0.17833743005511704,0.36868686868686873,0.41463414634146345,0.12051649928263997,0.17949901120632827,0.3877551020408163,18.0,0.0,0.0,27.0,0.0,0.0,35.0,0.0,0.0,-0.00020918756851841355,9.749516907420569e-05,-0.00013570794361731912,-1.699666395538202e-05,-9.033858156382024e-05,-0.00010696492421935488,0.04065040650406504,0.9866662805426978,10,-0.4556407928466797
159,1,test,2.807358203146217,1.3622554605012474,1.8396064183529601,4.486400190673859,2.1770015493177826,2.939849491530568,16.566096099150148,12.323808114831618,13.934075644929619,26.474048311560523,19.694506748104118,22.267852944528673,2.876833367780677,1.3630279823927212,1.8630543020362547,3.914059003783234,1.854459839990097,2.5347677578724555,17.757951150837673,13.21396158399008,15.001954698929053,24.160477756241733,17.978179025836845,20.410822719631366,2.7003176387044494,1.2914635331556528,1.7564784684209056,4.197384930628678,2.007456269153864,2.730277412053221,14.884458854300366,10.793194294679491,12.314630341141374,23.136464540363264,16.776985950279006,19.14191244737001,0.5829145728643217,-0.002085427135678275,-0.002085427135678275,0.4723618090452262,-0.0026381909547738003,-0.0026381909547738003,0.39698492462311563,-0.0030150753768843908,-0.0030150753768843908,0.4084084084084084,0.13404558981770376,0.20161520161520163,0.39156626506024095,0.4120603015075377,0.13887734411405395,0.20838751352757112,0.3939393939393939,0.4046822742474916,0.12922317574999576,0.2022351107324749,0.3791946308724832,18.0,0.0,0.0,27.0,0.0,0.0,38.0,0.0,0.0,0.00041832642401625457,-6.128297752778725e-05,-7.07860137593278e-05,-0.002831049287214782,-0.004255433467762693,-0.0039903871682245295,0.03003003003003003,0.36263077748485745,10,-0.6584415435791016
50,1,test,1.7676325559964883,0.8095884278691539,1.1269547029981828,3.366300235316842,1.5417897266037563,2.1461857946803633,5.856970884274323,3.250377562341468,3.95920403391868,11.154084257551837,6.19005726945912,7.539954741065722,1.771578425095749,0.7877598527976757,1.1122632187003751,2.952630708492915,1.3129330879961263,1.8537720311672923,5.880127380908788,3.205477269557637,3.946659526374205,9.800212301514646,5.342462115929394,6.577765877290341,1.7676325559964883,0.8095884278691539,1.1269547029981828,3.366300235316842,1.5417897266037563,2.1461857946803633,5.856970884274323,3.250377562341468,3.95920403391868,11.154084257551837,6.19005726945912,7.539954741065722,0.5025125628140703,-0.0024874371859296973,-0.0024874371859296973,0.3316582914572864,-0.0033417085427135396,-0.0033417085427135396,0.2361809045226131,-0.0038190954773869024,-0.0038190954773869024,0.3527131782945736,0.07945736434108519,0.14728682170542629,0.31906614785992216,0.36180904522613067,0.09547738693467334,0.1591289782244556,0.31818181818181823,0.3527131782945736,0.07945736434108519,0.14728682170542629,0.31906614785992216,19.0,-3.0,-3.0,28.0,-2.0,-2.0,34.0,-2.0,-2.0,3.9606248391065576e-05,4.3424619265084466e-05,-1.1080632374813295e-05,-0.010434523689703212,-0.011415740115011452,-0.011053894963559685,0.046511627906976744,0.4394838249307422,12,-0.7616623640060425
8,1,test,2.913306166975331,1.3832501226409473,1.890032835118949,4.37791910337823,2.0786545558812053,2.840213276818093,18.417589645566864,13.799153993368105,15.635302421636883,27.676705751534907,20.736433596591418,23.495673037978925,2.804223520862905,1.339862794037129,1.8240587546021325,4.154405216093193,1.984981917092043,2.7023092660772337,16.514247957386193,12.189470315308675,13.84935266679559,24.465552529461025,18.058474541198038,20.51755950636384,2.913306166975331,1.3832501226409473,1.890032835118949,4.37791910337823,2.0786545558812053,2.840213276818093,18.417589645566864,13.799153993368105,15.635302421636883,27.676705751534907,20.736433596591418,23.495673037978925,0.6532663316582914,-0.0017336683417086274,-0.0017336683417086274,0.46733668341708545,-0.002663316582914521,-0.002663316582914521,0.3417085427135679,-0.003291457286432098,-0.003291457286432098,0.35036496350364965,0.057104489915307255,0.11978243923180498,0.4065934065934066,0.37688442211055273,0.08365133940378577,0.15150879606714707,0.4191919191919192,0.35036496350364965,0.057104489915307255,0.11978243923180498,0.4065934065934066,18.0,-4.0,-4.0,28.0,-7.0,-7.0,36.0,-6.0,-6.0,-0.0007294978937053082,-0.00035375425491467266,-0.00017626977850245215,-0.000211034476049754,0.00020048395678795572,4.730815085896012e-05,0.9598540145985401,-0.4246975005751165,263,-0.44533514976501465
541,1,test,3.658108388613446,1.7657850734354998,2.3920689658037997,4.9898621337768665,2.4086284872668573,3.262914349667856,38.78790179554673,32.15313635594285,35.241124373389525,52.90884300222042,43.858656043129415,48.070842463241014,3.597026834740589,1.7194612743966988,2.343591914141287,4.611572865052037,2.2044375312778186,3.0046050181298547,36.48958344320123,29.952013289220567,32.98723082050109,46.78151723487336,38.40001703746226,42.29132156474498,3.658108388613446,1.7657850734354998,2.3920689658037997,4.9898621337768665,2.4086284872668573,3.262914349667856,38.78790179554673,32.15313635594285,35.241124373389525,52.90884300222042,43.858656043129415,48.070842463241014,0.7336683417085428,-0.001331658291457205,-0.001331658291457205,0.5879396984924623,-0.002060301507537776,-0.002060301507537776,0.4773869346733668,-0.0026130653266331905,-0.0026130653266331905,0.423728813559322,0.1259284751498465,0.1869757132211033,0.40816326530612246,0.42713567839195976,0.1188650017002304,0.186735010612327,0.38888888888888884,0.423728813559322,0.1259284751498465,0.1869757132211033,0.40816326530612246,20.0,-2.0,-2.0,29.0,0.0,0.0,41.0,0.0,0.0,-0.00026896414122649844,7.937943295822979e-06,-8.386265970676046e-05,-0.00035656283511986686,0.00011913993074319507,-2.6287545484393604e-05,0.9627118644067797,-0.3970144049940295,284,-0.399463415145874
298,1,test,2.4833582561556446,1.1697613543137704,1.604557835179939,5.100435803027362,2.402509858475205,3.2955149384080284,11.98143365412703,8.261905195407227,9.57342427849063,24.60802142809167,16.96868220902869,19.662340633515374,2.550682888852784,1.1772819424373326,1.6329560569797672,5.0013389977505565,2.308395965563397,3.201874621528955,12.815852597966892,8.867095200840456,10.312259768756206,25.12912274111155,17.38646117811854,20.220117193639624,2.4833582561556446,1.1697613543137704,1.604557835179939,5.100435803027362,2.402509858475205,3.2955149384080284,11.98143365412703,8.261905195407227,9.57342427849063,24.60802142809167,16.96868220902869,19.662340633515374,0.6130653266331658,-0.001934673366834172,-0.001934673366834172,0.4824120603015075,-0.0025879396984924696,-0.0025879396984924696,0.3065326633165829,-0.0034673366834171437,-0.0034673366834171437,0.37593984962406013,0.08082706766917291,0.16416040100250628,0.2943396226415095,0.37688442211055273,0.08040201005025127,0.16080402010050243,0.2676767676767676,0.37593984962406013,0.08082706766917291,0.16416040100250628,0.2943396226415095,20.0,-7.0,-7.0,28.0,-9.0,-9.0,39.0,-15.0,-15.0,1.4100703027040804e-05,0.00048631109470416905,0.00033275595061741216,-0.016669571065621724,-0.018300570186353227,-0.01808704722290244,0.9586466165413534,-0.5986949704928122,255,-0.8089349269866943
365,1,test,2.9740271052672855,1.4140664960387528,1.931737864542265,5.121935570182547,2.435336743177852,3.3268818778227898,19.570573876340607,14.81194008115095,16.734872684089574,33.704877231475486,25.509452361982188,28.82116962259871,2.9740271052672855,1.4140664960387528,1.931737864542265,5.121935570182547,2.435336743177852,3.3268818778227898,19.570573876340607,14.81194008115095,16.734872684089574,33.704877231475486,25.509452361982188,28.82116962259871,2.9740271052672855,1.4140664960387528,1.931737864542265,5.121935570182547,2.435336743177852,3.3268818778227898,19.570573876340607,14.81194008115095,16.734872684089574,33.704877231475486,25.509452361982188,28.82116962259871,0.6594594594594594,0.02945945945945938,0.02945945945945938,0.518918918918919,0.023918918918918952,0.023918918918918952,0.4054054054054054,0.020405405405405364,0.020405405405405364,0.4054054054054054,0.10890944853209006,0.17739822407685957,0.34782608695652173,0.4054054054054054,0.10890944853209006,0.17739822407685957,0.34782608695652173,0.4054054054054054,0.10890944853209006,0.17739822407685957,0.34782608695652173,18.0,0.0,0.0,28.0,1.0,1.0,35.0,1.0,1.0,0.00023710802281415332,0.00029285751259477315,0.00020727394264138607,-0.012996234093442638,-0.01208170640369044,-0.011549256113411843,0.06486486486486487,0.5962540163847609,12,-0.3585634231567383
198,1,test,2.9992175636039398,1.4447196802421582,1.9607821952682452,4.762393949480195,2.2940397346875483,3.1134844555168497,20.069827414711607,15.337117858472109,17.245033621627503,31.868453228208736,24.353484114664806,27.383023084038825,2.941509943314911,1.3880772566021202,1.9036755241150571,4.632299123330569,2.18594843559389,2.9979142112048143,18.944429742188905,14.21675876829243,16.121332996523023,29.83374762549434,22.38859648549989,25.387925978776412,2.9992175636039398,1.4447196802421582,1.9607821952682452,4.762393949480195,2.2940397346875483,3.1134844555168497,20.069827414711607,15.337117858472109,17.245033621627503,31.868453228208736,24.353484114664806,27.383023084038825,0.6080402010050252,-0.001959798994974782,-0.001959798994974782,0.48743718592964824,-0.002562814070351749,-0.002562814070351749,0.371859296482412,-0.003140703517587995,-0.003140703517587995,0.3754789272030651,0.08867204383786431,0.158918417648925,0.35769230769230764,0.371859296482412,0.09617007342476791,0.16150871217523333,0.33838383838383834,0.3754789272030651,0.08867204383786431,0.158918417648925,0.35769230769230764,16.0,0.0,0.0,29.0,0.0,0.0,36.0,0.0,0.0,-2.31772275082956e-05,-0.00021815535333196876,8.888525111839283e-05,-0.00012094549186336678,-0.00017278787436758591,9.286739145242251e-05,0.038314176245210725,0.841807199440624,10,-0.5480532646179199
60,1,test,2.3369477322102896,1.123632308290951,1.525167723739635,3.6294495505835784,1.745082579356896,2.368696241338651,10.349598557149267,6.984977230172884,8.097685711931623,16.0736782060754,10.848176927307609,12.576294010709448,2.311940642277171,1.0972929463537406,1.495261167926925,3.3506386119959,1.5902796323967259,2.167045170908587,10.09399449230226,6.724887587185959,7.831021404419749,14.62897752507574,9.746213894472405,11.349306383217028,2.3369477322102896,1.123632308290951,1.525167723739635,3.6294495505835784,1.745082579356896,2.368696241338651,10.349598557149267,6.984977230172884,8.097685711931623,16.0736782060754,10.848176927307609,12.576294010709448,0.5879396984924623,-0.002060301507537776,-0.002060301507537776,0.42713567839195976,-0.002864321608040288,-0.002864321608040288,0.29648241206030146,-0.0035175879396985854,-0.0035175879396985854,0.3790613718411552,0.1087911015708849,0.160573976883172,0.3586956521739131,0.3919597989949749,0.12629563859397241,0.17493141836058423,0.3484848484848485,0.3790613718411552,0.1087911015708849,0.160573976883172,0.3586956521739131,20.0,-9.0,-9.0,31.0,-13.0,-13.0,38.0,-14.0,-14.0,-0.00023283304119194842,0.0001764505225823734,5.166790581021244e-05,-0.00023182424163081805,0.0001888633816387042,3.6794479953528025e-05,0.9530685920577617,-0.4644228020537477,264,-0.666574239730835
361,1,test,0.8055115289057023,0.31784091529262065,0.47926074987673356,1.261812857418759,0.49788952626763117,0.7507494983618196,2.237840926411359,0.6093225765671388,0.8520780808495378,3.505519601488314,0.9544879667612407,1.3347581497700856,1.0890270307529593,0.4113872033255854,0.6349485706176676,1.5338408883844497,0.5794185962332189,0.8942937614333347,2.971381602728474,1.0021570692473023,1.3966600572348096,4.185044510885175,1.4114888299257777,1.967126841175788,0.8055115289057023,0.31784091529262065,0.47926074987673356,1.261812857418759,0.49788952626763117,0.7507494983618196,2.237840926411359,0.6093225765671388,0.8520780808495378,3.505519601488314,0.9544879667612407,1.3347581497700856,0.24120603015075381,-0.0037939698492461815,-0.0037939698492461815,0.19095477386934678,-0.004045226130653168,-0.004045226130653168,0.16582914572864327,-0.004170854271356772,-0.004170854271356772,0.18888888888888888,0.07983158759498865,0.11007115489874109,0.11152416356877326,0.23115577889447236,0.08579237037316911,0.12764993582268602,0.1515151515151515,0.18888888888888888,0.07983158759498865,0.11007115489874109,0.11152416356877326,19.0,-10.0,-10.0,25.0,-16.0,-16.0,29.0,-17.0,-17.0,0.00024260752680825153,0.0014473478405171074,0.0006280814298982242,-0.015527558567117516,-0.01865549658420229,-0.021046697672889803,0.037037037037037035,0.4763740961186713,10,-1.7534444332122803
289,1,test,2.7619227125623134,1.3561054988609627,1.8221438354581654,4.541416540790381,2.22983790081165,2.9961425482365804,15.83025072812208,11.751392049294289,13.270835317716394,26.0296069019457,19.322758738772485,21.821172166714877,3.0159625711556743,1.4591233690119922,1.9767868281082406,4.501436673366678,2.1777960731522272,2.95042810165409,20.408726340097537,15.664923020133841,17.581840366720037,30.46078558223513,23.380482119602746,26.241552786149306,2.7619227125623134,1.3561054988609627,1.8221438354581654,4.541416540790381,2.22983790081165,2.9961425482365804,15.83025072812208,11.751392049294289,13.270835317716394,26.0296069019457,19.322758738772485,21.821172166714877,0.6733668341708543,-0.001633165829145744,-0.001633165829145744,0.5276381909547738,-0.002361809045226204,-0.002361809045226204,0.42211055276381915,-0.0028894472361808976,-0.0028894472361808976,0.38524590163934425,0.08667739448188005,0.1672622504131862,0.3539094650205762,0.42211055276381915,0.11133361040792944,0.1900571303932015,0.398989898989899,0.38524590163934425,0.08667739448188005,0.1672622504131862,0.3539094650205762,21.0,0.0,0.0,30.0,0.0,0.0,42.0,0.0,0.0,0.0003807352332430575,0.00026780210746124106,0.00029178767380952836,-3.136820234672655e-06,-7.934534252473924e-05,-9.790377231322367e-05,0.040983606557377046,0.50960354437994,10,-0.3457334041595459
975,1,test,2.798065792578257,1.3625289698328888,1.8370584707768691,4.647222316369105,2.26298289772245,3.0511145036381047,16.412870154455106,12.21097007547166,13.798541536750111,27.25963651739935,20.280828560131194,22.91757768277627,2.798065792578257,1.3625289698328888,1.8370584707768691,4.647222316369105,2.26298289772245,3.0511145036381047,16.412870154455106,12.21097007547166,13.798541536750111,27.25963651739935,20.280828560131194,22.91757768277627,2.798065792578257,1.3625289698328888,1.8370584707768691,4.647222316369105,2.26298289772245,3.0511145036381047,16.412870154455106,12.21097007547166,13.798541536750111,27.25963651739935,20.280828560131194,22.91757768277627,0.6052631578947368,0.015263157894736756,0.015263157894736756,0.4842105263157894,0.014210526315789451,0.014210526315789451,0.35789473684210527,0.012894736842105292,0.012894736842105292,0.38421052631578945,0.09812128747064508,0.17442031652557966,0.3492063492063492,0.38421052631578945,0.09812128747064508,0.17442031652557966,0.3492063492063492,0.38421052631578945,0.09812128747064508,0.17442031652557966,0.3492063492063492,15.0,1.0,1.0,24.0,0.0,0.0,33.0,1.0,1.0,0.00023295839829767887,0.00011514363970645872,5.914640436690747e-06,-0.02116808401908976,-0.019750856514146875,-0.018915835807087333,0.05263157894736842,0.7496426161952224,10,-0.7782702445983887
905,1,test,1.4965535573416988,0.7054166301033844,0.9677132639154781,3.602814119526312,1.6982252206192587,2.329680079796521,4.466269772070954,2.2603668198023494,2.76930658439717,10.752130932763407,5.441623825450099,6.666849184659853,1.4965535573416988,0.7054166301033844,0.9677132639154781,3.602814119526312,1.6982252206192587,2.329680079796521,4.466269772070954,2.2603668198023494,2.76930658439717,10.752130932763407,5.441623825450099,6.666849184659853,1.4965535573416988,0.7054166301033844,0.9677132639154781,3.602814119526312,1.6982252206192587,2.329680079796521,4.466269772070954,2.2603668198023494,2.76930658439717,10.752130932763407,5.441623825450099,6.666849184659853,0.38659793814432986,0.006597938144329851,0.006597938144329851,0.25257731958762886,0.002577319587628857,0.002577319587628857,0.1649484536082474,-5.154639175264375e-05,-5.154639175264375e-05,0.2938144329896907,0.08815890599740273,0.14312950148284131,0.14507772020725385,0.2938144329896907,0.08815890599740273,0.14312950148284131,0.14507772020725385,0.2938144329896907,0.08815890599740273,0.14312950148284131,0.14507772020725385,16.0,1.0,1.0,22.0,1.0,1.0,27.0,1.0,1.0,0.001169546892810704,0.0006529636688051833,0.0004012439470944121,-0.024265032996413805,-0.024748291535515943,-0.025049387037034077,0.9329896907216495,-0.2340492816543792,181,-0.29158639907836914
817,1,test,3.1995152831252507,1.5501345618410713,2.0991950447613426,4.947884290297519,2.397202628420892,3.2462961621172672,24.520641747241413,19.316885493593983,21.515513520023585,37.91989953261923,29.87256062670545,33.272624733151225,3.2081940178998516,1.549764601890488,2.1017518139324647,4.717932379264488,2.279065591015424,3.0908114910771545,24.734376023471636,19.483318885172796,21.710794075726298,36.37408238745829,28.651939537018816,31.927638346656316,3.1995152831252507,1.5501345618410713,2.0991950447613426,4.947884290297519,2.397202628420892,3.2462961621172672,24.520641747241413,19.316885493593983,21.515513520023585,37.91989953261923,29.87256062670545,33.272624733151225,0.6884422110552764,-0.0015577889447235815,-0.0015577889447235815,0.5477386934673367,-0.002261306532663321,-0.002261306532663321,0.46733668341708545,-0.002663316582914521,-0.002663316582914521,0.43971631205673756,0.1494508253310738,0.21330121771711497,0.4270462633451957,0.44723618090452266,0.14648430120527456,0.220191105779314,0.4292929292929293,0.43971631205673756,0.1494508253310738,0.21330121771711497,0.4270462633451957,21.0,0.0,0.0,33.0,1.0,1.0,44.0,0.0,0.0,-0.0001345074734897893,1.000717590382843e-05,0.0001069509393725143,-0.0049420028924966886,-0.005074997412042315,-0.00479478342262496,0.03546099290780142,0.41371155799484727,10,-0.6968691349029541
748,1,test,1.9071399146081138,0.8900846798481044,1.2279468781046232,3.889364077822846,1.8152120636272362,2.5042381214889557,6.733801982026888,3.9687616133247094,4.761516454560959,13.732714278306803,8.093773683866928,9.710494186860538,1.9451687631763848,0.8984520793682498,1.2458719509214287,3.814056398385068,1.7616707438593129,2.442886178277311,6.994812222157741,4.1465282901494085,4.982475063156209,13.715318082662236,8.130447627743939,9.769558947365116,1.9071399146081138,0.8900846798481044,1.2279468781046232,3.889364077822846,1.8152120636272362,2.5042381214889557,6.733801982026888,3.9687616133247094,4.761516454560959,13.732714278306803,8.093773683866928,9.710494186860538,0.5125628140703518,-0.0024371859296482556,-0.0024371859296482556,0.36180904522613067,-0.0031909547738693256,-0.0031909547738693256,0.24120603015075381,-0.0037939698492461815,-0.0037939698492461815,0.375968992248062,0.10517595549757841,0.1826700231758971,0.2645914396887159,0.3668341708542714,0.10868880744575005,0.1781864246105318,0.23232323232323238,0.375968992248062,0.10517595549757841,0.1826700231758971,0.2645914396887159,15.0,-2.0,-2.0,21.0,-5.0,-5.0,27.0,-5.0,-5.0,0.00016612394919209315,0.00013217338318836976,0.0003746936920331358,-0.011215963029524545,-0.012624785527064475,-0.013172900369695206,0.050387596899224806,0.5562199814430082,13,-0.4803398847579956
565,1,test,2.8150173987149447,1.3311320428233282,1.820796401739639,4.333420722870279,2.0491365992553052,2.8029229457082927,16.69346622266489,12.283419183445101,13.990848049366138,25.697820730647774,18.90902104603064,21.53742669417575,2.616603872302806,1.215427702067535,1.6770846945691753,3.905378913884785,1.814071197115724,2.5031114844316047,13.689154435917766,9.629182057539989,11.130403617782223,20.431573784951887,14.371913518716399,16.612542713107793,2.8150173987149447,1.3311320428233282,1.820796401739639,4.333420722870279,2.0491365992553052,2.8029229457082927,16.69346622266489,12.283419183445101,13.990848049366138,25.697820730647774,18.90902104603064,21.53742669417575,0.7236180904522613,-0.0013819095477386467,-0.0013819095477386467,0.5527638190954773,-0.0022361809045226,-0.0022361809045226,0.3668341708542714,-0.0031658291457286047,-0.0031658291457286047,0.4110671936758893,0.0757614737547847,0.16008164834080385,0.45238095238095233,0.40703517587939697,0.06618304555358245,0.14994001728173423,0.43939393939393945,0.4110671936758893,0.0757614737547847,0.16008164834080385,0.45238095238095233,19.0,-9.0,-9.0,28.0,-9.0,-9.0,37.0,-12.0,-12.0,-0.0003985782503670976,-0.0003579846864599351,-0.0002631418809922936,-0.010415669786626225,-0.01061780125507017,-0.01104763078217541,0.039525691699604744,-0.35918039910534694,10,-0.5177204608917236
734,1,test,2.8145582938226514,1.379287878876475,1.854242429006271,4.4140886903120276,2.163145471243434,2.9080195471300536,16.685803929685417,12.485023120556708,14.073282382936322,26.168446600107732,19.58033680655615,22.071213354659697,3.0154328790373968,1.4613510686129232,1.9768154097349162,4.467307968944291,2.164964546093219,2.9286154218295053,20.397918861181996,15.66717804771029,17.5726106235782,30.219139053602955,23.210634144755986,26.03349722011585,2.8145582938226514,1.379287878876475,1.854242429006271,4.4140886903120276,2.163145471243434,2.9080195471300536,16.685803929685417,12.485023120556708,14.073282382936322,26.168446600107732,19.58033680655615,22.071213354659697,0.6733668341708543,-0.001633165829145744,-0.001633165829145744,0.5025125628140703,-0.0024874371859296973,-0.0024874371859296973,0.371859296482412,-0.003140703517587995,-0.003140703517587995,0.3601398601398601,0.08265294914509569,0.13455846479102285,0.3157894736842105,0.371859296482412,0.09366380776060745,0.14982256860261234,0.3232323232323232,0.3601398601398601,0.08265294914509569,0.13455846479102285,0.3157894736842105,18.0,-5.0,-5.0,28.0,-1.0,-1.0,38.0,-9.0,-9.0,0.0006445292124945805,0.00048358873038562223,9.964157980955732e-05,-0.00029419353837489837,0.00015400165618917327,5.253467235455389e-06,0.055944055944055944,0.2856873953932486,16,-0.6579368114471436
237,1,test,2.3675770145441333,1.131376703950358,1.5421864827527338,3.881725105240963,1.8549315727558198,2.5284685356759944,10.671504034282876,7.228995913508392,8.38873194793726,17.496303125975412,11.85219097447306,13.753618658827367,2.2994009838663834,1.0704681432107899,1.4786806971406017,3.5105358532311195,1.634302508718763,2.2575277818940482,9.968209547717109,6.550629061091419,7.696073710167022,15.218640530865814,10.000960398612854,11.749730855216828,2.3675770145441333,1.131376703950358,1.5421864827527338,3.881725105240963,1.8549315727558198,2.5284685356759944,10.671504034282876,7.228995913508392,8.38873194793726,17.496303125975412,11.85219097447306,13.753618658827367,0.5979899497487438,-0.0020100502512562235,-0.0020100502512562235,0.4170854271356784,-0.0029145728643216184,-0.0029145728643216184,0.2814070351758794,-0.003592964824120637,-0.003592964824120637,0.38434163701067614,0.09837360859149324,0.1630398618627471,0.3642857142857143,0.38190954773869346,0.10622032468104936,0.16822006526790878,0.33333333333333337,0.38434163701067614,0.09837360859149324,0.1630398618627471,0.3642857142857143,16.0,-1.0,-1.0,26.0,-7.0,-7.0,32.0,-6.0,-6.0,-0.0003353707822261429,-0.00011809642994154453,0.00012384931265720559,-0.017049985860397854,-0.017539611398249555,-0.015757038937625367,0.05338078291814947,0.15974951731478823,15,-0.39038729667663574
774,1,test,2.9579699159251422,1.3911816799119885,1.907379645687066,4.286038041442553,2.0157938627296157,2.76375418048534,19.2588349892688,14.467599850263356,16.399496586871965,27.90565886200173,20.963256925891802,23.762535870773664,2.9579699159251422,1.3911816799119885,1.907379645687066,4.286038041442553,2.0157938627296157,2.76375418048534,19.2588349892688,14.467599850263356,16.399496586871965,27.90565886200173,20.963256925891802,23.762535870773664,2.9579699159251422,1.3911816799119885,1.907379645687066,4.286038041442553,2.0157938627296157,2.76375418048534,19.2588349892688,14.467599850263356,16.399496586871965,27.90565886200173,20.963256925891802,23.762535870773664,0.6950354609929078,0.1800354609929078,0.1800354609929078,0.524822695035461,0.14482269503546097,0.14482269503546097,0.4113475177304965,0.11134751773049645,0.11134751773049645,0.4113475177304965,0.09818025794401963,0.17144252960698103,0.44285714285714284,0.4113475177304965,0.09818025794401963,0.17144252960698103,0.44285714285714284,0.4113475177304965,0.09818025794401963,0.17144252960698103,0.44285714285714284,17.0,3.0,3.0,24.0,4.0,4.0,31.0,3.0,3.0,0.00023271764467847918,-0.00013617955002993536,-4.0418853321555626e-05,-0.00010472715464260318,3.388169917606376e-05,-6.28025656332909e-05,0.0851063829787234,0.2854757732413327,12,-0.6770973205566406
894,1,test,2.3370662896573107,1.1207180626205373,1.5228333664115892,4.097079174460965,1.9647156159520534,2.6696584942030332,10.350825651871068,6.975984601474045,8.093382276176268,18.145891883527057,12.229503869250795,14.188398558234939,2.4394671901602085,1.1469839255125915,1.5712651184438933,3.872170143111442,1.8206094055755422,2.494071616577608,11.46692942202524,7.82511048559197,9.084306207446485,18.201475273055937,12.420810294590428,14.419533662613468,2.3370662896573107,1.1207180626205373,1.5228333664115892,4.097079174460965,1.9647156159520534,2.6696584942030332,10.350825651871068,6.975984601474045,8.093382276176268,18.145891883527057,12.229503869250795,14.188398558234939,0.6030150753768844,-0.0019849246231156137,-0.0019849246231156137,0.44221105527638194,-0.0027889447236180143,-0.0027889447236180143,0.3015075376884422,-0.0034924623115578646,-0.0034924623115578646,0.36749116607773846,0.07824954350278257,0.14304933294025313,0.33333333333333337,0.37688442211055273,0.09618266772458783,0.15651714331255606,0.3434343434343434,0.36749116607773846,0.07824954350278257,0.14304933294025313,0.33333333333333337,16.0,0.0,0.0,25.0,0.0,0.0,32.0,0.0,0.0,-1.8747296786742838e-05,2.445107074775747e-05,0.0001346672407300327,-0.004941034961245094,-0.005072249102281212,-0.005562870874820547,0.038869257950530034,0.2679675264973694,11,-0.6107592582702637
988,1,test,2.5283220927996184,1.2037678760209622,1.6415018330853397,4.1853980590263955,1.992723848818485,2.7173510074723533,12.532460179850407,8.771951570197103,10.105061310959911,20.746302324752364,14.521136045258718,16.72797311611607,2.6333316739141237,1.2387060341068887,1.699620870581234,4.14697901403799,1.9507181639478564,2.6765683001279275,13.9200698647646,9.886605543284615,11.376138150264975,21.921369865771023,15.56945754847971,17.91517818939366,2.5283220927996184,1.2037678760209622,1.6415018330853397,4.1853980590263955,1.992723848818485,2.7173510074723533,12.532460179850407,8.771951570197103,10.105061310959911,20.746302324752364,14.521136045258718,16.72797311611607,0.6532663316582914,-0.0017336683417086274,-0.0017336683417086274,0.4723618090452262,-0.0026381909547738003,-0.0026381909547738003,0.33668341708542715,-0.0033165829145728187,-0.0033165829145728187,0.35655737704918034,0.05389889034161388,0.13312413454236838,0.36213991769547327,0.3517587939698492,0.04098185161395951,0.12137482068103456,0.3787878787878788,0.35655737704918034,0.05389889034161388,0.13312413454236838,0.36213991769547327,17.0,0.0,0.0,28.0,0.0,0.0,33.0,0.0,0.0,0.0005194683355443335,0.00011056919501284069,-0.0001196147400871425,-3.136820234672655e-06,-7.934534252473924e-05,-9.790377231322367e-05,0.9385245901639344,-0.3166738485852409,229,-0.3927195072174072
825,1,test,2.906716084981124,1.3841599489537861,1.8863757815258257,4.580279891485408,2.181100525624148,2.9724709284649378,18.29661527300197,13.712687898503951,15.522476620682152,28.83103012715462,21.60787184006683,24.459660129559758,2.8662724858559385,1.3542784298429034,1.853317957664763,4.409649978239905,2.0835052766813895,2.851258396407327,17.571398340494095,13.03563198570718,14.817673374565251,27.03292052383707,20.05481843954951,22.796420576254235,2.906716084981124,1.3841599489537861,1.8863757815258257,4.580279891485408,2.181100525624148,2.9724709284649378,18.29661527300197,13.712687898503951,15.522476620682152,28.83103012715462,21.60787184006683,24.459660129559758,0.6582914572864322,-0.0017085427135676845,-0.0017085427135676845,0.4824120603015075,-0.0025879396984924696,-0.0025879396984924696,0.39698492462311563,-0.0030150753768843908,-0.0030150753768843908,0.4015444015444015,0.10096636686232063,0.16406044775749518,0.3798449612403101,0.40201005025125625,0.11629576453697055,0.17496497512604758,0.3737373737373737,0.4015444015444015,0.10096636686232063,0.16406044775749518,0.3798449612403101,20.0,-2.0,-2.0,29.0,0.0,0.0,38.0,-3.0,-3.0,-4.649090298094184e-05,-0.00034756708384703176,-0.00013472758769060596,-0.00010708564814265742,-0.00016179463533028127,9.987650539144965e-05,0.03861003861003861,0.8310237585234028,10,-0.3886570930480957
20,1,test,1.8826861713972332,0.8780460249069062,1.2098801852737309,3.3104951470206383,1.5439467015141572,2.127440325783339,6.571132364150085,3.8402080008820514,4.611403780108934,11.554608586626323,6.752580511618103,8.108642888513696,1.9773050541296278,0.9168234676772447,1.2652714194042076,3.1636880866074044,1.4669175482835914,2.024434271046732,7.223250462307384,4.335489101109172,5.185118599594756,11.557200739691813,6.936782561774674,8.29618975935161,1.8826861713972332,0.8780460249069062,1.2098801852737309,3.3104951470206383,1.5439467015141572,2.127440325783339,6.571132364150085,3.8402080008820514,4.611403780108934,11.554608586626323,6.752580511618103,8.108642888513696,0.4773869346733668,-0.0026130653266331905,-0.0026130653266331905,0.3417085427135679,-0.003291457286432098,-0.003291457286432098,0.23115577889447236,-0.003844221105527623,-0.003844221105527623,0.3448275862068966,0.09817366651282389,0.15756643971008133,0.2961538461538461,0.3417085427135679,0.09860077329000894,0.15639969463343428,0.2828282828282829,0.3448275862068966,0.09817366651282389,0.15756643971008133,0.2961538461538461,20.0,-11.0,-11.0,30.0,-12.0,-12.0,38.0,-18.0,-18.0,-0.00013285905834867093,0.0001342616409255813,0.00019756130179301998,-0.042947809027389816,-0.04822466589161323,-0.050311233489511054,0.04597701149425287,-0.4387587654355187,12,-0.5577929019927979
480,1,test,2.0839753573144657,0.9900118496669448,1.3487218049803378,3.5183999539075397,1.6714485773597771,2.2770627876291414,8.036352871414545,5.0502668479033055,5.950342033040316,13.567868484206375,8.52642454840818,10.046032003834302,2.0731809430258203,0.9765914156544233,1.3385738542756678,3.2648518787808194,1.5379392372510603,2.107990321693965,7.950071664481664,4.956133815162943,5.865408920356353,12.519797896821517,7.804935141988886,9.236864441506068,2.0839753573144657,0.9900118496669448,1.3487218049803378,3.5183999539075397,1.6714485773597771,2.2770627876291414,8.036352871414545,5.0502668479033055,5.950342033040316,13.567868484206375,8.52642454840818,10.046032003834302,0.5125628140703518,-0.0024371859296482556,-0.0024371859296482556,0.3919597989949749,-0.0030402010050251116,-0.0030402010050251116,0.27638190954773867,-0.0036180904522613577,-0.0036180904522613577,0.4015444015444015,0.1375752300607792,0.1923017828024246,0.39534883720930236,0.38190954773869346,0.1287767156584929,0.17823675975872688,0.3737373737373737,0.4015444015444015,0.1375752300607792,0.1923017828024246,0.39534883720930236,20.0,-8.0,-8.0,31.0,-13.0,-13.0,39.0,-14.0,-14.0,-4.150841416801556e-05,-0.00018810591485088801,-3.7354115144921255e-05,-0.02191398102142017,-0.020044814809567768,-0.01953229888705632,0.05019305019305019,0.3358053272878798,13,-0.5059826374053955
271,1,test,4.751185252706868,1.9635198508954659,2.867635831960846,7.387513655123484,3.0530339145020964,4.45882400701229,115.72136233316772,99.47830783660699,109.14455499417672,179.93260606681565,154.67663718496817,169.70647270436012,4.54305311367504,1.81729706634497,2.687357408213873,7.154414352244157,2.861885143850346,4.232058910573028,93.9772858968266,78.70933303751171,87.58113935965741,147.99572582177416,123.95170557088457,137.9230541096967,4.751185252706868,1.9635198508954659,2.867635831960846,7.387513655123484,3.0530339145020964,4.45882400701229,115.72136233316772,99.47830783660699,109.14455499417672,179.93260606681565,154.67663718496817,169.70647270436012,0.7738693467336684,-0.0011306532663316604,-0.0011306532663316604,0.6733668341708543,-0.001633165829145744,-0.001633165829145744,0.542713567839196,-0.0022864321608039306,-0.0022864321608039306,0.4330708661417323,0.0774716519963492,0.137259347817125,0.4268774703557312,0.44221105527638194,0.07880253397312376,0.15339636412446211,0.40909090909090906,0.4330708661417323,0.0774716519963492,0.137259347817125,0.4268774703557312,29.0,0.0,0.0,42.0,1.0,1.0,50.0,0.0,0.0,-0.00038991623815133066,-0.000786601334096117,-0.00040452536158371765,-0.024942914778010028,-0.025313292944738386,-0.02669711341003822,0.9566929133858267,-0.5079445238039246,243,-0.2957000732421875
476,1,test,2.6519115864541574,1.2559156750962328,1.7205876780394527,4.468289385395361,2.116131890915571,2.8990723890253793,14.18112119098859,10.142126139662674,11.643254333203252,23.894217897145158,17.088787879157657,19.618086068273975,2.8409491688183897,1.3566267669496157,1.8504455959077255,4.940781163162417,2.35935089904281,3.2181662537525666,17.132019000516657,12.720044146738186,14.439428954104331,29.794815653072448,22.12181590737076,25.112050354964055,2.6519115864541574,1.2559156750962328,1.7205876780394527,4.468289385395361,2.116131890915571,2.8990723890253793,14.18112119098859,10.142126139662674,11.643254333203252,23.894217897145158,17.088787879157657,19.618086068273975,0.7135678391959799,-0.0014321608040201994,-0.0014321608040201994,0.5226130653266332,-0.002386934673366814,-0.002386934673366814,0.40703517587939697,-0.00296482412060306,-0.00296482412060306,0.4285714285714286,0.1210357870235671,0.1884086063190541,0.3688524590163934,0.42713567839195976,0.1088399390435888,0.183396112448721,0.3939393939393939,0.4285714285714286,0.1210357870235671,0.1884086063190541,0.3688524590163934,20.0,-7.0,-7.0,34.0,-12.0,-12.0,43.0,-13.0,-13.0,0.0003751744980557378,8.822741519201616e-05,0.00024354520854815136,-0.008390864884738392,-0.009485497634228679,-0.010112128806974319,0.04081632653061224,0.4892836667366704,10,-0.4746720790863037
834,1,test,3.1424994928521928,1.5225180940145329,2.058813564637039,4.796446594353347,2.323843406653761,3.1423996512881125,23.161687039255092,18.108690715170336,20.206133582841574,35.35204863886304,27.63958056525999,30.840940731705565,3.1320810856615853,1.5052059653829166,2.0360132592091773,4.709896369415917,2.2634676171171675,3.0616740739987622,22.92163182032793,17.83368120299085,19.92925550377464,34.468619278688614,26.81756571878323,29.96880526883404,3.1424994928521928,1.5225180940145329,2.058813564637039,4.796446594353347,2.323843406653761,3.1423996512881125,23.161687039255092,18.108690715170336,20.206133582841574,35.35204863886304,27.63958056525999,30.840940731705565,0.7386934673366834,-0.0013065326633165952,-0.0013065326633165952,0.5678391959798995,-0.0021608040201005485,-0.0021608040201005485,0.39698492462311563,-0.0030150753768843908,-0.0030150753768843908,0.37662337662337664,0.059128776191411214,0.13201906007661401,0.3695652173913043,0.37688442211055273,0.058588682762181765,0.13314485616731397,0.3737373737373737,0.37662337662337664,0.059128776191411214,0.13201906007661401,0.3695652173913043,21.0,-9.0,-9.0,28.0,-6.0,-6.0,40.0,-16.0,-16.0,0.00014902890365073591,0.00010587597072594045,-1.1284108015809739e-05,8.695216395082639e-05,-7.889288760054569e-06,-3.900628491937397e-05,0.9523809523809523,0.3450044176003075,220,-0.20399165153503418
530,1,test,3.1860595868424615,1.5400059004069524,2.0869128500015024,4.231087131326789,2.045127835740433,2.7714202648019954,24.192909318051534,19.00643737411005,21.191305545004372,32.128183574372436,25.240548832818142,28.142053763765805,3.1860595868424615,1.5400059004069524,2.0869128500015024,4.231087131326789,2.045127835740433,2.7714202648019954,24.192909318051534,19.00643737411005,21.191305545004372,32.128183574372436,25.240548832818142,28.142053763765805,3.1860595868424615,1.5400059004069524,2.0869128500015024,4.231087131326789,2.045127835740433,2.7714202648019954,24.192909318051534,19.00643737411005,21.191305545004372,32.128183574372436,25.240548832818142,28.142053763765805,0.6242424242424243,0.09924242424242424,0.09924242424242424,0.49090909090909096,0.08090909090909093,0.08090909090909093,0.4,0.06500000000000006,0.06500000000000006,0.38181818181818183,0.109914858555342,0.17658679348820194,0.36585365853658536,0.38181818181818183,0.109914858555342,0.17658679348820194,0.36585365853658536,0.38181818181818183,0.109914858555342,0.17658679348820194,0.36585365853658536,20.0,2.0,2.0,28.0,2.0,2.0,37.0,3.0,3.0,5.267673183231601e-06,0.00016813786678654755,0.00012178005012239956,6.520103701745938e-05,8.9364754668253e-05,-7.691377863672244e-05,0.06060606060606061,-0.37672863874679857,10,-0.7163081169128418
780,1,test,2.1797894698990454,1.017522293167389,1.401794125499841,3.9236210458182814,1.8315401277013001,2.5232294258997134,8.84444404100448,5.647270417917393,6.66734049574851,15.919999273808061,10.165086752251305,12.001212892347318,2.094937029385729,0.9310414012526389,1.3164081530119511,3.520902570396183,1.5647754642901497,2.2124506773310104,8.124929322313069,4.922545015838004,5.946663912785441,13.655343398845494,8.273184900568076,9.994393130731833,2.1797894698990454,1.017522293167389,1.401794125499841,3.9236210458182814,1.8315401277013001,2.5232294258997134,8.84444404100448,5.647270417917393,6.66734049574851,15.919999273808061,10.165086752251305,12.001212892347318,0.542713567839196,-0.0022864321608039306,-0.0022864321608039306,0.35678391959798994,-0.0032160804020100464,-0.0032160804020100464,0.25125628140703515,-0.003743718592964851,-0.003743718592964851,0.33453237410071945,0.06343722149748787,0.12280988606244192,0.35018050541516244,0.3417085427135679,0.06852558532008413,0.1280190602427832,0.3434343434343434,0.33453237410071945,0.06343722149748787,0.12280988606244192,0.35018050541516244,18.0,-4.0,-4.0,26.0,-5.0,-5.0,35.0,-9.0,-9.0,-0.0005646474641994558,-9.694096562035083e-05,-8.806474164742242e-05,-0.0059133887915745476,-0.005059503311843017,-0.00478076519474957,0.046762589928057555,0.3573933196888527,13,-0.4620530605316162
986,1,test,2.566300335447416,1.2333327097691416,1.6762572094733987,3.8232637650543135,1.8374140370030065,2.497281148807308,13.017574582580512,9.225293807631559,10.582339911688045,19.393529480170965,13.743805060349054,15.76552680720872,2.61374418096776,1.2213085889605733,1.6826854059818548,3.5804714807777533,1.6730254643295523,2.3050485013450066,13.650063600095367,9.625423092465347,11.112869526459146,18.698717260404614,13.185511085568969,15.223108940354997,2.566300335447416,1.2333327097691416,1.6762572094733987,3.8232637650543135,1.8374140370030065,2.497281148807308,13.017574582580512,9.225293807631559,10.582339911688045,19.393529480170965,13.743805060349054,15.76552680720872,0.6633165829145728,-0.0016834170854271857,-0.0016834170854271857,0.48743718592964824,-0.002562814070351749,-0.002562814070351749,0.3316582914572864,-0.0033417085427135396,-0.0033417085427135396,0.37800687285223367,0.06411321933593861,0.15286401570937658,0.36896551724137927,0.3869346733668342,0.06613266835430287,0.15154235283261053,0.3737373737373737,0.37800687285223367,0.06411321933593861,0.15286401570937658,0.36896551724137927,16.0,0.0,0.0,23.0,0.0,0.0,30.0,0.0,0.0,0.00025902120722338376,6.496920278259896e-05,0.0001027953273058569,-0.00032884314767755995,0.00013463403094249315,-1.2269317609892028e-05,0.058419243986254296,-0.31986594270342833,17,-0.559516191482544
183,1,test,2.472848109882273,1.1557634039903417,1.5878166025916873,3.305292028060464,1.5448322726603576,2.1223291222760174,11.856166475159956,8.123642380075035,9.433105740798426,15.8473512291742,10.858333874357722,12.608606683245421,2.472848109882273,1.1557634039903417,1.5878166025916873,3.305292028060464,1.5448322726603576,2.1223291222760174,11.856166475159956,8.123642380075035,9.433105740798426,15.8473512291742,10.858333874357722,12.608606683245421,2.472848109882273,1.1557634039903417,1.5878166025916873,3.305292028060464,1.5448322726603576,2.1223291222760174,11.856166475159956,8.123642380075035,9.433105740798426,15.8473512291742,10.858333874357722,12.608606683245421,0.5970149253731343,0.18701492537313424,0.18701492537313424,0.4328358208955224,0.13283582089552237,0.13283582089552237,0.3656716417910447,0.11067164179104472,0.11067164179104472,0.3955223880597015,0.10927703489985019,0.1801758534062362,0.3533834586466166,0.3955223880597015,0.10927703489985019,0.1801758534062362,0.3533834586466166,0.3955223880597015,0.10927703489985019,0.1801758534062362,0.3533834586466166,14.0,0.0,0.0,22.0,0.0,0.0,27.0,2.0,2.0,0.00028175323159293107,0.00018433223232217118,7.298783974720508e-05,-1.5738226426087465e-05,9.48436626417859e-05,-9.664159380307069e-06,0.08208955223880597,0.32508450663117316,11,-0.6303727626800537
140,1,test,2.8620897925515867,1.3869392845019481,1.877417931396201,4.757257357889799,2.3053179999154,3.120573048131522,17.498056061363563,13.126362362854415,14.821122726889296,29.084606696590786,21.818142846366122,24.635109397397073,2.8252822662979815,1.3227788270250551,1.8212747727258012,4.669888043467738,2.1864112843389343,3.0103715251666134,16.86570493436561,12.372782172033947,14.136507751954623,27.877198238620842,20.450879623196606,23.366128515627473,2.8620897925515867,1.3869392845019481,1.877417931396201,4.757257357889799,2.3053179999154,3.120573048131522,17.498056061363563,13.126362362854415,14.821122726889296,29.084606696590786,21.818142846366122,24.635109397397073,0.6683417085427136,-0.0016582914572863539,-0.0016582914572863539,0.5226130653266332,-0.002386934673366814,-0.002386934673366814,0.37688442211055273,-0.003115577889447274,-0.003115577889447274,0.3918367346938776,0.08430109314601608,0.15845817295710685,0.38524590163934425,0.3919597989949749,0.0912079192957268,0.15990637662435725,0.3737373737373737,0.3918367346938776,0.08430109314601608,0.15845817295710685,0.38524590163934425,14.0,-3.0,-3.0,27.0,-9.0,-9.0,36.0,-12.0,-12.0,-0.0001848271549016972,-3.276963110368665e-05,-2.3908941951154645e-05,-1.0066742095027337e-05,-8.484196204427974e-05,-0.00010243434826673337,0.9551020408163265,0.8859502861174475,234,-0.4125981330871582
393,1,test,2.4907792312164667,1.1923079788969073,1.623358348159735,4.350561057191429,2.082564603139932,2.835465914785671,12.070678306070713,8.406986781704433,9.689915642911794,21.08345144127018,14.684203578710411,16.925052656285935,2.51268908559968,1.1818122678037941,1.6226722931499387,4.4082264659643515,2.07335485579613,2.8467934967542785,12.338063600237257,8.553703472663404,9.90289305681176,21.64572561445133,15.006497320462113,17.373496590897826,2.4907792312164667,1.1923079788969073,1.623358348159735,4.350561057191429,2.082564603139932,2.835465914785671,12.070678306070713,8.406986781704433,9.689915642911794,21.08345144127018,14.684203578710411,16.925052656285935,0.6432160804020101,-0.001783919597989958,-0.001783919597989958,0.4522613065326633,-0.0027386934673366836,-0.0027386934673366836,0.3517587939698492,-0.0032412060301507672,-0.0032412060301507672,0.4099616858237548,0.12315480245855404,0.18703174951802237,0.3846153846153846,0.4120603015075377,0.126346015793252,0.18167632821872304,0.3787878787878788,0.4099616858237548,0.12315480245855404,0.18703174951802237,0.3846153846153846,22.0,-8.0,-8.0,36.0,-11.0,-11.0,43.0,-8.0,-8.0,8.373778849652486e-05,-6.755434789636262e-05,-4.912494013007616e-07,-0.00012094549186336678,-0.00017278787436758591,9.286739145242251e-05,0.0421455938697318,0.2802384824937729,11,-0.4261200428009033
202,1,test,3.4064193399795513,1.640813127762568,2.2203330535236825,4.912415258707353,2.3662252474049663,3.2019539824499423,30.15706849516632,24.31195383096432,26.88282684047079,43.48966719829248,35.06039657728539,38.76786607520524,3.3083012093703568,1.5744874490601448,2.139689593551835,4.531919464890899,2.156832122000198,2.9310816350025135,27.338643370217856,21.676436286591684,24.121120991364542,37.450196397558706,29.693748337796826,33.04263149501992,3.4064193399795513,1.640813127762568,2.2203330535236825,4.912415258707353,2.3662252474049663,3.2019539824499423,30.15706849516632,24.31195383096432,26.88282684047079,43.48966719829248,35.06039657728539,38.76786607520524,0.7236180904522613,-0.0013819095477386467,-0.0013819095477386467,0.5326633165829145,-0.0023366834170853723,-0.0023366834170853723,0.42713567839195976,-0.002864321608040288,-0.002864321608040288,0.4065934065934066,0.1135531135531136,0.1721611721611721,0.4227941176470589,0.40201005025125625,0.1105527638190954,0.16582914572864316,0.4040404040404041,0.4065934065934066,0.1135531135531136,0.1721611721611721,0.4227941176470589,22.0,0.0,0.0,31.0,0.0,0.0,40.0,0.0,0.0,0.0002066154904215229,-0.0002687685602669481,-9.091550272446918e-05,-0.00020410455418851114,0.00020435748183800229,5.0812707827141423e-05,0.054945054945054944,0.39904370228412167,15,-0.3592703342437744
725,1,test,2.6715673278922205,1.2740445485134406,1.7389842242762037,4.761568978964366,2.2707460660579692,3.0994140595943227,14.462619104564139,10.417452330353832,11.92155456417913,25.77691296187622,18.567159935732683,21.24794078785668,2.7201197565689417,1.2945869955192935,1.7674909740335254,4.571629842973011,2.1757764630576357,2.9705730656025633,15.182140297121052,11.022066719480236,12.589624427307019,25.516202180035382,18.52448188147939,21.159032650936165,2.6715673278922205,1.2740445485134406,1.7389842242762037,4.761568978964366,2.2707460660579692,3.0994140595943227,14.462619104564139,10.417452330353832,11.92155456417913,25.77691296187622,18.567159935732683,21.24794078785668,0.5979899497487438,-0.0020100502512562235,-0.0020100502512562235,0.4522613065326633,-0.0027386934673366836,-0.0027386934673366836,0.37688442211055273,-0.003115577889447274,-0.003115577889447274,0.3793103448275862,0.11162392035339885,0.17039314737535693,0.34615384615384615,0.3919597989949749,0.12880190425813276,0.18327866376959923,0.3535353535353535,0.3793103448275862,0.11162392035339885,0.17039314737535693,0.34615384615384615,21.0,-2.0,-2.0,34.0,-5.0,-5.0,43.0,-3.0,-3.0,-0.00019574601531666732,0.0005602156696282171,0.00037473881708786823,-0.013717354522333913,-0.015433069571030522,-0.015392571697970148,0.04980842911877394,0.36647831294276867,13,-0.27854299545288086
743,1,test,1.833084555764641,0.8538712796904421,1.1778776816189493,3.766612100886248,1.754530026761182,2.420296606066334,6.2531451161771505,3.590784241376708,4.327604295389253,12.848928320911952,7.378323783650769,8.892337593265587,1.7888899443867412,0.7932569867353171,1.1229815701994914,3.47357270754707,1.540304828612266,2.1805467382514396,5.982807529859339,3.276370670694606,4.03654988104059,11.617101999726872,6.361884797465255,7.8379609340593985,1.833084555764641,0.8538712796904421,1.1778776816189493,3.766612100886248,1.754530026761182,2.420296606066334,6.2531451161771505,3.590784241376708,4.327604295389253,12.848928320911952,7.378323783650769,8.892337593265587,0.42713567839195976,-0.002864321608040288,-0.002864321608040288,0.31155778894472363,-0.003442211055276312,-0.003442211055276312,0.24120603015075381,-0.0037939698492461815,-0.0037939698492461815,0.34448160535117056,0.1107587338987499,0.17095546519544202,0.33221476510067116,0.3266331658291457,0.10357552171886997,0.1563493594852392,0.30808080808080807,0.34448160535117056,0.1107587338987499,0.17095546519544202,0.33221476510067116,19.0,-6.0,-6.0,28.0,-9.0,-9.0,34.0,-8.0,-8.0,-0.0001793447117934996,0.00016750263336044773,0.00013261789374350864,-0.02726264609791773,-0.031161698315390396,-0.0324599481451493,0.033444816053511704,0.5604385914003167,10,-0.5830838680267334
124,1,test,2.25325268989056,1.0756647283022656,1.4676568895922508,3.721664555212498,1.7766597197801464,2.424107446854616,9.518646743341991,6.2721127567831285,7.324933176694068,15.721809789564862,10.359557025248538,12.09848513453964,2.1783624422823253,1.003219453237744,1.3929598153979972,3.457718162352897,1.5924118305361015,2.2110473260285666,8.831831776268784,5.593225780360168,6.63854193583219,14.018780597252038,8.878136159301855,10.537368152114588,2.25325268989056,1.0756647283022656,1.4676568895922508,3.721664555212498,1.7766597197801464,2.424107446854616,9.518646743341991,6.2721127567831285,7.324933176694068,15.721809789564862,10.359557025248538,12.09848513453964,0.46733668341708545,-0.002663316582914521,-0.002663316582914521,0.3517587939698492,-0.0032412060301507672,-0.0032412060301507672,0.27135678391959794,-0.0036432160804020786,-0.0036432160804020786,0.3515358361774744,0.10281351931205707,0.15970836739200334,0.3287671232876712,0.3517587939698492,0.11616982153877153,0.17479719129873073,0.30808080808080807,0.3515358361774744,0.10281351931205707,0.15970836739200334,0.3287671232876712,20.0,0.0,0.0,28.0,0.0,0.0,34.0,1.0,1.0,1.0580467743597462e-05,0.00029598195723444905,-5.059701769186019e-05,-0.018058763510943265,-0.017190343040882183,-0.016998182347557567,0.9590443686006825,-0.7463917267439317,281,-0.7056324481964111
951,1,test,2.805474239894254,1.3553005462629297,1.8342541692047876,4.184026237083672,2.0212671939955764,2.735568717865761,16.53491556358492,12.27106050826352,13.893750661330964,24.659830969829237,18.3008057580137,20.720852279398766,2.805474239894254,1.3553005462629297,1.8342541692047876,4.184026237083672,2.0212671939955764,2.735568717865761,16.53491556358492,12.27106050826352,13.893750661330964,24.659830969829237,18.3008057580137,20.720852279398766,2.805474239894254,1.3553005462629297,1.8342541692047876,4.184026237083672,2.0212671939955764,2.735568717865761,16.53491556358492,12.27106050826352,13.893750661330964,24.659830969829237,18.3008057580137,20.720852279398766,0.6569767441860466,0.0769767441860465,0.0769767441860465,0.4883720930232558,0.058372093023255744,0.058372093023255744,0.34883720930232553,0.043837209302325486,0.043837209302325486,0.36627906976744184,0.08720930232558133,0.1356589147286822,0.3391812865497076,0.36627906976744184,0.08720930232558133,0.1356589147286822,0.3391812865497076,0.36627906976744184,0.08720930232558133,0.1356589147286822,0.3391812865497076,19.0,1.0,1.0,26.0,2.0,2.0,35.0,2.0,2.0,0.0003113107808670178,0.0003256968326482146,0.00017465302680715503,-3.6349722964956754e-06,3.962381248623359e-05,5.250523728239642e-05,0.936046511627907,-0.3511140033036564,161,-0.3152477741241455
59,1,test,2.1103712981698592,1.0083958569062372,1.370603847154852,4.667855159511299,2.230434903834982,3.031589865317088,8.25130441015146,5.241197967135884,6.155856246664914,18.25076653431806,11.592819232393778,13.615919325250362,2.2411699361332125,1.0666142277992336,1.4553887209009184,4.5276160325923485,2.1547762177762295,2.9401792341432698,9.404327316198643,6.167622732734591,7.21020696458374,18.99864104282554,12.459843904514322,14.566074675926746,2.1103712981698592,1.0083958569062372,1.370603847154852,4.667855159511299,2.230434903834982,3.031589865317088,8.25130441015146,5.241197967135884,6.155856246664914,18.25076653431806,11.592819232393778,13.615919325250362,0.5175879396984925,-0.002412060301507535,-0.002412060301507535,0.37688442211055273,-0.003115577889447274,-0.003115577889447274,0.27135678391959794,-0.0036432160804020786,-0.0036432160804020786,0.3653846153846154,0.1139450760372066,0.18635648239228808,0.2702702702702703,0.3517587939698492,0.09361343056132787,0.16478049680791262,0.24747474747474751,0.3653846153846154,0.1139450760372066,0.18635648239228808,0.2702702702702703,21.0,0.0,0.0,30.0,0.0,0.0,34.0,0.0,0.0,0.000624638510126834,0.0006494758809318138,0.0007198882841040826,-0.016211093078156935,-0.018737193354853687,-0.019966783389192777,0.038461538461538464,0.19224460732651788,10,-0.4679450988769531
823,1,test,2.7028408463342366,1.285283792790161,1.7517393499867153,4.009708947858483,1.9067396926007887,2.5987342005297425,14.92206285584787,10.795036844219123,12.333503477597166,22.137126214719366,16.01461509856683,18.296955708523267,2.7028408463342366,1.285283792790161,1.7517393499867153,4.009708947858483,1.9067396926007887,2.5987342005297425,14.92206285584787,10.795036844219123,12.333503477597166,22.137126214719366,16.01461509856683,18.296955708523267,2.7028408463342366,1.285283792790161,1.7517393499867153,4.009708947858483,1.9067396926007887,2.5987342005297425,14.92206285584787,10.795036844219123,12.333503477597166,22.137126214719366,16.01461509856683,18.296955708523267,0.7238805970149254,0.21888059701492535,0.21888059701492535,0.4701492537313433,0.14514925373134335,0.14514925373134335,0.32089552238805974,0.10089552238805977,0.10089552238805977,0.35074626865671643,0.026119402985074647,0.09452736318407962,0.33834586466165417,0.35074626865671643,0.026119402985074647,0.09452736318407962,0.33834586466165417,0.35074626865671643,0.026119402985074647,0.09452736318407962,0.33834586466165417,16.0,2.0,2.0,26.0,3.0,3.0,27.0,4.0,4.0,0.00017610818326477612,4.255072725891375e-05,5.0834848575926366e-05,-1.5738226426087465e-05,9.48436626417859e-05,-9.664159380307069e-06,0.917910447761194,0.36264263196000257,123,-0.4599616527557373
716,1,test,2.910523716914579,1.378390892857309,1.885497219659127,4.445163494924084,2.105178818182072,2.8796684809339395,18.36641485081043,13.738377758510602,15.579245538885766,28.050524499419563,20.982249667543464,23.793756823025532,3.008760231820838,1.432323966830983,1.9545636580625174,4.3291514126918536,2.060897794001414,2.8123218101618956,20.262263837056395,15.42457900893383,17.39259517668636,29.154336456196255,22.193638861775298,25.02531680098757,2.910523716914579,1.378390892857309,1.885497219659127,4.445163494924084,2.105178818182072,2.8796684809339395,18.36641485081043,13.738377758510602,15.579245538885766,28.050524499419563,20.982249667543464,23.793756823025532,0.7135678391959799,-0.0014321608040201994,-0.0014321608040201994,0.5125628140703518,-0.0024371859296482556,-0.0024371859296482556,0.38190954773869346,-0.0030904522613065533,-0.0030904522613065533,0.38247011952191234,0.09704097780534549,0.14012657757783775,0.33599999999999997,0.38190954773869346,0.09223700365808896,0.1415734132849119,0.33838383838383834,0.38247011952191234,0.09704097780534549,0.14012657757783775,0.33599999999999997,22.0,-3.0,-3.0,35.0,-5.0,-5.0,40.0,-3.0,-3.0,0.0002769437919481227,0.00022343202805765383,0.0004506041590860781,-5.164627325804361e-05,-0.00011782167916685182,0.0001279129611404528,0.9442231075697212,-0.49988795300105127,237,-0.3605611324310303
766,1,test,2.7220319845478897,1.3192123872604036,1.7843128992871398,4.505432250286162,2.1835239513275644,2.9533454884752657,15.211199785906329,11.144549653392751,12.657050812742616,25.17715826632772,18.446151150443175,20.949601345229162,2.6572720567320225,1.257172223252638,1.7233401131530623,4.184680404302398,1.9797987767758083,2.7139214380363192,14.257342778901377,10.201737947125212,11.712848436508878,22.452508313230513,16.065729050590882,18.445430608675398,2.7220319845478897,1.3192123872604036,1.7843128992871398,4.505432250286162,2.1835239513275644,2.9533454884752657,15.211199785906329,11.144549653392751,12.657050812742616,25.17715826632772,18.446151150443175,20.949601345229162,0.6482412060301508,-0.0017587939698492372,-0.0017587939698492372,0.44221105527638194,-0.0027889447236180143,-0.0027889447236180143,0.31658291457286436,-0.003417085427135591,-0.003417085427135591,0.37238493723849375,0.07593399778129128,0.1498536437753505,0.3697478991596639,0.36180904522613067,0.06857596251936371,0.136433419182725,0.3434343434343434,0.37238493723849375,0.07593399778129128,0.1498536437753505,0.3697478991596639,21.0,0.0,0.0,31.0,0.0,0.0,36.0,0.0,0.0,7.615235821360972e-05,0.00010880617829089796,-0.00013676846268097188,3.151278906887711e-05,-5.1862244922595835e-05,-7.525089254567519e-05,0.9539748953974896,0.24485976390823053,228,-0.2568495273590088
688,1,test,2.395201973106207,1.1324175626460675,1.5519620676554529,4.002508560322214,1.8923293481059287,2.593410297266349,10.97041356384056,7.435162177122955,8.646529606487755,18.332138455365147,12.424547322297569,14.448806052946644,2.321166843971344,1.0923520057241372,1.4796682904390854,3.713866950354151,1.7477632091586195,2.367469264702537,10.187554660203586,6.770377432512943,7.867713881318307,16.300087456325738,10.832603892020707,12.58834221010929,2.395201973106207,1.1324175626460675,1.5519620676554529,4.002508560322214,1.8923293481059287,2.593410297266349,10.97041356384056,7.435162177122955,8.646529606487755,18.332138455365147,12.424547322297569,14.448806052946644,0.6381909547738693,-0.0018090452261306789,-0.0018090452261306789,0.3919597989949749,-0.0030402010050251116,-0.0030402010050251116,0.2864321608040201,-0.003567839195979916,-0.003567839195979916,0.38735177865612647,0.07768708437604754,0.1442505960017244,0.38095238095238093,0.371859296482412,0.0761199481114847,0.14147532319359735,0.35858585858585856,0.38735177865612647,0.07768708437604754,0.1442505960017244,0.38095238095238093,16.0,-5.0,-5.0,25.0,-13.0,-13.0,34.0,-14.0,-14.0,-0.0002460222388463047,-0.00023952486469202547,-0.00011893717395630788,-0.004733137305430013,-0.005366686251828234,-0.005457734165756456,0.9446640316205533,-0.29644410228164636,239,-0.3123297691345215
690,1,test,2.4715612869330266,1.1945147008822385,1.6189828107738578,4.047181607352831,1.9560178226946658,2.6510843526421923,11.840919500232229,8.25488646990801,9.495232140371535,19.389505681630272,13.517376594474365,15.548442629858386,2.6136101926562856,1.2448308895381923,1.6972989391307007,3.872015100231534,1.8441939104269514,2.5145169468602973,13.648234773645493,9.717685017656105,11.148183468990492,20.219607072067397,14.396570396527565,16.515827361467394,2.4715612869330266,1.1945147008822385,1.6189828107738578,4.047181607352831,1.9560178226946658,2.6510843526421923,11.840919500232229,8.25488646990801,9.495232140371535,19.389505681630272,13.517376594474365,15.548442629858386,0.6432160804020101,-0.001783919597989958,-0.001783919597989958,0.4773869346733668,-0.0026130653266331905,-0.0026130653266331905,0.371859296482412,-0.003140703517587995,-0.003140703517587995,0.3946360153256705,0.10209299429316576,0.18444493252312277,0.35769230769230764,0.40201005025125625,0.09875190488784769,0.17663442420785058,0.36868686868686873,0.3946360153256705,0.10209299429316576,0.18444493252312277,0.35769230769230764,19.0,-6.0,-6.0,26.0,-6.0,-6.0,36.0,-11.0,-11.0,3.2928576299402155e-05,1.1329738925915293e-05,0.00016872201526789974,-0.004796474533427464,-0.0054172810428010365,-0.004721187726281606,0.9578544061302682,-0.4466537658908947,250,-0.5517022609710693
472,1,test,2.7631877835344976,1.3125379579673953,1.7922081938374133,4.4026792017649665,2.091310479694717,2.855585055514279,15.850289791546798,11.58440409527589,13.209759962884956,25.254795067864567,18.457817191806253,21.0475508741967,2.73393650261797,1.30499848016812,1.7725225564897367,4.2060561578738,2.0076899694894155,2.7269577792149793,15.393363925454512,11.219100062735052,12.777972041974976,23.682098346853095,17.260153942669312,19.658418526115348,2.7631877835344976,1.3125379579673953,1.7922081938374133,4.4026792017649665,2.091310479694717,2.855585055514279,15.850289791546798,11.58440409527589,13.209759962884956,25.254795067864567,18.457817191806253,21.0475508741967,0.6432160804020101,-0.001783919597989958,-0.001783919597989958,0.48743718592964824,-0.002562814070351749,-0.002562814070351749,0.40201005025125625,-0.002989949748743781,-0.002989949748743781,0.4159663865546218,0.12036890227789221,0.18970940331439834,0.3966244725738397,0.42211055276381915,0.13138373572121265,0.19506547763861048,0.398989898989899,0.4159663865546218,0.12036890227789221,0.18970940331439834,0.3966244725738397,20.0,0.0,0.0,31.0,0.0,0.0,40.0,0.0,0.0,0.00019928063682634679,-1.581408691774318e-05,-8.939970104081798e-05,3.8442710928343615e-05,-4.636562540305533e-05,-7.072031659394185e-05,0.04201680672268908,0.5012240851153752,10,-0.3161458969116211
64,1,test,1.5944645835132332,0.7527656329428277,1.0314433630774122,3.9050869884349524,1.8436378637328574,2.526162134994679,4.925691069759698,2.605385355069035,3.1697214040062835,12.063768806445363,6.380986166228401,7.763131235235729,1.4650995440207744,0.6604646004745468,0.9252344995852827,3.756665497489165,1.693498975575761,2.372396152782776,4.327974042796538,2.092093915448672,2.6121987496603487,11.097369340503944,5.364343372945314,6.697945511949612,1.5944645835132332,0.7527656329428277,1.0314433630774122,3.9050869884349524,1.8436378637328574,2.526162134994679,4.925691069759698,2.605385355069035,3.1697214040062835,12.063768806445363,6.380986166228401,7.763131235235729,0.37688442211055273,-0.003115577889447274,-0.003115577889447274,0.25125628140703515,-0.003743718592964851,-0.003743718592964851,0.1959798994974874,-0.004020100502512558,-0.004020100502512558,0.32986111111111116,0.10763888888888895,0.1655092592592593,0.28222996515679444,0.3065326633165829,0.10050251256281406,0.1474036850921273,0.2272727272727273,0.32986111111111116,0.10763888888888895,0.1655092592592593,0.28222996515679444,16.0,-6.0,-6.0,23.0,-9.0,-9.0,28.0,-9.0,-9.0,-0.00047226284093321557,0.0002416953784280141,0.00016279099107553753,-0.039011028419669636,-0.04254901710929193,-0.04118733453670664,0.9583333333333334,0.30254595480207264,276,-0.5652453899383545
234,1,test,3.032351756260093,1.4508997686608054,1.973618779797,4.503133147020977,2.1546295965741304,2.930882978381174,20.74596471627998,15.883954449157697,17.86324851115397,30.808378740343922,23.58814792449766,26.527458866863384,3.0015957688528987,1.3910045438687937,1.92231530219734,4.350138795438984,2.0159486143026,2.785964206083102,20.117614384703373,15.111844495350006,17.175052866674456,29.1559628763817,21.90122390630436,24.891380966194866,3.032351756260093,1.4508997686608054,1.973618779797,4.503133147020977,2.1546295965741304,2.930882978381174,20.74596471627998,15.883954449157697,17.86324851115397,30.808378740343922,23.58814792449766,26.527458866863384,0.6984924623115578,-0.0015075376884421399,-0.0015075376884421399,0.5326633165829145,-0.0023366834170853723,-0.0023366834170853723,0.4170854271356784,-0.0029145728643216184,-0.0029145728643216184,0.417004048582996,0.09854563073309741,0.17478483342738027,0.41463414634146345,0.4170854271356784,0.1072617495538144,0.17506862041298932,0.4040404040404041,0.417004048582996,0.09854563073309741,0.17478483342738027,0.41463414634146345,25.0,-15.0,-15.0,32.0,-16.0,-16.0,44.0,-18.0,-18.0,0.00017988909948749105,-0.0001298425612835988,-6.766527239800712e-05,-2.39265858157367e-05,-9.583520108336074e-05,-0.00011149550017286458,0.9352226720647774,-0.3279961771527515,231,-0.3170166015625
873,1,test,2.9704255192060374,1.4332979032893527,1.945309373264881,4.885781864923592,2.3575009228966954,3.1996618653154605,19.500215547099845,14.849004546560646,16.712796357909117,32.07412502555767,24.423772505545106,27.4893535722986,2.958712601079196,1.4383329231337947,1.9441667041793909,4.622988439186243,2.247395192396554,3.037760475280298,19.273143552820866,14.699182055013647,16.51503290645731,30.114286801282603,22.967471960958825,25.80473891633955,2.9492111804671812,1.4247115812737385,1.9324882403122314,4.861337110660188,2.3484256834182498,3.185420176338843,19.090888521383576,14.498043790406967,16.326766808038126,31.468497562720177,23.897874379791702,26.912252980282624,0.6281407035175879,-0.0018592964824121205,-0.0018592964824121205,0.507537688442211,-0.0024623115577889765,-0.0024623115577889765,0.39698492462311563,-0.0030150753768843908,-0.0030150753768843908,0.4033333333333333,0.12379922351636163,0.18825572801182555,0.36789297658862874,0.40703517587939697,0.12633342149343207,0.1916762443268093,0.3484848484848485,0.40802675585284276,0.12755931010993793,0.19334377476274267,0.3657718120805369,21.0,1.0,1.0,33.0,1.0,1.0,40.0,1.0,1.0,0.0004879315438945882,0.0003029153263394997,2.4206237324251832e-05,0.0005030861468533487,9.977230549385041e-05,-4.381033032618831e-05,0.9533333333333334,0.29859733774096775,286,-0.5163872241973877
719,1,test,3.060422538151098,1.4887150740282762,2.0111180678241967,5.2194877534220785,2.5389729687194578,3.4299205403303086,21.33657077276068,16.52170838892185,18.480906544794884,36.38908303025623,28.17743417014754,31.51880636749265,3.105079603833771,1.485703408268016,2.023924192398989,4.968127366134033,2.3771254532288255,3.238278707838382,22.31099494532077,17.261055785947917,19.362911111535304,35.69759191251323,27.617689257516666,30.98065777845649,3.060422538151098,1.4887150740282762,2.0111180678241967,5.2194877534220785,2.5389729687194578,3.4299205403303086,21.33657077276068,16.52170838892185,18.480906544794884,36.38908303025623,28.17743417014754,31.51880636749265,0.6984924623115578,-0.0015075376884421399,-0.0015075376884421399,0.5226130653266332,-0.002386934673366814,-0.002386934673366814,0.40703517587939697,-0.00296482412060306,-0.00296482412060306,0.39919354838709675,0.10543097293438042,0.16863054570613156,0.3724696356275303,0.40703517587939697,0.10628329618014887,0.1799901007541883,0.3737373737373737,0.39919354838709675,0.10543097293438042,0.16863054570613156,0.3724696356275303,22.0,-1.0,-1.0,33.0,-5.0,-5.0,40.0,1.0,1.0,0.0003284638525579513,0.0001899870854959824,-7.824860981110271e-05,-3.085650767697956e-05,-0.00010133182060556578,-0.00011602607612637428,0.04032258064516129,0.43583136626795643,10,-0.6298069953918457
585,1,test,2.37610760366578,1.1176379294895373,1.5366210496095016,3.782088434237248,1.7789621481223996,2.445864274230509,10.762927644723101,7.242897074917204,8.447749691894524,17.131523884204224,11.528634989069394,13.446418148636843,2.284991782972789,1.073860665333025,1.4716264590558952,3.4621087620799833,1.6270616141409469,2.2297370591755987,9.82560548641801,6.468325502145133,7.570119817705395,14.887281040027286,9.800493185068383,11.46987851167484,2.37610760366578,1.1176379294895373,1.5366210496095016,3.782088434237248,1.7789621481223996,2.445864274230509,10.762927644723101,7.242897074917204,8.447749691894524,17.131523884204224,11.528634989069394,13.446418148636843,0.6231155778894473,-0.0018844221105527303,-0.0018844221105527303,0.44221105527638194,-0.0027889447236180143,-0.0027889447236180143,0.2864321608040201,-0.003567839195979916,-0.003567839195979916,0.3768656716417911,0.08263848355985437,0.14113366171623276,0.38576779026217234,0.371859296482412,0.07862621377564505,0.13813642502999135,0.3787878787878788,0.3768656716417911,0.08263848355985437,0.14113366171623276,0.38576779026217234,17.0,-5.0,-5.0,24.0,-6.0,-6.0,31.0,-6.0,-6.0,-0.00022450916697871678,-0.00019410452127184707,-4.27376059703488e-05,-0.00484498398644817,-0.005020768061346992,-0.005515931822015929,0.03731343283582089,0.5459593033827134,10,-0.4410417079925537
461,1,test,3.060953275949555,1.4782304652385732,1.998378203230525,4.848093697932525,2.341296699601467,3.1651331790297137,21.34789790296142,16.479704953106413,18.454084720520125,33.81188798295132,26.101396043739975,29.228519277842437,3.1943279405138525,1.531834900243237,2.085038052116303,4.663252467903434,2.236255328822244,3.0438511709727054,24.393774114869746,19.12133523913612,21.361569688666524,35.61134907280255,27.9143580133374,31.184773268126307,3.060953275949555,1.4782304652385732,1.998378203230525,4.848093697932525,2.341296699601467,3.1651331790297137,21.34789790296142,16.479704953106413,18.454084720520125,33.81188798295132,26.101396043739975,29.228519277842437,0.7236180904522613,-0.0013819095477386467,-0.0013819095477386467,0.5778894472361809,-0.002110552763819218,-0.002110552763819218,0.4522613065326633,-0.0027386934673366836,-0.0027386934673366836,0.4173228346456693,0.0911931686338815,0.17386733726347037,0.4110671936758893,0.42211055276381915,0.09629601642296703,0.1800404359023834,0.4292929292929293,0.4173228346456693,0.0911931686338815,0.17386733726347037,0.4110671936758893,16.0,-1.0,-1.0,28.0,-1.0,-1.0,40.0,-2.0,-2.0,0.00014230824850469448,0.0004657840521519669,0.00021160027600305003,-0.004747965080403205,-0.005378804706158924,-0.0054668680244542855,0.03937007874015748,-0.698692203960273,10,-0.30766868591308594
40,1,test,2.055883805251947,0.9864035006545051,1.3419908133051945,3.9816483823233906,1.9103764000017627,2.5990454991860092,7.813740646853567,4.899875862569938,5.771815643635188,15.132940746437919,9.489632999660763,11.178326499698528,2.250886730052971,1.031382465292628,1.4347978801710486,3.847669624022173,1.7630469492181677,2.45264594901034,9.496152628018828,6.110643626582654,7.234515712786205,16.23273953507492,10.445544660825048,12.366693526130266,2.043798003739445,0.9696634910537223,1.3260004563633592,3.9303807764220093,1.8647374827956198,2.5500008776218444,7.719873699538468,4.7924155736252345,5.669960301546344,14.8459109606509,9.216183795433144,10.903769810666045,0.5628140703517588,-0.0021859296482411583,-0.0021859296482411583,0.42211055276381915,-0.0028894472361808976,-0.0028894472361808976,0.31155778894472363,-0.003442211055276312,-0.003442211055276312,0.3737704918032787,0.11845134286710846,0.18184028460589596,0.3125,0.3919597989949749,0.1012329819523684,0.18160921468779623,0.31818181818181823,0.3812709030100334,0.12250629533056767,0.18883486296553953,0.3120805369127517,19.0,-6.0,-6.0,28.0,-8.0,-8.0,36.0,-10.0,-10.0,0.0013070936815000806,0.0003389382818671405,0.00016500543264111095,-0.0285255617504232,-0.02423307433329569,-0.02606376590539483,0.03934426229508197,0.5731789716898344,12,-0.67653489112854
977,1,test,2.916742905568416,1.4213732177060232,1.9195218191362686,5.000130695260141,2.436639801781754,3.290608832805032,18.48099497806239,14.020009557852308,15.770256533796964,31.681705676678384,24.034302099175385,27.03472548650908,2.7900535760759775,1.3435324793104597,1.825260548054727,4.5000864130257705,2.1669878698555807,2.9439686258947213,16.28189209830922,12.033582778163783,13.657647643114043,26.261116287595517,19.409004480909324,22.02846394050652,2.916742905568416,1.4213732177060232,1.9195218191362686,5.000130695260141,2.436639801781754,3.290608832805032,18.48099497806239,14.020009557852308,15.770256533796964,31.681705676678384,24.034302099175385,27.03472548650908,0.6231155778894473,-0.0018844221105527303,-0.0018844221105527303,0.4974874371859297,-0.002512562814070307,-0.002512562814070307,0.3668341708542714,-0.0031658291457286047,-0.0031658291457286047,0.3781818181818182,0.09143045702029362,0.15569088710563916,0.36861313868613144,0.4170854271356784,0.13387740708555307,0.20506539374669674,0.3737373737373737,0.3781818181818182,0.09143045702029362,0.15569088710563916,0.36861313868613144,15.0,0.0,0.0,26.0,0.0,0.0,35.0,0.0,0.0,-8.251701691652882e-05,0.0002617181455762666,7.914214573979401e-05,-0.004869799880134806,-0.005028017232264759,-0.005523575815610471,0.04,-0.20186121111006666,11,-0.5503320693969727
601,1,test,2.417994660066067,1.1629590996754289,1.5769919719853696,4.227688776719287,2.0333498723884857,2.7572564038486336,11.223330140982249,7.71536702431885,8.9046394058353,19.623181001214245,13.489761212331072,15.569117954856686,2.434594681721658,1.1360187163688815,1.5664279810979953,3.9267656156800936,1.8322882522078734,2.526496743706444,11.411192610965436,7.747117430260309,9.02865367088271,18.405149372524896,12.49535069396824,14.562344630455982,2.417994660066067,1.1629590996754289,1.5769919719853696,4.227688776719287,2.0333498723884857,2.7572564038486336,11.223330140982249,7.71536702431885,8.9046394058353,19.623181001214245,13.489761212331072,15.569117954856686,0.5628140703517588,-0.0021859296482411583,-0.0021859296482411583,0.457286432160804,-0.0027135678391959628,-0.0027135678391959628,0.33668341708542715,-0.0033165829145728187,-0.0033165829145728187,0.3898916967509025,0.1232250300842358,0.19181246505822547,0.3586956521739131,0.3869346733668342,0.11124545030919009,0.1782535381414585,0.3434343434343434,0.3898916967509025,0.1232250300842358,0.19181246505822547,0.3586956521739131,20.0,-9.0,-9.0,29.0,-9.0,-9.0,36.0,-13.0,-13.0,9.984701386356124e-06,0.0003982038737761256,0.0001015670571740476,-0.03123984499070076,-0.032482820112349486,-0.028110721764950775,0.039711191335740074,-0.7064933795472496,11,-0.6260561943054199
478,1,test,2.0274021343958473,0.9268067833525295,1.2913759306226877,4.024086054634182,1.8395710396845666,2.563185559266244,7.594331656861985,4.588376567030618,5.506708436387191,15.073597682559395,9.107232276985016,10.929981896465485,2.1321498313832055,0.9583195917032998,1.3483490547532762,4.140096759967389,1.8608147411714562,2.6181535043752935,8.43297681594985,5.198619508663003,6.243197484996234,16.374712263980292,10.094406812937873,12.122713563099484,2.0274021343958473,0.9268067833525295,1.2913759306226877,4.024086054634182,1.8395710396845666,2.563185559266244,7.594331656861985,4.588376567030618,5.506708436387191,15.073597682559395,9.107232276985016,10.929981896465485,0.4623115577889447,-0.002688442211055242,-0.002688442211055242,0.3266331658291457,-0.0033668341708542604,-0.0033668341708542604,0.25125628140703515,-0.003743718592964851,-0.003743718592964851,0.32183908045977017,0.0847453902112042,0.13457793396295492,0.2269230769230769,0.31155778894472363,0.0885001448344479,0.13292673719180215,0.20707070707070707,0.32183908045977017,0.0847453902112042,0.13457793396295492,0.2269230769230769,21.0,-10.0,-10.0,26.0,-7.0,-7.0,33.0,-12.0,-12.0,0.0004962741735527424,0.00017111692216687484,0.000492298319794813,-0.02194773218529633,-0.02232431126900014,-0.0234994693957411,0.038314176245210725,-0.40655103639178947,10,-0.5627007484436035
589,1,test,2.6410048256105814,1.2824249777033268,1.7332504358384306,4.1254911981760065,2.003265161248988,2.707495778858725,14.027291510362286,10.136627468514014,11.548541537826136,21.91191288219991,15.834339640358493,18.039878611375467,2.695931188001686,1.2966096816379258,1.7598247964136835,4.147586443079517,1.9947841255968086,2.7074227637133585,14.819311895717211,10.766862423041808,12.269278662835607,22.798941378026477,16.564403727756627,18.875813327439392,2.6410048256105814,1.2824249777033268,1.7332504358384306,4.1254911981760065,2.003265161248988,2.707495778858725,14.027291510362286,10.136627468514014,11.548541537826136,21.91191288219991,15.834339640358493,18.039878611375467,0.7035175879396984,-0.001482412060301641,-0.001482412060301641,0.49246231155778897,-0.002537688442211028,-0.002537688442211028,0.39698492462311563,-0.0030150753768843908,-0.0030150753768843908,0.38655462184873945,0.09095713757200985,0.1519177503403596,0.3924050632911392,0.4170854271356784,0.10881475044394906,0.17501531027424266,0.4242424242424242,0.38655462184873945,0.09095713757200985,0.1519177503403596,0.3924050632911392,20.0,-6.0,-6.0,32.0,-8.0,-8.0,40.0,-6.0,-6.0,8.480636057805136e-05,4.6774765715581954e-05,-9.068982003442272e-06,3.8442710928343615e-05,-4.636562540305533e-05,-7.072031659394185e-05,0.0546218487394958,0.12618318971400272,13,-0.4494028091430664
694,1,test,3.001409964160212,1.4473859619519258,1.96174659652279,5.233227629817805,2.5236473182751524,3.4204812452192233,20.11387678478759,15.38340943909914,17.28561201615646,35.07034926578349,26.82235491945491,30.139015823042037,2.96560151043644,1.4074598183825457,1.9193808963487662,4.707303984819746,2.2340632037818184,3.04663634341074,19.40637286723174,14.656386765676523,16.559501532235085,30.803766455923398,23.264105977264318,26.284923067039816,3.001409964160212,1.4473859619519258,1.96174659652279,5.233227629817805,2.5236473182751524,3.4204812452192233,20.11387678478759,15.38340943909914,17.28561201615646,35.07034926578349,26.82235491945491,30.139015823042037,0.728643216080402,-0.001356783919598037,-0.001356783919598037,0.5829145728643217,-0.002085427135678275,-0.002085427135678275,0.40703517587939697,-0.00296482412060306,-0.00296482412060306,0.41697416974169743,0.09284893953911921,0.17157539673556244,0.4037037037037037,0.4170854271356784,0.08625835946650551,0.16833751394703067,0.38888888888888884,0.41697416974169743,0.09284893953911921,0.17157539673556244,0.4037037037037037,19.0,-8.0,-8.0,32.0,-18.0,-18.0,42.0,-20.0,-20.0,-7.672367611560421e-05,8.222793550418026e-05,0.0001058632579621931,-0.00019024471046957814,0.00021210453193631906,5.782182176528039e-05,0.055350553505535055,-0.2923421718101991,15,-0.4200146198272705
915,1,test,2.628924605137911,1.266952829244052,1.718338831817831,6.031062329434031,2.9065388435598836,3.9420714376997297,13.858858140712245,9.95497483990089,11.373079931162392,31.793851028692796,22.837883456243215,26.091183371490192,2.7195260548041595,1.2814851282285207,1.7575071243371654,5.665679280841999,2.669760683809418,3.6614731757024277,15.173129308817995,10.9606940506662,12.556154675488068,31.61068606003749,22.834779272221255,26.15865557393348,2.5900550591765223,1.250019633096411,1.693510543722583,5.798630729499677,2.7985514173800246,3.7914415157968278,13.330505549648535,9.511326748144539,10.879386891640968,29.8444154096609,21.29401510778628,24.356836324569333,0.5477386934673367,-0.002261306532663321,-0.002261306532663321,0.4623115577889447,-0.002688442211055242,-0.002688442211055242,0.35678391959798994,-0.0032160804020100464,-0.0032160804020100464,0.3890675241157556,0.13545596713341213,0.1965541551317984,0.3612903225806452,0.37688442211055273,0.11372652737371058,0.17988943045779815,0.33838383838383834,0.38795986622073575,0.135873054868482,0.20108556143764345,0.3523489932885906,22.0,-3.0,-3.0,35.0,-8.0,-8.0,39.0,-3.0,-3.0,0.0008522649056191825,0.00014515697152321305,2.05716722783519e-05,-0.021818251478624262,-0.01685483751846739,-0.020268616570565,0.03215434083601286,-0.3784095552359694,10,-0.7110414505004883
132,1,test,2.712374125197481,1.3071011679313203,1.7726437693723374,4.353619614966657,2.09802225680696,2.845262610712287,15.06499928614825,10.988359948404526,12.505708058838996,24.18076318540993,17.637367560496436,20.07285624730845,2.5266104431877885,1.2274717626441802,1.6558919622439114,3.8870929895196746,1.888418096375662,2.5475260957598636,12.511027347230835,8.844889755540601,10.12240092751656,19.24773438035513,13.607522700831694,15.57292450387163,2.712374125197481,1.3071011679313203,1.7726437693723374,4.353619614966657,2.09802225680696,2.845262610712287,15.06499928614825,10.988359948404526,12.505708058838996,24.18076318540993,17.637367560496436,20.07285624730845,0.6884422110552764,-0.0015577889447235815,-0.0015577889447235815,0.5376884422110553,-0.0023115577889447625,-0.0023115577889447625,0.3015075376884422,-0.0034924623115578646,-0.0034924623115578646,0.3944223107569721,0.07036664475299592,0.15203820479670715,0.376,0.4120603015075377,0.09376456215916673,0.17332908280970794,0.33333333333333337,0.3944223107569721,0.07036664475299592,0.15203820479670715,0.376,19.0,-2.0,-2.0,32.0,-7.0,-7.0,41.0,-9.0,-9.0,-0.0001729696140933507,-0.0003303362271458043,-0.0001248033563748885,-5.164627325804361e-05,-0.00011782167916685182,0.0001279129611404528,0.9561752988047809,-0.6641107240032006,240,-0.21817684173583984
72,1,test,2.262861551345672,1.0971205660780818,1.4853604877240445,4.206260295442543,2.039353522827493,2.7610230242399885,9.610550941365085,6.402251636198688,7.4345232306382645,17.864318220419808,11.900655982581092,13.819466711068777,1.7375914541154196,0.8071552100904533,1.1130980743341594,3.697003093862595,1.7173515108307518,2.3682937751790627,5.683637621769171,3.1480225384615226,3.816337915797263,12.092846003764196,6.697920294598985,8.119867905951624,2.139122463352953,1.0313881383634198,1.3991795117658783,3.985942478297428,1.921841251608857,2.6071667921103323,8.4919823325138,5.4644910258330786,6.396166384403562,15.823569563690311,10.1822814145958,11.918322455410365,0.36180904522613067,-0.0031909547738693256,-0.0031909547738693256,0.3065326633165829,-0.0034673366834171437,-0.0034673366834171437,0.25125628140703515,-0.003743718592964851,-0.003743718592964851,0.3650793650793651,0.12894624305083902,0.1897889743718677,0.30891719745222934,0.31155778894472363,0.11857533280437271,0.17466296423687722,0.18181818181818177,0.35785953177257523,0.12580610940195758,0.18767043277368756,0.28523489932885904,19.0,-7.0,-7.0,29.0,-10.0,-10.0,31.0,-6.0,-6.0,0.0008117193687290034,0.0005995276400490788,-0.0003660202619679226,-0.03347985616762106,-0.03757113045746685,-0.031120716047635888,0.9523809523809523,-0.42715349208782,300,-0.778994083404541
138,1,test,2.954386469025812,1.4340139687058806,1.9368307623991243,4.608099649801266,2.2367010329500525,3.0209687363206466,19.189945481406486,14.616016813663991,16.42352094144905,29.931487291753513,22.797309243953897,25.616560965279017,3.104518702280975,1.5027561807218237,2.035925097909475,4.7397232095892745,2.29428424537683,3.108282592228206,22.298484182592635,17.336714233990868,19.387201977715513,34.043487301668144,26.46826600609293,29.598781645367193,2.954386469025812,1.4340139687058806,1.9368307623991243,4.608099649801266,2.2367010329500525,3.0209687363206466,19.189945481406486,14.616016813663991,16.42352094144905,29.931487291753513,22.797309243953897,25.616560965279017,0.7336683417085428,-0.001331658291457205,-0.001331658291457205,0.5125628140703518,-0.0024371859296482556,-0.0024371859296482556,0.38190954773869346,-0.0030904522613065533,-0.0030904522613065533,0.3643724696356275,0.05326135852451641,0.11941957596133412,0.33739837398373984,0.36180904522613067,0.0485258372060805,0.11473058111928591,0.3535353535353535,0.3643724696356275,0.05326135852451641,0.11941957596133412,0.33739837398373984,23.0,0.0,0.0,34.0,0.0,0.0,38.0,0.0,0.0,0.0005186853462195176,0.00036536123559553036,0.00016246323299602588,-2.39265858157367e-05,-9.583520108336074e-05,-0.00011149550017286458,0.05668016194331984,0.2619608477337755,14,-0.39101266860961914
121,1,test,2.4286893927309587,1.1525609102267078,1.5756508259811648,3.965998104087257,1.882107443827656,2.573004274341583,11.344004797845841,7.761262606268243,8.997237960992766,18.524518473078047,12.673976702789098,14.69229815970627,2.5118563481100225,1.149591324693976,1.6005101423863293,3.6939063942794443,1.6905754774911408,2.353691385862249,12.327793508866097,8.422765236077977,9.840124314125424,18.129108101273673,12.386419464820555,14.470771050184446,2.429538448964149,1.166931616853124,1.5852548650997966,3.9397920794013226,1.8923215408429042,2.5706835650266973,11.353640585912885,7.819016927563103,9.027329974935352,18.41130905823711,12.679486909561788,14.638913472868136,0.6331658291457287,-0.0018341708542712887,-0.0018341708542712887,0.4773869346733668,-0.0026130653266331905,-0.0026130653266331905,0.3316582914572864,-0.0033417085427135396,-0.0033417085427135396,0.39542483660130723,0.10784313725490202,0.18082788671023964,0.33442622950819667,0.38190954773869346,0.08040201005025127,0.1591289782244556,0.303030303030303,0.3946488294314381,0.10702341137123739,0.17837235228539572,0.33221476510067116,20.0,0.0,0.0,32.0,0.0,0.0,40.0,0.0,0.0,0.0009244285563577219,0.0004231651164218176,5.348328276754815e-05,0.00047939258751661384,7.653115519623555e-05,-6.483767214060521e-05,0.03594771241830065,0.43553796236964604,11,-0.5992865562438965
46,1,test,2.0727091355733225,0.9953400754729456,1.3539564726284459,4.547585715362364,2.183805837231686,2.970620917557933,7.946321646135334,5.009379187616656,5.89444940863197,17.43446689525215,10.990727471338037,12.932597956252232,2.1062854054938516,1.006707031404527,1.3705529835794534,3.6952375534979853,1.7661526866746087,2.4044789185604447,8.217659247962867,5.214759591266718,6.1306492432379365,14.416946049057664,9.148701037310033,10.755524988136731,2.0727091355733225,0.9953400754729456,1.3539564726284459,4.547585715362364,2.183805837231686,2.970620917557933,7.946321646135334,5.009379187616656,5.89444940863197,17.43446689525215,10.990727471338037,12.932597956252232,0.5175879396984925,-0.002412060301507535,-0.002412060301507535,0.40703517587939697,-0.00296482412060306,-0.00296482412060306,0.2562814070351759,-0.00371859296482413,-0.00371859296482413,0.3720136518771331,0.11306986993505475,0.1779160355320707,0.34931506849315064,0.371859296482412,0.10870140174556986,0.17820320299326342,0.3535353535353535,0.3720136518771331,0.11306986993505475,0.1779160355320707,0.34931506849315064,15.0,0.0,0.0,24.0,0.0,0.0,33.0,1.0,1.0,0.00014956355185040927,-0.00010698290199389914,4.089246576235388e-05,-0.03534574796236978,-0.033624493465656435,-0.03453016268451936,0.034129692832764506,0.28219490502041417,10,-0.28544044494628906
482,1,test,2.7704427592955394,1.3401076333640725,1.813065605530256,4.322558281069546,2.0908908255499683,2.8288192279056403,15.965701407808604,11.785601590746552,13.360846037144874,24.910341353147157,18.388378385562387,20.846139298918807,2.825641979304863,1.349864925876033,1.8386454507573142,4.008002807524629,1.914702022519196,2.608007731570659,16.871772839087424,12.4973392178389,14.18860928619242,23.93159267955663,17.72672229480695,20.12568693076939,2.7704427592955394,1.3401076333640725,1.813065605530256,4.322558281069546,2.0908908255499683,2.8288192279056403,15.965701407808604,11.785601590746552,13.360846037144874,24.910341353147157,18.388378385562387,20.846139298918807,0.6633165829145728,-0.0016834170854271857,-0.0016834170854271857,0.49246231155778897,-0.002537688442211028,-0.002537688442211028,0.371859296482412,-0.003140703517587995,-0.003140703517587995,0.39922480620155043,0.10522093772959684,0.17113202269639582,0.32295719844357973,0.3919597989949749,0.09371418495988715,0.16324527478796325,0.297979797979798,0.39922480620155043,0.10522093772959684,0.17113202269639582,0.32295719844357973,22.0,-7.0,-7.0,34.0,-7.0,-7.0,42.0,-9.0,-9.0,3.381572520761601e-05,0.00036336871611496673,0.00044513303684558047,-0.00010015572628230274,-0.00015629801580718805,0.00010338106235963096,0.04263565891472868,0.29411662445373316,11,-0.3922266960144043
184,1,test,2.924508540430341,1.4085803320879242,1.9129718117276857,5.139393685020966,2.475372789478043,3.36176663972733,18.625070331200657,14.071424433281358,15.875246828720048,32.730822126154095,24.728459114369443,27.898411706353613,3.006436075660723,1.4512092371489766,1.9672748518926493,5.183510475277108,2.502084891636166,3.3918531929183606,20.215225854723577,15.479065107750966,17.388380925395275,34.853837680557895,26.688043289225803,29.97996711275048,2.924508540430341,1.4085803320879242,1.9129718117276857,5.139393685020966,2.475372789478043,3.36176663972733,18.625070331200657,14.071424433281358,15.875246828720048,32.730822126154095,24.728459114369443,27.898411706353613,0.728643216080402,-0.001356783919598037,-0.001356783919598037,0.5376884422110553,-0.0023115577889447625,-0.0023115577889447625,0.4321608040201005,-0.002839195979899567,-0.002839195979899567,0.4159663865546218,0.10359741380829057,0.16875968264400731,0.4177215189873418,0.4321608040201005,0.12639639299253158,0.18675178899505873,0.43939393939393945,0.4159663865546218,0.10359741380829057,0.16875968264400731,0.4177215189873418,17.0,0.0,0.0,30.0,0.0,0.0,38.0,0.0,0.0,0.00010056836815430762,0.00013615421078493994,7.251766008065609e-05,3.8442710928343615e-05,-4.636562540305533e-05,-7.072031659394185e-05,0.9411764705882353,-0.36945709241781133,224,-0.12885713577270508
53,1,test,2.837396134400246,1.3619391086511319,1.851311377795634,4.981687869557684,2.391190801448552,3.2503940220839374,17.071256357159683,12.698222451767183,14.390538122554812,29.972434825547534,22.294589037453832,25.265830291508447,2.8647338915961496,1.3755831500418536,1.8707463589020465,4.89698101127547,2.351424188105733,3.1978570237641826,17.54438387535066,13.111054997538597,14.84239659321296,29.990399786924208,22.412059824852303,25.371618108056342,2.837396134400246,1.3619391086511319,1.851311377795634,4.981687869557684,2.391190801448552,3.2503940220839374,17.071256357159683,12.698222451767183,14.390538122554812,29.972434825547534,22.294589037453832,25.265830291508447,0.7236180904522613,-0.0013819095477386467,-0.0013819095477386467,0.5276381909547738,-0.002361809045226204,-0.002361809045226204,0.40703517587939697,-0.00296482412060306,-0.00296482412060306,0.43231441048034935,0.11423162180932533,0.18558001280255543,0.42105263157894735,0.4321608040201005,0.11637133033588998,0.18675178899505873,0.4191919191919192,0.43231441048034935,0.11423162180932533,0.18558001280255543,0.42105263157894735,18.0,0.0,0.0,29.0,1.0,1.0,37.0,0.0,0.0,-0.00012101219117986015,0.00013338012844986424,-8.845024406234416e-06,0.00010081200767153575,3.1039502799146135e-06,-2.9945133013242753e-05,0.043668122270742356,0.6319870736729364,10,-0.34659504890441895
715,1,test,2.8563816888413083,1.3653170936216348,1.859606924722498,4.6873955919447114,2.2405203587637086,3.0516626456984586,17.398459865767684,12.956638120772833,14.688931014601277,28.551318754080302,21.262175377678496,24.104912434217482,2.8456401019368904,1.3777165053761526,1.8646581982381258,4.458916380200325,2.158784130471295,2.921787255506985,17.212572944700508,12.872359201171122,14.545499178463848,26.97088201571182,20.170074653803567,22.7917664292465,2.8563816888413083,1.3653170936216348,1.859606924722498,4.6873955919447114,2.2405203587637086,3.0516626456984586,17.398459865767684,12.956638120772833,14.688931014601277,28.551318754080302,21.262175377678496,24.104912434217482,0.6868686868686869,-0.003131313131313096,-0.003131313131313096,0.5101010101010102,0.00010101010101015717,0.00010101010101015717,0.36363636363636365,-0.0013636363636363447,-0.0013636363636363447,0.39607843137254906,0.09079467403399721,0.15096760999054126,0.40157480314960625,0.36868686868686873,0.07649543291860672,0.1304318351298217,0.3756345177664975,0.39607843137254906,0.09079467403399721,0.15096760999054126,0.40157480314960625,16.0,0.0,0.0,23.0,0.0,0.0,30.0,1.0,1.0,-7.759048589404978e-05,-0.0001212733931944722,-2.099717240917881e-05,-7.936596070123869e-05,-0.0001398081572467902,0.00011389473326595123,0.0392156862745098,0.22500932705941568,10,-0.17577624320983887
33,1,test,2.455722371114607,1.1710121033278948,1.5963027104808198,4.2840704138422705,2.0428605306231162,2.7847908598898976,11.654849635466316,8.041228812294857,9.293059979067825,20.332182940704012,14.028129095901246,16.211980547424893,2.5004222035632533,1.168241690282745,1.6103358112592432,4.032939038005248,1.8842607907786215,2.597315824611683,12.18763853901622,8.398341540843145,9.752298502177492,19.65748151454229,13.545712162650233,15.729513713189503,2.455722371114607,1.1710121033278948,1.5963027104808198,4.2840704138422705,2.0428605306231162,2.7847908598898976,11.654849635466316,8.041228812294857,9.293059979067825,20.332182940704012,14.028129095901246,16.211980547424893,0.6532663316582914,-0.0017336683417086274,-0.0017336683417086274,0.5125628140703518,-0.0024371859296482556,-0.0024371859296482556,0.3417085427135679,-0.003291457286432098,-0.003291457286432098,0.4201680672268907,0.12247414689146097,0.18832449180789634,0.4092827004219409,0.4170854271356784,0.11633354743643032,0.18336255568325777,0.4040404040404041,0.4201680672268907,0.12247414689146097,0.18832449180789634,0.4092827004219409,19.0,-8.0,-8.0,31.0,-13.0,-13.0,36.0,-12.0,-12.0,-0.00010455575436845715,0.00018930000259468263,-2.2244892981403692e-05,3.8442710928343615e-05,-4.636562540305533e-05,-7.072031659394185e-05,0.9537815126050421,0.3655001471188852,227,-0.6445968151092529
966,1,test,2.5855636781876394,1.2642186888778766,1.704411533979657,4.478565656860733,2.189807371806322,2.952284264214763,13.270767424213352,9.522307797782013,10.85708841289079,22.98686500265527,16.493997435443845,18.80602814375726,2.724943654755617,1.3090853363773318,1.7796513013648285,4.291249850008845,2.0615517108304435,2.802600474590281,15.255554324705514,11.135533085981349,12.681988665441546,24.02449499953624,17.53627257634858,19.971635693608732,2.5855636781876394,1.2642186888778766,1.704411533979657,4.478565656860733,2.189807371806322,2.952284264214763,13.270767424213352,9.522307797782013,10.85708841289079,22.98686500265527,16.493997435443845,18.80602814375726,0.6281407035175879,-0.0018592964824121205,-0.0018592964824121205,0.49246231155778897,-0.002537688442211028,-0.002537688442211028,0.3668341708542714,-0.0031658291457286047,-0.0031658291457286047,0.4,0.10567986230636839,0.1798165137614679,0.3633217993079585,0.39698492462311563,0.10375184191634867,0.17494819674331596,0.36363636363636365,0.4,0.10567986230636839,0.1798165137614679,0.3633217993079585,18.0,0.0,0.0,30.0,0.0,0.0,38.0,0.0,0.0,0.0003037517538871029,0.0002242037893570725,-2.888918281133691e-05,-0.009672971308943623,-0.0076012743553581785,-0.009011020364142475,0.034482758620689655,0.6623706478991503,10,-0.6006057262420654
794,1,test,1.0199922512135624,0.43199437915680794,0.6255635491580176,2.255592620569829,0.9553046433386321,1.38336004366651,2.7731732751535785,0.972793062124792,1.2896368676781909,6.1325457792014095,2.1512171780320606,2.8518799025078696,1.0903841162808798,0.4601024973184089,0.669014496780536,2.0007048005153756,0.8442247657218511,1.2275495353771302,2.9754167591063383,1.0972773346358144,1.4513692671188687,5.459480291938235,2.01335290758865,2.663062875447465,1.0199922512135624,0.43199437915680794,0.6255635491580176,2.255592620569829,0.9553046433386321,1.38336004366651,2.7731732751535785,0.972793062124792,1.2896368676781909,6.1325457792014095,2.1512171780320606,2.8518799025078696,0.3065326633165829,-0.0034673366834171437,-0.0034673366834171437,0.18090452261306533,-0.0040954773869347205,-0.0040954773869347205,0.12060301507537685,-0.0043969849246231485,-0.0043969849246231485,0.2878228782287823,0.10181919498753,0.14058361442510126,0.2222222222222222,0.27638190954773867,0.09342451606402935,0.12446204310366527,0.21212121212121215,0.2878228782287823,0.10181919498753,0.14058361442510126,0.2222222222222222,14.0,-4.0,-4.0,19.0,-5.0,-5.0,23.0,-6.0,-6.0,5.7377959790965925e-05,0.00021962086243825735,0.00010602249516817705,-0.20804472493029902,-0.21073226307053972,-0.20994275869348744,0.9520295202952029,-0.1360058159054509,258,-0.5510627031326294
26,1,test,2.925027987684882,1.4234526994938543,1.9199264314413322,4.9673552216897106,2.4173427500280247,3.2604667800216705,18.634747586043964,14.145993000187067,15.90256285688921,31.645991462690045,24.023076870140166,27.00612745519055,2.8771389298013474,1.393736741251284,1.88725698110419,4.495529577814605,2.177713658205131,2.9488390329752967,17.763378135372243,13.35546137217517,15.072461348006764,27.75527833651913,20.867908394023708,23.55072085626057,2.925027987684882,1.4234526994938543,1.9199264314413322,4.9673552216897106,2.4173427500280247,3.2604667800216705,18.634747586043964,14.145993000187067,15.90256285688921,31.645991462690045,24.023076870140166,27.00612745519055,0.7185929648241206,-0.0014070351758793676,-0.0014070351758793676,0.542713567839196,-0.0022864321608039306,-0.0022864321608039306,0.3869346733668342,-0.0030653266331658324,-0.0030653266331658324,0.3951048951048951,0.09667557573316732,0.16254675557001141,0.4035087719298246,0.3869346733668342,0.07114519968262367,0.14152565834179243,0.398989898989899,0.3951048951048951,0.09667557573316732,0.16254675557001141,0.4035087719298246,21.0,-3.0,-3.0,30.0,-1.0,-1.0,36.0,-1.0,-1.0,-0.0005124291127354441,-0.00022908255031814967,-6.984838116993139e-05,-0.00029419353837489837,0.00015400165618917327,5.253467235455389e-06,0.9440559440559441,-0.4851058826026111,270,-0.38055968284606934
415,1,test,2.428816121109716,1.1697823559808234,1.587243869687863,3.784780949459312,1.8228510332461911,2.473373882826486,11.345442496279157,7.823425748936058,9.025430743724158,17.679401190520895,12.191105154783799,14.064168152797153,2.296084801813207,1.08851933669138,1.4885349128120589,3.532438156635703,1.674645133371354,2.290053712018552,9.935207900091886,6.5898774929679735,7.692800795859851,15.284935230910593,10.138273066104574,11.835078147476693,2.428816121109716,1.1697823559808234,1.587243869687863,3.784780949459312,1.8228510332461911,2.473373882826486,11.345442496279157,7.823425748936058,9.025430743724158,17.679401190520895,12.191105154783799,14.064168152797153,0.49246231155778897,-0.002537688442211028,-0.002537688442211028,0.35678391959798994,-0.0032160804020100464,-0.0032160804020100464,0.29648241206030146,-0.0035175879396985854,-0.0035175879396985854,0.3438735177865613,0.09338042113961853,0.15070663210982016,0.33333333333333337,0.31658291457286436,0.07347514514930542,0.13962131190174587,0.297979797979798,0.3438735177865613,0.09338042113961853,0.15070663210982016,0.33333333333333337,21.0,0.0,0.0,29.0,0.0,0.0,36.0,1.0,1.0,0.0006214448234179345,-0.0005623873537772382,-0.0001702842732928008,-0.023272257019607778,-0.0227521158093964,-0.01889973341209572,0.039525691699604744,0.7012734382083828,10,-0.472400426864624
509,1,test,2.6614715322225284,1.2745590201258175,1.7363541953144273,4.4723696881677535,2.1417847451598786,2.91779107047682,14.317342034986952,10.314868666700917,11.795177849043338,24.059038677349207,17.333232914146905,19.82076277725839,2.7164370843176275,1.2629978318804351,1.7428602153650496,3.965601582945441,1.843792455299905,2.5443214822847438,15.126332274733711,10.848530590614976,12.478935338686973,22.082236897421474,15.837270935204343,18.21742385209777,2.729098336918694,1.2880489600076928,1.7677105906931332,4.4017715111591835,2.0774983225930526,2.8511461140211822,15.319068152668939,11.09394091022255,12.703744791304558,24.70817443978861,17.89345308100411,20.48991095371703,0.6281407035175879,-0.0018592964824121205,-0.0018592964824121205,0.4974874371859297,-0.002512562814070307,-0.002512562814070307,0.38190954773869346,-0.0030904522613065533,-0.0030904522613065533,0.39076923076923076,0.09891055181377761,0.17377844264231157,0.3271604938271605,0.4170854271356784,0.12134607876475112,0.19337925017407576,0.3232323232323232,0.39799331103678925,0.09081467998503634,0.17441155352844662,0.3389261744966443,16.0,-3.0,-3.0,24.0,0.0,0.0,36.0,-4.0,-4.0,0.000594132957006743,8.938561252176082e-05,-1.526434365614972e-05,-0.004271166058614995,-0.0042405189534768795,-0.004319624740314332,0.033846153846153845,0.7152105250466829,11,-0.5520579814910889
772,1,test,2.7305771119333557,1.3161927823520714,1.7853071506267715,4.646506908704274,2.239709264996895,3.03798122869086,15.341738365842195,11.227785518797933,12.76823033343198,26.106383517565725,19.105844971214164,21.727154379541712,2.6853512669804513,1.2658018919939638,1.7358255624022045,4.513195406689834,2.127398137804981,2.9173538863902593,14.66335122683297,10.528094656551113,12.078867666980855,24.644287776189866,17.69427673369935,20.300617927698916,2.711065507363627,1.2992039865983944,1.7673782830614941,4.56921152926454,2.1896696403343725,2.9787274433620685,15.045297853050283,10.941710641761002,12.47585978534272,25.357243572556655,18.441085351282588,21.026729975296718,0.5376884422110553,-0.0023115577889447625,-0.0023115577889447625,0.42211055276381915,-0.0028894472361808976,-0.0028894472361808976,0.33668341708542715,-0.0033165829145728187,-0.0033165829145728187,0.39413680781758953,0.12052117263843642,0.18783930510314872,0.3431372549019608,0.37688442211055273,0.1306532663316583,0.1842546063651591,0.297979797979798,0.3946488294314381,0.12374581939799323,0.1906354515050167,0.3422818791946308,23.0,0.0,0.0,31.0,0.0,0.0,39.0,0.0,0.0,0.0007259122323956598,0.0006851058294997998,-0.00017443680647692242,-0.0346354018378312,-0.039332773603250715,-0.031547593733842305,0.0749185667752443,-0.24024480260886738,23,-0.5595214366912842
374,1,test,2.4491281681683876,1.1668603638172017,1.592180617378654,4.347677135740781,2.071403281504955,2.8264291579822616,11.578248032495743,7.973442576066834,9.222289768665137,20.553634104197872,14.154405813327948,16.371351604839663,2.498267002475106,1.1954275380322121,1.6223078420707817,4.4611910758484035,2.1346920322003786,2.89697828941211,12.161400011982256,8.481669700975326,9.760222707996327,21.716785735682596,15.14583875174165,17.42896912142201,2.4491281681683876,1.1668603638172017,1.592180617378654,4.347677135740781,2.071403281504955,2.8264291579822616,11.578248032495743,7.973442576066834,9.222289768665137,20.553634104197872,14.154405813327948,16.371351604839663,0.6331658291457287,-0.0018341708542712887,-0.0018341708542712887,0.4321608040201005,-0.002839195979899567,-0.002839195979899567,0.3266331658291457,-0.0033668341708542604,-0.0033668341708542604,0.381578947368421,0.09273868478636416,0.15563142550253184,0.32599118942731276,0.3919597989949749,0.1012329819523684,0.16491472386976624,0.3282828282828283,0.381578947368421,0.09273868478636416,0.15563142550253184,0.32599118942731276,21.0,-7.0,-7.0,32.0,-8.0,-8.0,41.0,-8.0,-8.0,0.00022091202748762397,0.0001296629414693191,9.373785830441256e-05,0.00010774192953277861,8.600569800343294e-06,-2.5414557059733056e-05,0.043859649122807015,0.3383749316232814,10,-0.2843167781829834
431,1,test,3.0166871728404363,1.4692100314415517,1.9842387320737438,4.802565979161974,2.33898237005495,3.1589080614614,20.423519896658146,15.723921105923326,17.615587415320803,32.51424367547977,25.032482400629938,28.04401516519072,3.0166871728404363,1.4692100314415517,1.9842387320737438,4.802565979161974,2.33898237005495,3.1589080614614,20.423519896658146,15.723921105923326,17.615587415320803,32.51424367547977,25.032482400629938,28.04401516519072,3.0166871728404363,1.4692100314415517,1.9842387320737438,4.802565979161974,2.33898237005495,3.1589080614614,20.423519896658146,15.723921105923326,17.615587415320803,32.51424367547977,25.032482400629938,28.04401516519072,0.6818181818181819,0.001818181818181941,0.001818181818181941,0.5202020202020202,0.00020202020202020332,0.00020202020202020332,0.4292929292929293,-0.0007070707070707671,-0.0007070707070707671,0.4292929292929293,0.12878787878787878,0.19865319865319864,0.3908629441624365,0.4292929292929293,0.12878787878787878,0.19865319865319864,0.3908629441624365,0.4292929292929293,0.12878787878787878,0.19865319865319864,0.3908629441624365,22.0,0.0,0.0,33.0,0.0,0.0,41.0,1.0,1.0,0.00034352727512817333,0.00018180258525008703,0.00012084820452639924,0.0003156395853469718,-0.00014512825848189692,-9.186301619568127e-05,0.07575757575757576,-0.3383417584163776,15,-0.7599167823791504
742,1,test,1.607349095531776,0.7256709711935164,1.0178458611549694,2.920670917490666,1.3185972525345602,1.8495004062450053,4.989566815787609,2.5746179233273763,3.186474337265416,9.0664079945409,4.678269153363159,5.790057027470086,1.690870807356018,0.767719122781275,1.0731009631235708,2.705393291769629,1.22835059645004,1.7169615409977135,5.4242020842024905,2.9069907268118644,3.5694151221073547,8.678723334723985,4.651185162898983,5.711064195371768,1.607349095531776,0.7256709711935164,1.0178458611549694,2.920670917490666,1.3185972525345602,1.8495004062450053,4.989566815787609,2.5746179233273763,3.186474337265416,9.0664079945409,4.678269153363159,5.790057027470086,0.3869346733668342,-0.0030653266331658324,-0.0030653266331658324,0.27135678391959794,-0.0036432160804020786,-0.0036432160804020786,0.2211055276381909,-0.003894472361809065,-0.003894472361809065,0.3097643097643098,0.09090909090909094,0.143658810325477,0.30067567567567566,0.2814070351758794,0.07035175879396982,0.11892797319933002,0.2828282828282829,0.3097643097643098,0.09090909090909094,0.143658810325477,0.30067567567567566,20.0,0.0,0.0,25.0,0.0,0.0,32.0,0.0,0.0,-0.0003117022805289373,-0.0002477103385944337,-0.00010795033639754533,-0.026912047236002934,-0.030075954999385424,-0.030349705793386583,0.03367003367003367,0.6073896263511195,10,-0.9920943975448608
168,1,test,2.327341327677473,1.0799672783337726,1.4914797446135424,4.230100115846217,1.962913499133681,2.710865211493533,10.250652147199085,6.76946263460993,7.943851454455846,18.631252889165907,12.30395573452751,14.438486765193396,2.3818565092249755,1.0653772954477212,1.50057164861428,4.003120183571387,1.7905500763827247,2.521969157334924,10.824980897533623,7.094716132283891,8.41098153015759,18.19324520593886,11.923892659300659,14.136103412029563,2.327341327677473,1.0799672783337726,1.4914797446135424,4.230100115846217,1.962913499133681,2.710865211493533,10.250652147199085,6.76946263460993,7.943851454455846,18.631252889165907,12.30395573452751,14.438486765193396,0.5979899497487438,-0.0020100502512562235,-0.0020100502512562235,0.44221105527638194,-0.0027889447236180143,-0.0027889447236180143,0.321608040201005,-0.0033919597989949812,-0.0033919597989949812,0.41417910447761197,0.12686567164179108,0.19651741293532343,0.3932584269662921,0.3869346733668342,0.09547738693467334,0.16582914572864327,0.3787878787878788,0.41417910447761197,0.12686567164179108,0.19651741293532343,0.3932584269662921,22.0,-6.0,-6.0,36.0,-14.0,-14.0,42.0,-11.0,-11.0,0.0002825347772732289,-4.913976479525458e-05,-9.003469035064056e-05,-0.022024993266500204,-0.01790971127848362,-0.019268377976112916,0.03731343283582089,0.28682227765975693,10,-0.6603610515594482
531,1,test,2.6154189833529244,1.2692661444009183,1.7160143861111012,4.603853963847271,2.2342561582947673,3.0206554604832405,13.672943913824254,9.830330010747625,11.214804821260103,24.068127300361873,17.304074060014656,19.74112903468388,2.5042143459412816,1.1614518617728509,1.604781201247666,4.355155384245707,2.0199162813440883,2.79092382825681,12.233943541699468,8.404335403514061,9.775734274526425,21.276423550781683,14.616235484372279,17.00127699917639,2.6154189833529244,1.2692661444009183,1.7160143861111012,4.603853963847271,2.2342561582947673,3.0206554604832405,13.672943913824254,9.830330010747625,11.214804821260103,24.068127300361873,17.304074060014656,19.74112903468388,0.6080402010050252,-0.001959798994974782,-0.001959798994974782,0.4321608040201005,-0.002839195979899567,-0.002839195979899567,0.3266331658291457,-0.0033668341708542604,-0.0033668341708542604,0.38671875,0.0859375,0.16015625,0.37254901960784315,0.37688442211055273,0.09296482412060303,0.16080402010050243,0.3484848484848485,0.38671875,0.0859375,0.16015625,0.37254901960784315,20.0,-11.0,-11.0,33.0,-19.0,-19.0,39.0,-21.0,-21.0,2.554455812849366e-05,-0.0002863357927350839,-9.59572969552116e-05,-8.629588256159337e-05,-0.00014530477676810705,0.00011039017629776993,0.0390625,0.726668756818835,10,-0.7704920768737793
399,1,test,4.477990618247655,2.203798219199234,2.9594400737079924,6.4239237141353795,3.161469696652304,4.245479477465916,88.05755354402334,78.33748763660046,83.49195078503361,126.32340141917484,112.3794325258038,119.77379327277073,4.625266552510807,2.263498899220182,3.0499229370641228,6.335981578781928,3.100683423589291,4.177976626115237,102.02996580195692,91.42027666335007,97.19756398118841,139.7670764410369,125.23325570321929,133.1473479194362,4.477990618247655,2.203798219199234,2.9594400737079924,6.4239237141353795,3.161469696652304,4.245479477465916,88.05755354402334,78.33748763660046,83.49195078503361,126.32340141917484,112.3794325258038,119.77379327277073,0.7889447236180904,-0.001055276381909609,-0.001055276381909609,0.6783919597989949,-0.0016080402010050232,-0.0016080402010050232,0.5678391959798995,-0.0021608040201005485,-0.0021608040201005485,0.4285714285714286,0.11412901540872289,0.181311988863755,0.42647058823529416,0.42713567839195976,0.11635873603607005,0.181726663366918,0.4292929292929293,0.4285714285714286,0.11412901540872289,0.181311988863755,0.42647058823529416,23.0,0.0,0.0,36.0,0.0,0.0,43.0,0.0,0.0,0.0006661124306481506,0.00018720489614141076,-0.0001285205457829007,-0.00020410455418851114,0.00020435748183800229,5.0812707827141423e-05,0.9597069597069597,0.4809400027643391,262,-0.2465205192565918
471,1,test,1.1043852202278786,0.5173041223003358,0.7081998024451843,4.693637185968484,2.1985425197764275,3.0098491603920334,3.017368881122983,1.2186384537402961,1.5312240314338699,12.823817744772677,5.179213428396259,6.507702133593947,1.5020282605283184,0.7044077079276314,0.9650446171499608,4.6938383141509945,2.201274087273848,3.015764428593627,4.49078832809289,2.270536661918506,2.7799497559480244,14.033713525290281,7.095427068495332,8.687342987337576,1.1043852202278786,0.5173041223003358,0.7081998024451843,4.693637185968484,2.1985425197764275,3.0098491603920334,3.017368881122983,1.2186384537402961,1.5312240314338699,12.823817744772677,5.179213428396259,6.507702133593947,0.33668341708542715,-0.0033165829145728187,-0.0033165829145728187,0.25125628140703515,-0.003743718592964851,-0.003743718592964851,0.16582914572864327,-0.004170854271356772,-0.004170854271356772,0.24354243542435428,0.09252954407997127,0.13679396916668551,0.11851851851851847,0.2864321608040201,0.10096850165615046,0.1445289888507647,0.16161616161616166,0.24354243542435428,0.09252954407997127,0.13679396916668551,0.11851851851851847,20.0,-4.0,-4.0,28.0,-5.0,-5.0,31.0,-3.0,-3.0,0.0010838007595198897,0.0016619439693438562,0.0006443462271543887,-0.05192014709124804,-0.05878071113345973,-0.053847332843209195,0.05166051660516605,0.17884138261240629,14,-0.2059849500656128
172,1,test,2.8511531123372382,1.3826348814501728,1.8716511505527529,4.380263161411959,2.124159734071495,2.8754417117430564,17.307728093016213,12.964932741931158,14.644598521725081,26.59008505910312,19.918192759950102,22.498684879745237,2.5751470020056226,1.226990996239677,1.6736208409906717,3.901737881826701,1.8590772670298135,2.535789153016169,13.133247630336921,9.282928615875665,10.669887902927984,19.89886004596503,14.06504335738737,16.166496822618157,2.8511531123372382,1.3826348814501728,1.8716511505527529,4.380263161411959,2.124159734071495,2.8754417117430564,17.307728093016213,12.964932741931158,14.644598521725081,26.59008505910312,19.918192759950102,22.498684879745237,0.6532663316582914,-0.0017336683417086274,-0.0017336683417086274,0.49246231155778897,-0.002537688442211028,-0.002537688442211028,0.371859296482412,-0.003140703517587995,-0.003140703517587995,0.4233576642335767,0.12827569702046193,0.20005669335979026,0.4065934065934066,0.40703517587939697,0.10628329618014887,0.1766512025905823,0.3737373737373737,0.4233576642335767,0.12827569702046193,0.20005669335979026,0.4065934065934066,20.0,-8.0,-8.0,32.0,-12.0,-12.0,40.0,-9.0,-9.0,-0.0007165898791722377,-0.0001539446296694752,4.1723686797362986e-05,-0.000211034476049754,0.00020048395678795572,4.730815085896012e-05,0.0364963503649635,0.631064417531758,10,-0.8296093940734863
269,1,test,2.0547481305224213,0.9764314024700684,1.3324402719549995,3.58976585155976,1.7058830972565315,2.3278515339449113,7.804871816064591,4.86514479208785,5.745691788750442,13.63557017277167,8.499694136765246,10.03806153681695,2.1238687662449003,0.9899262026912994,1.364940863027647,3.481752075811312,1.62282984047754,2.2376079721764706,8.363431139196928,5.2555457257867655,6.227446129337493,13.710542851142506,8.615648730797979,10.208928080881137,2.0547481305224213,0.9764314024700684,1.3324402719549995,3.58976585155976,1.7058830972565315,2.3278515339449113,7.804871816064591,4.86514479208785,5.745691788750442,13.63557017277167,8.499694136765246,10.03806153681695,0.5226130653266332,-0.002386934673366814,-0.002386934673366814,0.40201005025125625,-0.002989949748743781,-0.002989949748743781,0.2864321608040201,-0.003567839195979916,-0.003567839195979916,0.3783783783783784,0.10013217264482022,0.16714242332219864,0.4,0.38190954773869346,0.11875165300185131,0.18658400516774187,0.4242424242424242,0.3783783783783784,0.10013217264482022,0.16714242332219864,0.4,15.0,-5.0,-5.0,25.0,-13.0,-13.0,31.0,-14.0,-14.0,-0.0002828727677895558,-0.00029483951011475943,-2.0888363279395136e-05,-0.005039021798542542,-0.004128186727033523,-0.004843847220187492,0.05067567567567568,0.17039243904296528,15,-0.563563346862793
596,1,test,1.81714904755239,0.8232274481141857,1.153437116799596,3.2928943346555433,1.4917879211281306,2.0901678662004803,6.154287833326754,3.452478696135058,4.212300338050426,11.152315528270908,6.256309879662925,7.63319879440653,1.7544073546432581,0.7791770690539456,1.099348642185412,3.0248402666263075,1.3434087397481822,1.8954286934231244,5.780021223961825,3.12824341707265,3.8547656734183677,9.965553834416939,5.393523132883879,6.646147712790289,1.81714904755239,0.8232274481141857,1.153437116799596,3.2928943346555433,1.4917879211281306,2.0901678662004803,6.154287833326754,3.452478696135058,4.212300338050426,11.152315528270908,6.256309879662925,7.63319879440653,0.4522613065326633,-0.0027386934673366836,-0.0027386934673366836,0.31658291457286436,-0.003417085427135591,-0.003417085427135591,0.2211055276381909,-0.003894472361809065,-0.003894472361809065,0.37248322147651003,0.10906040268456374,0.17225950782997757,0.32659932659932656,0.33668341708542715,0.09296482412060303,0.14907872696817426,0.26262626262626265,0.37248322147651003,0.10906040268456374,0.17225950782997757,0.32659932659932656,16.0,-3.0,-3.0,22.0,-5.0,-5.0,28.0,-5.0,-5.0,2.3910750324242428e-05,0.0002361676331044653,5.0252057181534103e-08,-0.05568508389866356,-0.06019352426198221,-0.054275935425518895,0.03355704697986577,-0.34855752795639217,10,-0.5585955381393433
258,1,test,2.5575951126405516,1.2439146538486916,1.6685213343095522,4.752546142145502,2.311453349315852,3.1004612853961078,12.904745509069377,9.184906244911382,10.471870283419243,23.97971366983787,17.06747503718607,19.458923138592475,2.7600075314684314,1.3314152074335528,1.790014047921644,4.600012552447386,2.219025345722588,2.9833567465360735,15.799961944726892,11.627140869009487,13.162034675358377,26.333269907878154,19.378568115015813,21.93672445893063,2.5575951126405516,1.2439146538486916,1.6685213343095522,4.752546142145502,2.311453349315852,3.1004612853961078,12.904745509069377,9.184906244911382,10.471870283419243,23.97971366983787,17.06747503718607,19.458923138592475,0.6582914572864322,-0.0017085427135676845,-0.0017085427135676845,0.5025125628140703,-0.0024874371859296973,-0.0024874371859296973,0.371859296482412,-0.003140703517587995,-0.003140703517587995,0.3911290322580645,0.10742681897838646,0.1726303727406382,0.3522267206477733,0.40703517587939697,0.11630835883679047,0.1849984479995973,0.3787878787878788,0.3911290322580645,0.10742681897838646,0.1726303727406382,0.3522267206477733,14.0,-1.0,-1.0,23.0,0.0,0.0,33.0,-3.0,-3.0,0.00033643934634441995,0.0002583941835303025,0.00036951424735192343,-3.085650767697956e-05,-0.00010133182060556578,-0.00011602607612637428,0.9475806451612904,-0.18151088748600883,235,-0.30408716201782227
731,1,test,2.23816924954317,1.0853198736566774,1.4399603311435847,5.0465727027916065,2.4471543648055016,3.2467895364638784,9.376150173861664,6.2089455526705395,7.154591803169527,21.141128417496997,13.999788061435481,16.132009543452305,2.9349259803551027,1.4045570728128747,1.9132199671205188,4.772237366431061,2.283832638720121,3.1109267758057215,18.820110025765512,14.200229208915747,16.042180116870316,30.601804919943923,23.089803591732924,26.084845718488317,2.3036582503411536,1.115308251181331,1.510026360919262,4.832849476240182,2.339807519960834,3.1678874704599895,10.010737333864956,6.729075341151887,7.799323865743972,21.001546854262145,14.116941275143818,16.36221790016218,0.6281407035175879,-0.0018592964824121205,-0.0018592964824121205,0.5276381909547738,-0.002361809045226204,-0.002361809045226204,0.40703517587939697,-0.00296482412060306,-0.00296482412060306,0.37110481586402266,0.1080213646617596,0.1756013945541497,0.26136363636363635,0.40703517587939697,0.11380209317263001,0.1883373461632033,0.3232323232323232,0.3745819397993311,0.11247843395625934,0.18770763501623877,0.2516778523489933,17.0,0.0,0.0,29.0,0.0,0.0,39.0,0.0,0.0,0.001544784446975078,0.0005245583032762659,0.0009432722589862264,-0.03525235203876509,-0.03861506023438288,-0.04514548713907107,0.039660056657223795,0.3964160712222212,14,-0.5330979824066162
879,1,test,2.8281082246121856,1.3724613100747223,1.8568422874427628,4.953810484941606,2.404049876470755,3.2525080590500677,16.913434122033223,12.626178065073553,14.272148076064019,29.6261460438229,22.11644262378897,24.999579636504293,2.890090970043883,1.397973826159839,1.894882557946202,4.661437048457875,2.2547964938061917,3.0562621902358096,17.994946528168878,13.548447088310072,15.289658430871064,29.02410730349819,21.852334013403343,24.66073940463075,2.8281082246121856,1.3724613100747223,1.8568422874427628,4.953810484941606,2.404049876470755,3.2525080590500677,16.913434122033223,12.626178065073553,14.272148076064019,29.6261460438229,22.11644262378897,24.999579636504293,0.6482412060301508,-0.0017587939698492372,-0.0017587939698492372,0.5175879396984925,-0.002412060301507535,-0.002412060301507535,0.3919597989949749,-0.0030402010050251116,-0.0030402010050251116,0.4044943820224719,0.12038223248976165,0.18158030979333117,0.3609022556390977,0.39698492462311563,0.11127063890882993,0.17494819674331596,0.3535353535353535,0.4044943820224719,0.12038223248976165,0.18158030979333117,0.3609022556390977,17.0,0.0,0.0,29.0,0.0,0.0,39.0,0.0,0.0,0.0002832158010602303,0.0004447988106910189,0.00020335048059700193,-0.00016252502302549487,0.00022759863213561715,7.184004964067014e-05,0.04868913857677903,-0.45485557841038765,13,-0.35857224464416504
714,1,test,2.7412723667053216,1.3218931562479845,1.7908804090578436,4.273660646230035,2.060839641107106,2.7919936812019794,15.506702761932827,11.372149805771388,12.919979415293582,24.175045920777265,17.729252181668436,20.142328156762048,2.7731782818918327,1.3174292816579243,1.7996157369982984,4.266428125987435,2.02681427947373,2.7686395953819973,16.009435735624024,11.721741988803384,13.362076720775717,24.629901131729266,18.033449213543665,20.557041108885716,2.7412723667053216,1.3218931562479845,1.7908804090578436,4.273660646230035,2.060839641107106,2.7919936812019794,15.506702761932827,11.372149805771388,12.919979415293582,24.175045920777265,17.729252181668436,20.142328156762048,0.6532663316582914,-0.0017336683417086274,-0.0017336683417086274,0.4773869346733668,-0.0026130653266331905,-0.0026130653266331905,0.36180904522613067,-0.0031909547738693256,-0.0031909547738693256,0.364,0.08056686626746501,0.1286276595744681,0.3413654618473896,0.371859296482412,0.0811324794398055,0.14314477227540034,0.3484848484848485,0.364,0.08056686626746501,0.1286276595744681,0.3413654618473896,17.0,0.0,0.0,32.0,0.0,0.0,38.0,0.0,0.0,-7.037443831502716e-05,-0.00011591537064896591,4.047567323241336e-05,-4.4716351397688925e-05,-0.00011232505964553496,0.0001314175181095223,0.052,0.3815282465988236,13,-0.18239521980285645
144,1,test,2.2175405678663442,1.058439099076787,1.4416033100224457,3.796128768720352,1.8119042204534828,2.46782939512317,9.184713884351549,5.997645575519169,7.012086398992288,15.722984785076381,10.267155985210781,12.003741123698664,2.4622034323297544,1.1733766991548067,1.5990859908863209,4.03639906939304,1.9235683592701749,2.6214524440759357,11.73063073512012,8.102103907927923,9.360091531269248,19.230542188721508,13.282137553980203,15.34441234634303,2.2156699242148528,1.054059765210169,1.438128218460823,3.798291298654033,1.8069595975031467,2.4653626602185534,9.167548617687123,5.972474904432083,6.991432466756784,15.71579763032078,10.238528407597855,11.985312800154487,0.5376884422110553,-0.0023115577889447625,-0.0023115577889447625,0.44221105527638194,-0.0027889447236180143,-0.0027889447236180143,0.3316582914572864,-0.0033417085427135396,-0.0033417085427135396,0.35761589403973515,0.10472333205626405,0.16268197333488932,0.29568106312292364,0.371859296482412,0.10619513608140951,0.17319485574785443,0.31313131313131315,0.35785953177257523,0.10577272042032149,0.16319879762352074,0.2919463087248322,22.0,0.0,0.0,31.0,1.0,1.0,40.0,0.0,0.0,0.0011997398974491766,0.00020671713335902237,0.00019896864753801073,0.0004951882937413998,9.202525539642181e-05,-5.081944426521545e-05,0.033112582781456956,0.5394959289318844,10,-0.6778123378753662
463,1,test,3.2086784147377827,1.5523364879478696,2.0988282596112526,4.748195835950356,2.297144398831949,3.105841818515642,24.746360179314873,19.506253133107002,21.712456433864613,36.61961380070333,28.865313979799758,32.13004916728451,3.182158734186391,1.5112556352080975,2.0662273952605354,4.8214526275551375,2.289781265466814,3.1306475685765687,24.098720171907516,18.781752794494395,21.046310488176005,36.51321238167805,28.457201203779384,31.888349224509096,3.2086784147377827,1.5523364879478696,2.0988282596112526,4.748195835950356,2.297144398831949,3.105841818515642,24.746360179314873,19.506253133107002,21.712456433864613,36.61961380070333,28.865313979799758,32.13004916728451,0.6984924623115578,-0.0015075376884421399,-0.0015075376884421399,0.5728643216080402,-0.0021356783919597166,-0.0021356783919597166,0.4522613065326633,-0.0027386934673366836,-0.0027386934673366836,0.4383561643835616,0.13750146352886072,0.21284363590975752,0.36426116838487976,0.44221105527638194,0.12892784725633177,0.21349653106937028,0.3232323232323232,0.4383561643835616,0.13750146352886072,0.21284363590975752,0.36426116838487976,24.0,0.0,0.0,34.0,0.0,0.0,43.0,0.0,0.0,0.00033382197223099763,0.000537279584081479,5.143870031225886e-05,-0.000335773069539691,0.00013076050589333477,-1.577387457896151e-05,0.9623287671232876,0.36725381071571755,281,-0.5279943943023682
220,1,test,2.0691630558946486,0.9623132457698655,1.329448273700015,3.642293872362498,1.6939349600195577,2.3401931941157796,7.918193258652842,4.8933786290809245,5.8228554570428805,13.938189503245072,8.613687038861627,10.249820907260414,1.921925233284713,0.8853719261838711,1.2284064085781994,3.150697103745431,1.4514293871866737,2.0137809976691794,6.834103054706092,4.0146206967255225,4.833359628276472,11.203447630665725,6.5813454044680695,7.923540374223725,2.0691630558946486,0.9623132457698655,1.329448273700015,3.642293872362498,1.6939349600195577,2.3401931941157796,7.918193258652842,4.8933786290809245,5.8228554570428805,13.938189503245072,8.613687038861627,10.249820907260414,0.48743718592964824,-0.002562814070351749,-0.002562814070351749,0.321608040201005,-0.0033919597989949812,-0.0033919597989949812,0.21105527638190957,-0.0039447236180903955,-0.0039447236180903955,0.3515625,0.08450596978557501,0.1528612012987013,0.3921568627450981,0.3266331658291457,0.07350033374894516,0.13297707233999712,0.35858585858585856,0.3515625,0.08450596978557501,0.1528612012987013,0.3921568627450981,14.0,0.0,0.0,20.0,0.0,0.0,27.0,0.0,0.0,-0.00013245008997436384,-0.00038564263830652965,-0.0003651309465777347,-0.05605511805269359,-0.04341240391078571,-0.04450893011678403,0.0390625,0.4298495825953427,10,-0.42992401123046875
740,1,test,2.5554030024966736,1.200114483193733,1.6498215995974057,4.181568549540011,1.963823699771563,2.699708072068482,12.876487868780387,8.998608230405456,10.40311833946233,21.070616512549723,14.724995286118016,17.023284555483812,2.5780202069439127,1.1809470743876216,1.642962211464254,3.9661849337598656,1.8168416529040332,2.5276341714834674,13.171036403732868,9.127688117039817,10.623675214843757,20.263132928819797,14.04259710313818,16.34411571514424,2.5554030024966736,1.200114483193733,1.6498215995974057,4.181568549540011,1.963823699771563,2.699708072068482,12.876487868780387,8.998608230405456,10.40311833946233,21.070616512549723,14.724995286118016,17.023284555483812,0.6532663316582914,-0.0017336683417086274,-0.0017336683417086274,0.5025125628140703,-0.0024874371859296973,-0.0024874371859296973,0.33668341708542715,-0.0033165829145728187,-0.0033165829145728187,0.379182156133829,0.06505576208178443,0.1412639405204461,0.3656716417910447,0.3668341708542714,0.05276381909547745,0.1306532663316583,0.3484848484848485,0.379182156133829,0.06505576208178443,0.1412639405204461,0.3656716417910447,19.0,0.0,0.0,30.0,0.0,0.0,38.0,0.0,0.0,8.420256219558564e-05,0.00013161692312601252,3.6368865246138736e-05,-0.005851019494830467,-0.005024641586393486,-0.004749224182030609,0.03717472118959108,0.7673338823258146,10,-0.6795389652252197
85,1,test,2.251855574025418,1.0716027763797589,1.4636076764329347,4.2126549854217,2.004699071458733,2.7380415715582114,9.50535737651646,6.250160371493367,7.305818146355644,17.782131146544398,11.692476885446773,13.667346872434027,2.3418405692567528,1.1173476060301126,1.5231507587924638,4.219532557219374,2.0132389297839866,2.7444157816080423,10.400361542622164,6.997921059709679,8.132834542302358,18.739390166886782,12.608866774251673,14.653755932076322,2.251855574025418,1.0716027763797589,1.4636076764329347,4.2126549854217,2.004699071458733,2.7380415715582114,9.50535737651646,6.250160371493367,7.305818146355644,17.782131146544398,11.692476885446773,13.667346872434027,0.5728643216080402,-0.0021356783919597166,-0.0021356783919597166,0.4120603015075377,-0.0029396984924623393,-0.0029396984924623393,0.3015075376884422,-0.0034924623115578646,-0.0034924623115578646,0.36861313868613144,0.10085357584460142,0.16108886684147128,0.30402930402930406,0.3668341708542714,0.1011700104532689,0.15982248471069882,0.297979797979798,0.36861313868613144,0.10085357584460142,0.16108886684147128,0.30402930402930406,18.0,-1.0,-1.0,26.0,-3.0,-3.0,32.0,0.0,0.0,0.0006476749456227608,0.0004979683163416794,0.00028217294067540944,-0.05623017817986309,-0.050328867026754764,-0.05190375425708993,0.058394160583941604,0.244685378059637,16,-0.9581685066223145
852,1,test,2.115314791328054,1.0016618022593449,1.3713360752006305,4.230629582656108,2.0033236045186897,2.742672150401261,8.292195666597026,5.246732523702348,6.187904408125187,16.584391333194052,10.493465047404696,12.375808816250373,2.204142069293715,1.0228751395925695,1.4157472292622117,4.1983658462737425,1.948333599223942,2.6966613890708797,9.06247325762531,5.803973378480312,6.862610798057816,17.26185382404821,11.055187387581547,13.071639615348221,2.115314791328054,1.0016618022593449,1.3713360752006305,4.230629582656108,2.0033236045186897,2.742672150401261,8.292195666597026,5.246732523702348,6.187904408125187,16.584391333194052,10.493465047404696,12.375808816250373,0.592964824120603,-0.0020351758793969443,-0.0020351758793969443,0.42713567839195976,-0.002864321608040288,-0.002864321608040288,0.29648241206030146,-0.0035175879396985854,-0.0035175879396985854,0.39622641509433965,0.10244110435987641,0.17790771998768973,0.33712121212121215,0.3919597989949749,0.1012329819523684,0.17326196927878124,0.3232323232323232,0.39622641509433965,0.10244110435987641,0.17790771998768973,0.33712121212121215,17.0,-3.0,-3.0,26.0,-4.0,-4.0,34.0,-7.0,-7.0,0.0002247550599748224,0.0002331204253173735,0.00020090715942608996,-0.010483033142727471,-0.010240396985007116,-0.010309767512558743,0.04150943396226415,0.5032439765661353,11,-0.6030449867248535
704,1,test,1.955625273036986,0.944744194759924,1.2803764737583103,3.0106336440174655,1.4544088261435673,1.9711058872331886,7.06833728296743,4.320316112522079,5.103815596216942,10.88151923825249,6.651012962698463,7.85718979943924,1.7920024040027673,0.8566311602394643,1.167126630441718,2.7569267753888727,1.3178940926760987,1.7955794314487967,6.001457785714527,3.4532985153128686,4.133443899409697,9.233011978022349,5.312766946635183,6.3591444606303025,1.955625273036986,0.944744194759924,1.2803764737583103,3.0106336440174655,1.4544088261435673,1.9711058872331886,7.06833728296743,4.320316112522079,5.103815596216942,10.88151923825249,6.651012962698463,7.85718979943924,0.36180904522613067,-0.0031909547738693256,-0.0031909547738693256,0.27638190954773867,-0.0036180904522613577,-0.0036180904522613577,0.2211055276381909,-0.003894472361809065,-0.003894472361809065,0.31759656652360513,0.10560513183409759,0.15211867779321997,0.2931034482758621,0.2814070351758794,0.07839951637888687,0.132826066895412,0.24747474747474751,0.31759656652360513,0.10560513183409759,0.15211867779321997,0.2931034482758621,15.0,0.0,0.0,25.0,0.0,0.0,30.0,0.0,0.0,0.000631900519201785,-0.00017020024984177698,-0.00040076012938717665,-0.11131533024535756,-0.1049423592957126,-0.09885057894023586,0.9527896995708155,-0.49954696728304343,222,-0.6635770797729492
627,1,test,3.020905451761288,1.4676576894887978,1.9825523103407636,5.093387098899846,2.474539127626462,3.3426754069698923,20.50985396269516,15.783057169876244,17.685292434141324,34.58056772779998,26.610968484093668,29.818225615703398,3.0256267967797705,1.425120757939101,1.9555247655857615,4.654810456584262,2.192493473752463,3.00849963936271,20.606917013303534,15.65137752784094,17.691240038499565,31.702949251236205,24.079042350524524,27.21729236692241,3.020905451761288,1.4676576894887978,1.9825523103407636,5.093387098899846,2.474539127626462,3.3426754069698923,20.50985396269516,15.783057169876244,17.685292434141324,34.58056772779998,26.610968484093668,29.818225615703398,0.7035175879396984,-0.001482412060301641,-0.001482412060301641,0.5276381909547738,-0.002361809045226204,-0.002361809045226204,0.4120603015075377,-0.0029396984924623393,-0.0029396984924623393,0.39446366782006925,0.08358283880452522,0.15280659071995417,0.3680555555555556,0.4120603015075377,0.10128335915164799,0.17165963372790494,0.3737373737373737,0.39446366782006925,0.08358283880452522,0.15280659071995417,0.3680555555555556,21.0,-11.0,-11.0,30.0,-12.0,-12.0,40.0,-16.0,-16.0,0.0001927920855300214,9.554316525035262e-05,-5.532430118671151e-05,-0.0003149833039568506,0.00014238108104080993,-5.260203672641239e-06,0.9550173010380623,-0.7100735609538077,276,-0.453449010848999
723,1,test,2.7309406005387644,1.3061425778925426,1.7799535874407528,4.236183451229421,2.026063683817566,2.7610303679199077,15.347315926553811,11.190297792118383,12.75905287802956,23.806466437252762,17.358178464939538,19.791601708439554,2.7309406005387644,1.3061425778925426,1.7799535874407528,4.236183451229421,2.026063683817566,2.7610303679199077,15.347315926553811,11.190297792118383,12.75905287802956,23.806466437252762,17.358178464939538,19.791601708439554,2.7309406005387644,1.3061425778925426,1.7799535874407528,4.236183451229421,2.026063683817566,2.7610303679199077,15.347315926553811,11.190297792118383,12.75905287802956,23.806466437252762,17.358178464939538,19.791601708439554,0.6071428571428572,0.002142857142857224,0.002142857142857224,0.4693877551020408,-0.000612244897959191,-0.000612244897959191,0.34183673469387754,0.001836734693877573,0.001836734693877573,0.37244897959183676,0.09255076076232027,0.16397440332065027,0.3384615384615385,0.37244897959183676,0.09255076076232027,0.16397440332065027,0.3384615384615385,0.37244897959183676,0.09255076076232027,0.16397440332065027,0.3384615384615385,14.0,1.0,1.0,22.0,0.0,0.0,29.0,0.0,0.0,0.00015132445066397816,0.000114717716467917,8.032316110902313e-05,-0.007252937709933072,-0.007123574118958587,-0.007061091909539741,0.05102040816326531,-0.2781083807838109,10,-0.3259258270263672
807,1,test,2.4616131780564414,1.185588622476073,1.6087886074013862,3.92089284648511,1.8884225962792538,2.562501614184243,11.723708723274564,8.14133885572442,9.377444031629365,18.673691738868467,12.967641530674825,14.936527619241982,2.318994842120803,1.10136072826503,1.498550644229793,3.680944193842544,1.748191632166714,2.378651816237767,10.165451285603957,6.786267780229558,7.893942672800844,16.135636961276123,10.771853619411996,12.530067734604515,2.4616131780564414,1.185588622476073,1.6087886074013862,3.92089284648511,1.8884225962792538,2.562501614184243,11.723708723274564,8.14133885572442,9.377444031629365,18.673691738868467,12.967641530674825,14.936527619241982,0.5376884422110553,-0.0023115577889447625,-0.0023115577889447625,0.40703517587939697,-0.00296482412060306,-0.00296482412060306,0.321608040201005,-0.0033919597989949812,-0.0033919597989949812,0.39622641509433965,0.12127349607362403,0.19296418171918284,0.3560606060606061,0.3919597989949749,0.13381443558645356,0.19663425642402332,0.3282828282828283,0.39622641509433965,0.12127349607362403,0.19296418171918284,0.3560606060606061,17.0,-3.0,-3.0,29.0,-12.0,-12.0,35.0,-8.0,-8.0,-1.0694493977746528e-05,-8.045003885575836e-05,0.00016417229713387209,-0.0001486651793047855,0.00023534568223659846,7.884916357880911e-05,0.03773584905660377,0.2997432535708995,10,-0.6532318592071533
226,1,test,3.3344505264352287,1.5993410780632094,2.1745366676836237,5.09152625294002,2.442107634168374,3.3204003009540366,28.062959132431363,22.393410839752033,24.873300629315064,42.85062622017963,34.19353152177706,37.980189583684684,3.392894109756681,1.6028438604791522,2.1958039250280117,4.989550161406884,2.3571233242340472,3.2291234191588405,29.751933151315257,23.762179711711134,26.441463113370048,43.75284286958126,34.94438192898696,38.88450457848536,3.3344505264352287,1.5993410780632094,2.1745366676836237,5.09152625294002,2.442107634168374,3.3204003009540366,28.062959132431363,22.393410839752033,24.873300629315064,42.85062622017963,34.19353152177706,37.980189583684684,0.7587939698492463,-0.001206030150753712,-0.001206030150753712,0.6231155778894473,-0.0018844221105527303,-0.0018844221105527303,0.44723618090452266,-0.0027638190954772934,-0.0027638190954772934,0.39370078740157477,0.05971257522082818,0.14762748897225542,0.41501976284584985,0.3919597989949749,0.05612019999748119,0.14321188580632715,0.4292929292929293,0.39370078740157477,0.05971257522082818,0.14762748897225542,0.41501976284584985,23.0,-10.0,-10.0,32.0,-10.0,-10.0,44.0,-15.0,-15.0,-0.00024347992400221012,1.5475642645205555e-05,5.201344798724494e-05,-7.243603883999583e-05,-0.00013431153772813786,0.00011739929023413254,0.9566929133858267,-0.4229296053324134,243,-0.37268757820129395
110,1,test,2.4200246732893573,1.1376055375935468,1.5635308269554204,4.148613725638898,1.9501809215889376,2.6803385604950067,11.2461367906459,7.640785772880935,8.8912471931296,19.279091641107257,13.098489896367315,15.242138045365028,2.499762899780397,1.150449060844214,1.5954897628526583,3.9678776186990428,1.8261096203876415,2.532523433099458,12.179605831111687,8.32482620775734,9.709470011246609,19.332707668431247,13.214009853583079,15.411857160708902,2.4200246732893573,1.1376055375935468,1.5635308269554204,4.148613725638898,1.9501809215889376,2.6803385604950067,11.2461367906459,7.640785772880935,8.8912471931296,19.279091641107257,13.098489896367315,15.242138045365028,0.6130653266331658,-0.001934673366834172,-0.001934673366834172,0.4371859296482412,-0.002814070351758735,-0.002814070351758735,0.31658291457286436,-0.003417085427135591,-0.003417085427135591,0.37262357414448666,0.09178865953348092,0.1627626386198343,0.3015267175572519,0.3919597989949749,0.0962204506240476,0.16825362203337224,0.30808080808080807,0.37262357414448666,0.09178865953348092,0.1627626386198343,0.3015267175572519,19.0,-2.0,-2.0,28.0,-3.0,-3.0,35.0,-4.0,-4.0,0.0001351115002397483,0.0004107771722694906,0.00035229199240834194,-0.00013480533558407615,-0.00018378111340844328,8.585827751517172e-05,0.03802281368821293,1.1043209362610074,10,-0.5844874382019043
869,1,test,2.158815297954076,1.0522716487484642,1.4192492737801223,4.288258959201293,2.090226676425521,2.8191890336312637,8.66087102658966,5.636982335294766,6.565844900101061,17.203907073225718,11.197271033374635,13.042358577071493,2.2785901033724594,1.083968267906304,1.4812223695430977,3.7662646336734866,1.7916830874484364,2.4483014372613185,9.762906013310094,6.460597295004227,7.543215597483684,16.137034732743956,10.67867321488302,12.468124954518485,2.158815297954076,1.0522716487484642,1.4192492737801223,4.288258959201293,2.090226676425521,2.8191890336312637,8.66087102658966,5.636982335294766,6.565844900101061,17.203907073225718,11.197271033374635,13.042358577071493,0.5326633165829145,-0.0023366834170853723,-0.0023366834170853723,0.3919597989949749,-0.0030402010050251116,-0.0030402010050251116,0.29145728643216084,-0.0035427135678391952,-0.0035427135678391952,0.3573883161512027,0.08980684102255776,0.15624545900834552,0.3758620689655172,0.3467336683417085,0.08357577360486634,0.1497386766889539,0.3939393939393939,0.3573883161512027,0.08980684102255776,0.15624545900834552,0.3758620689655172,17.0,0.0,0.0,28.0,0.0,0.0,33.0,0.0,0.0,-0.00036920542786504705,-0.00022852963963472056,0.00013081154960102777,-0.005004372189240769,-0.004108819101784178,-0.004200469803375739,0.03436426116838488,0.30789514343927993,10,-0.669978141784668
984,1,test,3.145480842129814,1.482880279123686,2.0253982877413987,4.959439119186271,2.3380382315017627,3.1934193861934936,23.230843156223568,17.95783734296041,20.165735925322103,36.62777111134636,28.31389078000506,31.79505602949559,3.4016374700459076,1.6191306724164376,2.2028630527157023,4.724496486174872,2.248792600578386,3.059532017660698,30.01320555710557,24.06846554121207,26.69715521965398,41.685007718202186,33.428424362794544,37.07938224951942,3.145480842129814,1.482880279123686,2.0253982877413987,4.959439119186271,2.3380382315017627,3.1934193861934936,23.230843156223568,17.95783734296041,20.165735925322103,36.62777111134636,28.31389078000506,31.79505602949559,0.7236180904522613,-0.0013819095477386467,-0.0013819095477386467,0.5778894472361809,-0.002110552763819218,-0.002110552763819218,0.4723618090452262,-0.0026381909547738003,-0.0026381909547738003,0.41015625,0.1002147295321637,0.16859780844155847,0.38431372549019605,0.40703517587939697,0.08122063953854486,0.15995671177255222,0.4191919191919192,0.41015625,0.1002147295321637,0.16859780844155847,0.38431372549019605,19.0,0.0,0.0,33.0,0.0,0.0,37.0,0.0,0.0,0.00041109948465507215,5.3603242711985704e-05,-5.646751204642524e-05,-0.00576093051064408,-0.005389797945199781,-0.0054738771383924245,0.04296875,0.27784204819868596,11,-0.5929408073425293
663,1,test,2.4098227775896968,1.1538351768574064,1.5699594594041137,5.277851294580252,2.527061549314461,3.4384323371456293,11.131988132471141,7.620683703123792,8.815937739295187,24.38062189576426,16.690370645573935,19.308145330428193,2.8926128521826335,1.352186565744821,1.8624787384669703,5.562717023428141,2.600358780278502,3.5816898816672507,18.040384933475487,13.373805787031689,15.238943412237703,34.69304794899132,25.71885728275325,29.30566040814943,2.4479189413229983,1.1644270095415772,1.589641744966061,5.2832782906251765,2.5131518191544835,3.4308814639555276,11.564255765769541,7.955034866119547,9.205162828936716,24.95882539374721,17.16913999881917,19.86725790417996,0.6030150753768844,-0.0019849246231156137,-0.0019849246231156137,0.4824120603015075,-0.0025879396984924696,-0.0025879396984924696,0.3919597989949749,-0.0030402010050251116,-0.0030402010050251116,0.38064516129032255,0.12943743182172351,0.18429322995985042,0.2912621359223301,0.40201005025125625,0.13634588985025375,0.18999001686227457,0.31313131313131315,0.3745819397993311,0.12082567936527433,0.1765841644934356,0.2919463087248322,24.0,-3.0,-3.0,34.0,-7.0,-7.0,45.0,-6.0,-6.0,0.0027195223374339517,0.0006884803111774747,0.00030779456882205225,-0.03695816339270497,-0.03268059230301912,-0.03717006234020381,0.041935483870967745,0.2663113992143667,13,-1.0085628032684326
561,1,test,3.088378992801101,1.4916202488165504,2.0163665090335603,4.208673333326991,2.03269818221079,2.7477935760359307,21.94148183275054,17.004477464946078,19.020229271115195,29.900646811297307,23.17276831007358,25.91972420279424,3.088378992801101,1.4916202488165504,2.0163665090335603,4.208673333326991,2.03269818221079,2.7477935760359307,21.94148183275054,17.004477464946078,19.020229271115195,29.900646811297307,23.17276831007358,25.91972420279424,3.088378992801101,1.4916202488165504,2.0163665090335603,4.208673333326991,2.03269818221079,2.7477935760359307,21.94148183275054,17.004477464946078,19.020229271115195,29.900646811297307,23.17276831007358,25.91972420279424,0.6956521739130435,0.19065217391304345,0.19065217391304345,0.5,0.135,0.135,0.4130434782608695,0.11304347826086947,0.11304347826086947,0.4057971014492754,0.1169884371893476,0.16541248606465997,0.3941605839416058,0.4057971014492754,0.1169884371893476,0.16541248606465997,0.3941605839416058,0.4057971014492754,0.1169884371893476,0.16541248606465997,0.3941605839416058,19.0,3.0,3.0,30.0,5.0,5.0,32.0,5.0,5.0,-6.116394107863654e-05,8.277434766477253e-05,-5.3331517178576726e-05,-6.658904255019138e-05,6.000825494645312e-05,-4.002896295141056e-05,0.10144927536231885,0.2603404653927022,14,-0.4982118606567383
802,1,test,3.0131900735680817,1.4664745379803332,1.979415080513462,4.781801638488478,2.327231332012268,3.141245671249625,20.352221561429854,15.656200649804362,17.5405617391253,32.298090738790854,24.845709726863443,27.836108846872758,3.129406774864092,1.4952732546017382,2.0343357160457542,4.63615818498384,2.21521963644702,3.013830690438154,22.860414146882622,17.73539879626549,19.87101904815308,33.867280217603884,26.27466488335628,29.43854673800456,3.0131900735680817,1.4664745379803332,1.979415080513462,4.781801638488478,2.327231332012268,3.141245671249625,20.352221561429854,15.656200649804362,17.5405617391253,32.298090738790854,24.845709726863443,27.836108846872758,0.6934673366834171,-0.0015326633165829717,-0.0015326633165829717,0.5226130653266332,-0.002386934673366814,-0.002386934673366814,0.42713567839195976,-0.002864321608040288,-0.002864321608040288,0.40893470790378006,0.10361738371853135,0.17236327933235152,0.36896551724137927,0.4170854271356784,0.11883981310059066,0.18002365751965166,0.36868686868686873,0.40893470790378006,0.10361738371853135,0.17236327933235152,0.36896551724137927,28.0,-10.0,-10.0,38.0,-6.0,-6.0,45.0,-3.0,-3.0,0.0007800630561084802,0.0007044647763119997,5.804782332173512e-05,-0.00032884314767755995,0.00013463403094249315,-1.2269317609892028e-05,0.03436426116838488,0.4749256033961123,10,-0.2599833011627197
729,1,test,3.442680723237971,1.6447984884868756,2.239791363744281,4.774283644490394,2.2809941302601016,3.106125759154805,31.27067393105445,25.233824643259673,27.94095012478046,43.36593460250004,34.99407757131294,38.748298757950266,3.442680723237971,1.6447984884868756,2.239791363744281,4.774283644490394,2.2809941302601016,3.106125759154805,31.27067393105445,25.233824643259673,27.94095012478046,43.36593460250004,34.99407757131294,38.748298757950266,3.442680723237971,1.6447984884868756,2.239791363744281,4.774283644490394,2.2809941302601016,3.106125759154805,31.27067393105445,25.233824643259673,27.94095012478046,43.36593460250004,34.99407757131294,38.748298757950266,0.7123287671232876,0.1723287671232876,0.1723287671232876,0.6027397260273972,0.14773972602739727,0.14773972602739727,0.4726027397260274,0.11260273972602741,0.11260273972602741,0.43150684931506844,0.11986301369863006,0.1917808219178082,0.40689655172413797,0.43150684931506844,0.11986301369863006,0.1917808219178082,0.40689655172413797,0.43150684931506844,0.11986301369863006,0.1917808219178082,0.40689655172413797,20.0,3.0,3.0,31.0,4.0,4.0,37.0,5.0,5.0,-0.0005733394966685237,2.1625771571155166e-05,6.42834509336072e-05,-0.00016829067479662285,-9.662560443324253e-06,4.7964647056808474e-05,0.9246575342465754,-0.7282659657042765,135,-0.7819786071777344
952,1,test,1.307039371542185,0.575710084616355,0.8119367892396139,4.050208422927018,1.7839905091198163,2.5160016555449767,3.6952173357312343,1.617376516385085,2.054550801955582,11.450611744056047,5.011870439662424,6.366571003590753,1.6418561348486176,0.6959441579874855,1.0034714130010753,4.053965765058315,1.7183806370061374,2.477707192595248,5.164747087903102,2.5895862928134217,3.271327079984191,12.752461945439757,6.394040229168942,8.07735081477578,1.307039371542185,0.575710084616355,0.8119367892396139,4.050208422927018,1.7839905091198163,2.5160016555449767,3.6952173357312343,1.617376516385085,2.054550801955582,11.450611744056047,5.011870439662424,6.366571003590753,0.3668341708542714,-0.0031658291457286047,-0.0031658291457286047,0.29145728643216084,-0.0035427135678391952,-0.0035427135678391952,0.2160804020100503,-0.003919597989949675,-0.003919597989949675,0.264,0.09399999999999997,0.14,0.15662650602409633,0.31155778894472363,0.11306532663316582,0.16080402010050254,0.19696969696969702,0.264,0.09399999999999997,0.14,0.15662650602409633,21.0,-12.0,-12.0,30.0,-19.0,-19.0,36.0,-21.0,-21.0,0.0007389356323624841,0.0008237221749988969,0.0010398561710102336,-0.016332889981685028,-0.019244649859210927,-0.020788206876432902,0.04,-0.2906938237709926,10,-0.4377744197845459
377,1,test,2.5412501000762573,1.229817851753117,1.6627526390804483,4.048771345884207,1.9593708146575088,2.6491313232807148,12.69553174019039,8.984046063777752,10.288251784527915,20.226779382676217,14.313564915171337,16.391451995688545,2.583700735226388,1.2393437745091098,1.680257729471089,3.799559904744688,1.8225643742781024,2.4709672492221895,13.24606775563034,9.410348526376337,10.777981621637718,19.479511405338734,13.838747832906376,15.849972972996643,2.5412501000762573,1.229817851753117,1.6627526390804483,4.048771345884207,1.9593708146575088,2.6491313232807148,12.69553174019039,8.984046063777752,10.288251784527915,20.226779382676217,14.313564915171337,16.391451995688545,0.6482412060301508,-0.0017587939698492372,-0.0017587939698492372,0.44221105527638194,-0.0027889447236180143,-0.0027889447236180143,0.3266331658291457,-0.0033668341708542604,-0.0033668341708542604,0.40569395017793597,0.11439732495591115,0.1867590389353324,0.3821428571428571,0.371859296482412,0.0761199481114847,0.14648367043900634,0.35858585858585856,0.40569395017793597,0.11439732495591115,0.1867590389353324,0.3821428571428571,20.0,-5.0,-5.0,30.0,-6.0,-6.0,36.0,-4.0,-4.0,0.0001284937210272828,0.00021784332832929854,0.00018188980589238719,-0.00025954392907312496,0.0001733692814402943,2.277625207813827e-05,0.060498220640569395,-0.2783297593714135,17,-0.17271757125854492
351,1,test,2.9252084347540706,1.4313337753349027,1.9270153715530076,4.637994952471915,2.2694173674717866,3.055333582528124,18.638110475033542,14.18378937199833,15.924735975088772,29.55121463475713,22.4887713069184,25.249087960502592,3.01000090489157,1.4708094790989386,1.9810018839401446,4.595421228842091,2.245510655112883,3.0244303571605258,20.287418283146405,15.626598155113758,17.489154853852998,30.973157684192984,23.857401763532454,26.700999776874806,2.9252084347540706,1.4313337753349027,1.9270153715530076,4.637994952471915,2.2694173674717866,3.055333582528124,18.638110475033542,14.18378937199833,15.924735975088772,29.55121463475713,22.4887713069184,25.249087960502592,0.7035175879396984,-0.001482412060301641,-0.001482412060301641,0.542713567839196,-0.0022864321608039306,-0.0022864321608039306,0.40703517587939697,-0.00296482412060306,-0.00296482412060306,0.4083333333333333,0.09648302148302146,0.172876269621422,0.35564853556485354,0.40201005025125625,0.08622057656704574,0.1599399333898205,0.36363636363636365,0.4083333333333333,0.09648302148302146,0.172876269621422,0.35564853556485354,17.0,0.0,0.0,27.0,0.0,0.0,38.0,0.0,0.0,0.0003261868553649796,0.00017685977815279217,2.9697731639346625e-05,2.4582867206746073e-05,-5.7358864443912694e-05,-7.978146849918488e-05,0.9125,-0.19139078035023074,219,-0.28327131271362305
174,1,test,2.4386346137249055,1.1989189374542233,1.6088483999663574,4.341115518049301,2.13424576809227,2.8639783573869204,11.457386300043682,8.002755208525759,9.164557787369608,20.395772775255068,14.246039413758622,16.31421279879271,2.433872682686525,1.1573151199336846,1.5796929739640841,3.957516557213862,1.881813203144203,2.5686064617302184,11.402956714423052,7.818676909079002,9.053510354865288,18.5413930315822,12.71329578712033,14.721155048561446,2.4386346137249055,1.1989189374542233,1.6088483999663574,4.341115518049301,2.13424576809227,2.8639783573869204,11.457386300043682,8.002755208525759,9.164557787369608,20.395772775255068,14.246039413758622,16.31421279879271,0.6281407035175879,-0.0018592964824121205,-0.0018592964824121205,0.4170854271356784,-0.0029145728643216184,-0.0029145728643216184,0.2814070351758794,-0.003592964824120637,-0.003592964824120637,0.356,0.05599999999999994,0.124,0.3012048192771084,0.35678391959798994,0.07035175879396982,0.12730318257956452,0.28787878787878785,0.356,0.05599999999999994,0.124,0.3012048192771084,21.0,-8.0,-8.0,30.0,-9.0,-9.0,36.0,-9.0,-9.0,-4.5276545338147684e-05,0.00017571950527120028,0.000267958450290572,-0.00472024539296001,-0.005356818228077209,-0.005452849796579784,0.952,0.1902926728912292,238,-0.14362025260925293
784,1,test,2.943861740606591,1.4037919589971133,1.9135659046163989,4.526400132955799,2.158431567012903,2.942245841780128,18.989035632195243,14.324119847233142,16.18714101882613,29.19701432464702,22.024369244878706,24.88889890755925,2.9355271398499325,1.400409657685534,1.906451117965812,4.285441080072894,2.044393660854794,2.7831403181982655,18.831427315008355,14.189556480054279,16.0329484085251,27.491134766435554,20.714680992779968,23.40576410003664,2.943861740606591,1.4037919589971133,1.9135659046163989,4.526400132955799,2.158431567012903,2.942245841780128,18.989035632195243,14.324119847233142,16.18714101882613,29.19701432464702,22.024369244878706,24.88889890755925,0.6683417085427136,-0.0016582914572863539,-0.0016582914572863539,0.49246231155778897,-0.002537688442211028,-0.002537688442211028,0.36180904522613067,-0.0031909547738693256,-0.0031909547738693256,0.38113207547169814,0.0986461997654835,0.15277573921071952,0.33712121212121215,0.371859296482412,0.0811324794398055,0.14147532319359735,0.31313131313131315,0.38113207547169814,0.0986461997654835,0.15277573921071952,0.33712121212121215,22.0,0.0,0.0,32.0,0.0,0.0,39.0,0.0,0.0,0.00019660018166217888,0.00018071038733993418,0.0003161733386045904,-0.0001486651793047855,0.00023534568223659846,7.884916357880911e-05,0.04150943396226415,0.7311655697550685,11,-0.3606843948364258
155,1,test,3.149543693105125,1.5552058583657882,2.0831614577428565,4.672399984276834,2.3071735261470487,3.0904043603877547,23.325418602876496,18.40035181885592,20.420567204180983,34.60364298228931,27.297225225775268,30.294248050158604,3.2209087647923242,1.5627113745762597,2.107692609846688,4.7020565909376995,2.2813304738339557,3.076923518024362,25.05087519368768,19.80103629475007,22.00674212248288,36.570620720711936,28.906622328102287,32.12663083574142,3.149543693105125,1.5552058583657882,2.0831614577428565,4.672399984276834,2.3071735261470487,3.0904043603877547,23.325418602876496,18.40035181885592,20.420567204180983,34.60364298228931,27.297225225775268,30.294248050158604,0.7035175879396984,-0.001482412060301641,-0.001482412060301641,0.5527638190954773,-0.0022361809045226,-0.0022361809045226,0.40703517587939697,-0.00296482412060306,-0.00296482412060306,0.3940520446096655,0.09349545833879347,0.16537466512882493,0.3470149253731343,0.3869346733668342,0.08618279366758608,0.14820345466900442,0.33333333333333337,0.3940520446096655,0.09349545833879347,0.16537466512882493,0.3470149253731343,18.0,0.0,0.0,31.0,0.0,0.0,38.0,0.0,0.0,0.00025116035018476557,0.00034935569268275217,0.00022511270113535767,-0.00017638486674709242,0.00021985158203818855,6.483093570341936e-05,0.040892193308550186,-0.37900956354794524,11,-0.5021169185638428
795,1,test,2.745858694768245,1.3304560175098707,1.7541354541536194,4.771929187995299,2.312151719750164,3.048448993140756,15.577984924716958,11.459840509472617,12.882108809636462,27.07242040314889,19.91564515723882,22.387354144902204,3.2559554014687224,1.5688874562482777,2.128949166949069,4.896173536043191,2.359229257516207,3.201427318720405,25.94439000516974,20.540776241604526,22.857987315832926,39.014120308525925,30.888385325721092,34.372913256891614,2.9562001521188446,1.430384898035669,1.9368629450994141,4.954525394612588,2.397293125199445,3.246139014133096,19.224781542320407,14.62589023598468,16.453424223389316,32.22030426087219,24.512665199974325,27.575571324116172,0.7085427135678393,-0.0014572864321606982,-0.0014572864321606982,0.5678391959798995,-0.0021608040201005485,-0.0021608040201005485,0.4522613065326633,-0.0027386934673366836,-0.0027386934673366836,0.4061624649859944,0.10686176568529515,0.17546842784034433,0.351123595505618,0.42713567839195976,0.1188650017002304,0.1934128069395391,0.38888888888888884,0.43143812709030105,0.12425949603854813,0.20229463432055694,0.3791946308724832,21.0,0.0,0.0,34.0,0.0,0.0,38.0,0.0,0.0,0.00045290913593363217,0.0008127928733101348,0.0005029417779801263,-0.015522833281150561,-0.017180175804232256,-0.02032674567177839,0.028011204481792718,0.19150106408048437,10,-0.25958991050720215
709,1,test,2.0509285014138925,0.9625877908970333,1.320166381632299,3.2789535917666552,1.5389520854464913,2.1106363755726263,7.775116962915078,4.805773979856744,5.698454292477358,12.430588230833367,7.683305313474672,9.110491739207628,2.180613577942447,1.0202953181856864,1.4061143743036473,3.2546471312573835,1.522828833112965,2.098678170602459,8.85173582267336,5.660787157598486,6.682230447985301,13.211546003990088,8.448936056117141,9.973478280575076,2.0509285014138925,0.9625877908970333,1.320166381632299,3.2789535917666552,1.5389520854464913,2.1106363755726263,7.775116962915078,4.805773979856744,5.698454292477358,12.430588230833367,7.683305313474672,9.110491739207628,0.5226130653266332,-0.002386934673366814,-0.002386934673366814,0.4120603015075377,-0.0029396984924623393,-0.0029396984924623393,0.31155778894472363,-0.003442211055276312,-0.003442211055276312,0.3798449612403101,0.12259157632735074,0.1878346519619596,0.3929961089494164,0.40201005025125625,0.14135842117857456,0.21169285492571366,0.4191919191919192,0.3798449612403101,0.12259157632735074,0.1878346519619596,0.3929961089494164,16.0,-3.0,-3.0,29.0,-13.0,-13.0,33.0,-5.0,-5.0,0.00014283223381164714,-6.883845077172749e-05,-0.0002481986318949001,-0.0219379380375333,-0.021317632687654964,-0.0176013240196351,0.03875968992248062,0.3840813662844781,10,-0.7267069816589355
816,1,test,5.289646104359153,2.5883569745562083,3.4850643278519184,7.3145887536841405,3.5792123788785064,4.819190515857731,198.27324495474903,183.3743189549521,192.19581576147132,274.1747215389889,253.57230042989468,265.7707764826595,5.289646104359153,2.5883569745562083,3.4850643278519184,7.3145887536841405,3.5792123788785064,4.819190515857731,198.27324495474903,183.3743189549521,192.19581576147132,274.1747215389889,253.57230042989468,265.7707764826595,5.289646104359153,2.5883569745562083,3.4850643278519184,7.3145887536841405,3.5792123788785064,4.819190515857731,198.27324495474903,183.3743189549521,192.19581576147132,274.1747215389889,253.57230042989468,265.7707764826595,0.8579545454545454,0.0929545454545454,0.0929545454545454,0.75,0.08499999999999996,0.08499999999999996,0.6761363636363636,0.07613636363636367,0.07613636363636367,0.4772727272727273,0.1335227272727273,0.21780303030303028,0.48,0.4772727272727273,0.1335227272727273,0.21780303030303028,0.48,0.4772727272727273,0.1335227272727273,0.21780303030303028,0.48,27.0,1.0,1.0,39.0,4.0,4.0,48.0,2.0,2.0,-7.087915104438469e-05,-9.987086442584998e-05,-6.237275327422658e-05,-4.296983476148597e-05,1.1200416952128478e-05,3.029473674498462e-05,0.9375,-0.5505837736783178,165,-0.7894191741943359
964,1,test,2.240325485718169,1.0708879814813936,1.459972732240186,3.7549117295839736,1.7948685886800821,2.446996551219467,9.396389180246098,6.176208389299845,7.21414725707739,15.748877640130784,10.351673215868754,12.09131723369309,2.222313925747914,1.050916037243325,1.4405597001826953,3.613518578451893,1.708806564623293,2.342373496232025,9.228660614052053,6.002160839549447,7.043358195642034,15.005952217970819,9.759611121218615,11.45261495226347,2.240325485718169,1.0708879814813936,1.459972732240186,3.7549117295839736,1.7948685886800821,2.446996551219467,9.396389180246098,6.176208389299845,7.21414725707739,15.748877640130784,10.351673215868754,12.09131723369309,0.6030150753768844,-0.0019849246231156137,-0.0019849246231156137,0.42713567839195976,-0.002864321608040288,-0.002864321608040288,0.26633165829145733,-0.0036683417085426884,-0.0036683417085426884,0.36708860759493667,0.07656229180546303,0.1468922541587515,0.3389830508474576,0.3668341708542714,0.07360108814750443,0.14479744297447172,0.3282828282828283,0.36708860759493667,0.07656229180546303,0.1468922541587515,0.3389830508474576,17.0,-6.0,-6.0,30.0,-14.0,-14.0,38.0,-19.0,-19.0,0.00010974134380334334,8.877051544420996e-05,5.3000187839756215e-05,-0.010304791036857885,-0.010529855342745975,-0.011234724370018156,0.04219409282700422,0.31558722654991134,10,-0.3290247917175293
47,1,test,2.6502668693323495,1.2705664628110465,1.722178145619272,4.681493302032325,2.244358277374257,3.042095702480758,14.157816428283923,10.184105477026911,11.628146771652165,25.008697632443134,17.989441791536585,20.540230063794336,2.77850138999772,1.3179870219039482,1.8018050463575688,4.5925642809879665,2.178490945295782,2.978190159268709,16.094882913275523,11.786707967014564,13.439214595022602,26.603112253347973,19.482161928949694,22.213577843012565,2.6502668693323495,1.2705664628110465,1.722178145619272,4.681493302032325,2.244358277374257,3.042095702480758,14.157816428283923,10.184105477026911,11.628146771652165,25.008697632443134,17.989441791536585,20.540230063794336,0.6683417085427136,-0.0016582914572863539,-0.0016582914572863539,0.48743718592964824,-0.002562814070351749,-0.002562814070351749,0.3467336683417085,-0.003266331658291488,-0.003266331658291488,0.39004149377593356,0.10432720806164786,0.16245528687938182,0.30833333333333335,0.3869346733668342,0.10372665331670883,0.15488125099621652,0.30808080808080807,0.39004149377593356,0.10432720806164786,0.16245528687938182,0.30833333333333335,19.0,-4.0,-4.0,28.0,-4.0,-4.0,38.0,-9.0,-9.0,0.0006562633746143561,0.0002892812211548587,-7.417650326434117e-05,1.765294534639139e-05,-6.285548396256502e-05,-8.431204445269458e-05,0.04149377593360996,0.5080771800711094,10,-0.20892858505249023
670,1,test,2.4242551972588617,1.175630695784244,1.5909097793633367,4.123868895337085,1.999850042285154,2.7062758746778495,11.293814621898202,7.808269325683012,8.992810924551108,19.211760742685527,13.282545102928168,15.29755336622009,2.381507413038446,1.1154412958421518,1.5362833130631308,3.476653157720359,1.6283814537841632,2.2427493621359575,10.821202597516475,7.274330495047699,8.49270302471464,15.797376054768575,10.619460576711969,12.398106605422832,2.433686105416127,1.173892835119374,1.5929981069819066,4.056143509026879,1.9564880585322904,2.6549968449698444,11.400829380347073,7.876136626991515,9.08286819837042,19.001382300578456,13.126894378319193,15.138113663950701,0.5376884422110553,-0.0023115577889447625,-0.0023115577889447625,0.44221105527638194,-0.0027889447236180143,-0.0027889447236180143,0.33668341708542715,-0.0033165829145728187,-0.0033165829145728187,0.3782051282051282,0.12540512820512817,0.18524137553988296,0.3987138263665595,0.4120603015075377,0.15892746942733715,0.2184042080183891,0.4191919191919192,0.3846153846153846,0.12585077693591884,0.19106699751861034,0.40604026845637586,19.0,-9.0,-9.0,29.0,-15.0,-15.0,37.0,-16.0,-16.0,-0.0008251726283113107,-0.00031827399133757496,-8.236557360173125e-05,-0.008855869789385018,-0.009402811061652194,-0.009831593631194124,0.9551282051282052,-0.452390881184721,298,-0.7064332962036133
400,1,test,2.2205538684884774,1.0628029188357697,1.4470779649683392,3.8046432523783467,1.820980797240905,2.479388360359766,9.21243192884046,6.029664911607535,7.045145473755781,15.78435789081582,10.331081918614183,12.07098173528857,2.328553631510558,1.0923753991762675,1.498954339469782,3.8488489777034016,1.8055791721921777,2.4776104784624495,10.263086587725825,6.820654470699893,7.970686614442989,16.963779483844338,11.27380904247916,13.174688618914029,2.2205538684884774,1.0628029188357697,1.4470779649683392,3.8046432523783467,1.820980797240905,2.479388360359766,9.21243192884046,6.029664911607535,7.045145473755781,15.78435789081582,10.331081918614183,12.07098173528857,0.5376884422110553,-0.0023115577889447625,-0.0023115577889447625,0.39698492462311563,-0.0030150753768843908,-0.0030150753768843908,0.27638190954773867,-0.0036180904522613577,-0.0036180904522613577,0.3656716417910447,0.10123961199588638,0.16591978074886105,0.31835205992509363,0.36180904522613067,0.09363861916096772,0.1631446044915731,0.31313131313131315,0.3656716417910447,0.10123961199588638,0.16591978074886105,0.31835205992509363,13.0,0.0,0.0,22.0,0.0,0.0,26.0,0.0,0.0,1.7360504849307758e-05,0.0006925525138740254,0.00032800946046476314,-0.02181296696424262,-0.02406886267572883,-0.02130233037592788,0.9552238805970149,0.4274912732621185,256,-0.5148694515228271
97,1,test,2.8998943519341593,1.4148646842340094,1.9080671261843147,4.928144158778283,2.4044521223398774,3.2426111855386623,18.172225407558386,13.757129010966786,15.476068946859893,30.882279016313095,23.379167220949334,26.30037150506826,3.0226637336501385,1.454699890356718,1.9736362478627227,4.511438408433042,2.1711938662040566,2.9457257430786905,20.54594778972308,15.749076727639748,17.691074427064606,30.665593716004594,23.506084668119023,26.404588697111347,2.8998943519341593,1.4148646842340094,1.9080671261843147,4.928144158778283,2.4044521223398774,3.2426111855386623,18.172225407558386,13.757129010966786,15.476068946859893,30.882279016313095,23.379167220949334,26.30037150506826,0.6331658291457287,-0.0018341708542712887,-0.0018341708542712887,0.5025125628140703,-0.0024874371859296973,-0.0024874371859296973,0.42713567839195976,-0.002864321608040288,-0.002864321608040288,0.40955631399317405,0.12505886935944321,0.19616244339158495,0.386986301369863,0.42713567839195976,0.1389151270135136,0.21511564500297808,0.41414141414141414,0.40955631399317405,0.12505886935944321,0.19616244339158495,0.386986301369863,24.0,-3.0,-3.0,35.0,-3.0,-3.0,42.0,-1.0,-1.0,0.0005262833278476715,5.1114164119185065e-05,0.00011375740023772148,-0.0003427029913991575,0.00012688698084151184,-1.9278431547142816e-05,0.051194539249146756,0.3351240107176559,15,-0.46128034591674805
840,1,test,2.582194831515556,1.213722329493727,1.6675161096529636,4.066570303524498,1.9114309739931152,2.62608824454329,13.226135464865298,9.296791420883629,10.730162243418542,20.829183396763913,14.64105475264907,16.89839922167112,2.5502556290023555,1.201132937077203,1.6477359380185903,3.864023680306599,1.8198983895109135,2.4965696030584703,12.810378068309413,8.95633520414135,10.344569702991175,19.409663739862747,13.570204854759623,15.673590459077538,2.582194831515556,1.213722329493727,1.6675161096529636,4.066570303524498,1.9114309739931152,2.62608824454329,13.226135464865298,9.296791420883629,10.730162243418542,20.829183396763913,14.64105475264907,16.89839922167112,0.6482412060301508,-0.0017587939698492372,-0.0017587939698492372,0.46733668341708545,-0.002663316582914521,-0.002663316582914521,0.36180904522613067,-0.0031909547738693256,-0.0031909547738693256,0.3893129770992366,0.0935114503816794,0.15776081424936383,0.3754789272030651,0.3919597989949749,0.085427135678392,0.16080402010050254,0.3737373737373737,0.3893129770992366,0.0935114503816794,0.15776081424936383,0.3754789272030651,18.0,-2.0,-2.0,29.0,-2.0,-2.0,37.0,-1.0,-1.0,0.00010005675606493933,-0.00013228163471886727,-1.1300018511286452e-05,-0.00012787541372372146,-0.00017828449388890277,8.936283448512938e-05,0.04961832061068702,0.3203599696957171,13,-0.48779797554016113
778,1,test,2.633508812425971,1.2553117133400231,1.7127509711932984,4.487873005791004,2.1392294286504536,2.918770885820532,13.92253586363049,9.954794133680897,11.411343109217878,23.725978276482728,16.964382902367447,19.446549203874252,2.7685751714465066,1.3038154926605001,1.7875533040929503,4.501748246254483,2.120025191317887,2.906590738362522,15.935911883793167,11.609408518980437,13.268731529411399,25.912051843566125,18.877087022732418,21.57517321855512,2.633508812425971,1.2553117133400231,1.7127509711932984,4.487873005791004,2.1392294286504536,2.918770885820532,13.92253586363049,9.954794133680897,11.411343109217878,23.725978276482728,16.964382902367447,19.446549203874252,0.6381909547738693,-0.0018090452261306789,-0.0018090452261306789,0.457286432160804,-0.0027135678391959628,-0.0027135678391959628,0.3316582914572864,-0.0033417085427135396,-0.0033417085427135396,0.3693379790940766,0.08585971822451144,0.15033450284842198,0.3531468531468531,0.35678391959798994,0.07106963388370424,0.13474719171819027,0.3535353535353535,0.3693379790940766,0.08585971822451144,0.15033450284842198,0.3531468531468531,19.0,0.0,0.0,28.0,0.0,0.0,35.0,0.0,0.0,0.001108252155271927,2.787365030233241e-05,-7.303613766341643e-05,-0.02816872533101833,-0.022438335300607015,-0.024347536052844454,0.03484320557491289,0.5785185677150627,10,-0.6262178421020508
211,1,test,2.177279233200127,1.0384415902297448,1.416938332631302,3.6287987220002123,1.7307359837162415,2.361563887718837,8.822270235385158,5.699134179958911,6.683264951046388,14.70378372564193,9.498556966598183,11.138774918410647,2.0697124483248164,0.9623720669317146,1.3305043229360833,3.259389682401286,1.5155465620971886,2.0952823983245406,7.922544649290841,4.896245768533938,5.828268195946361,12.47644826659975,7.710623257533761,9.178375111726552,2.177279233200127,1.0384415902297448,1.416938332631302,3.6287987220002123,1.7307359837162415,2.361563887718837,8.822270235385158,5.699134179958911,6.683264951046388,14.70378372564193,9.498556966598183,11.138774918410647,0.4824120603015075,-0.0025879396984924696,-0.0025879396984924696,0.35678391959798994,-0.0032160804020100464,-0.0032160804020100464,0.27638190954773867,-0.0036180904522613577,-0.0036180904522613577,0.33333333333333337,0.08646392367322608,0.14024632499006762,0.3381294964028777,0.3467336683417085,0.10863843024647035,0.1614248202615749,0.33333333333333337,0.33333333333333337,0.08646392367322608,0.14024632499006762,0.3381294964028777,19.0,-3.0,-3.0,26.0,-2.0,-2.0,34.0,-5.0,-5.0,-0.0005437611334657195,-0.00032643561086926064,-3.7140377353077605e-05,-0.02515152668062104,-0.024716127683115374,-0.02571878949176387,0.07168458781362007,0.27202241608161065,20,-0.9230985641479492
309,1,test,3.5873734643980737,1.7624293570908862,2.367847087367978,5.972275376483944,2.9341002704641572,3.9420024136070246,36.139030710515044,29.9365823726382,32.753446846962895,60.1644198420865,49.83855612874963,54.52808469494382,3.3037103852116734,1.582051707860248,2.1537099378397837,5.795983131950305,2.775529312035523,3.778438487438217,27.213424115481313,21.619625033967203,24.0552297929045,47.742849325405814,37.92916672625825,42.2021575314114,3.5873734643980737,1.7624293570908862,2.367847087367978,5.972275376483944,2.9341002704641572,3.9420024136070246,36.139030710515044,29.9365823726382,32.753446846962895,60.1644198420865,49.83855612874963,54.52808469494382,0.7336683417085428,-0.001331658291457205,-0.001331658291457205,0.6130653266331658,-0.001934673366834172,-0.001934673366834172,0.4522613065326633,-0.0027386934673366836,-0.0027386934673366836,0.42087542087542085,0.08642163936281577,0.17115537608258768,0.45945945945945943,0.40201005025125625,0.06115791992544173,0.1532621370626085,0.4292929292929293,0.42087542087542085,0.08642163936281577,0.17115537608258768,0.45945945945945943,26.0,-6.0,-6.0,38.0,-6.0,-6.0,45.0,-7.0,-7.0,-0.0006961820261574886,-0.0001140483014735619,-0.0002652297157940574,0.0005149329265217162,0.00011139288064487829,-3.329665942342075e-05,0.9595959595959596,-0.8407499466495559,285,-0.4256737232208252
619,1,test,2.370459655701592,1.1406361882182656,1.5492866453454879,4.175067651655062,2.008991479894106,2.72874357535044,10.702310531730294,7.281684900394781,8.429145811713116,18.849875968789487,12.825161147146936,14.84617294579149,2.401573229110155,1.1420655427944644,1.5588174629355038,3.9695425274548013,1.8877116409825856,2.5765577899760395,11.040532011221954,7.516845709934788,8.7177728650614,18.24881324168918,12.424538363528576,14.409541925721323,2.370459655701592,1.1406361882182656,1.5492866453454879,4.175067651655062,2.008991479894106,2.72874357535044,10.702310531730294,7.281684900394781,8.429145811713116,18.849875968789487,12.825161147146936,14.84617294579149,0.5477386934673367,-0.002261306532663321,-0.002261306532663321,0.42211055276381915,-0.0028894472361808976,-0.0028894472361808976,0.3417085427135679,-0.003291457286432098,-0.003291457286432098,0.38602941176470584,0.11997436589314625,0.18065043865957142,0.3726937269372693,0.38190954773869346,0.12376418433017211,0.17990620884052988,0.36363636363636365,0.38602941176470584,0.11997436589314625,0.18065043865957142,0.3726937269372693,18.0,0.0,0.0,25.0,0.0,0.0,35.0,0.0,0.0,0.00026780698071146445,0.00019265990291577294,-8.200069591440885e-05,-0.00019717463232815646,0.00020823100688893703,5.431726479621091e-05,0.9448529411764706,-0.18031941275370886,257,-0.4899425506591797
845,1,test,2.461064675793277,1.1619989668597985,1.5912999449602943,4.025715065701585,1.9007532769163595,2.602987327186707,11.717280005751396,8.051409928263597,9.330930652700909,19.166676565699305,13.170187101199394,15.263177955080296,2.408941736856672,1.12642272484755,1.5517065659496647,3.949084814519135,1.846594630897623,2.5437812556551878,11.122184716725329,7.516473591809726,8.765548734444529,18.23308969954972,12.322087855425782,14.369752023679556,2.461064675793277,1.1619989668597985,1.5912999449602943,4.025715065701585,1.9007532769163595,2.602987327186707,11.717280005751396,8.051409928263597,9.330930652700909,19.166676565699305,13.170187101199394,15.263177955080296,0.5829145728643217,-0.002085427135678275,-0.002085427135678275,0.44723618090452266,-0.0027638190954772934,-0.0027638190954772934,0.3266331658291457,-0.0033668341708542604,-0.0033668341708542604,0.39837398373983735,0.12454031234024299,0.18756317292902658,0.35918367346938773,0.39698492462311563,0.11127063890882993,0.18162599307052796,0.3434343434343434,0.39837398373983735,0.12454031234024299,0.18756317292902658,0.35918367346938773,16.0,0.0,0.0,23.0,0.0,0.0,32.0,0.0,0.0,0.00015108741912564546,4.436579733663513e-05,-0.00011860499128091073,-0.004692525705518591,-0.0053348317499954945,-0.005691232238909549,0.044715447154471545,0.5772158673363864,11,-0.5288796424865723
3,1,test,2.3147970500417094,1.1140448353325174,1.513183246672075,3.9028554913493942,1.8783314084094775,2.551297334505243,10.122868274561279,6.8002529714978,7.8937328610032065,17.067626741992854,11.465542800781174,13.309200754017034,2.3782408005893894,1.1270044840229387,1.5402592509316195,3.805185280943023,1.803207174436702,2.464414801490591,10.785911594793882,7.291250799954172,8.474215374299217,17.25745855167021,11.666001279926675,13.558744598878745,2.3147970500417094,1.1140448353325174,1.513183246672075,3.9028554913493942,1.8783314084094775,2.551297334505243,10.122868274561279,6.8002529714978,7.8937328610032065,17.067626741992854,11.465542800781174,13.309200754017034,0.5979899497487438,-0.0020100502512562235,-0.0020100502512562235,0.4522613065326633,-0.0027386934673366836,-0.0027386934673366836,0.3015075376884422,-0.0034924623115578646,-0.0034924623115578646,0.39100346020761245,0.10084801979310465,0.17236134283131788,0.3680555555555556,0.3919597989949749,0.10624551328068921,0.17493141836058423,0.36868686868686873,0.39100346020761245,0.10084801979310465,0.17236134283131788,0.3680555555555556,20.0,-6.0,-6.0,32.0,-12.0,-12.0,38.0,-9.0,-9.0,0.0004073754942597048,0.00025179217465757825,0.0001202817134297365,-0.0003149833039568506,0.00014238108104080993,-5.260203672641239e-06,0.04844290657439446,-0.3319863209097589,14,-0.6268818378448486
971,1,test,2.041233904052928,0.9725824548747233,1.3268867613962958,4.0680929214575965,1.9383157375320192,2.6444292498250124,7.700104529697836,4.788653917393609,5.657251974181399,15.345982971158364,9.543584919875997,11.27466414572772,1.9964381218674705,0.9082529466215847,1.2673438566094448,3.7668643808820197,1.7136848049463862,2.3912148237914055,7.362783998378181,4.393902816971177,5.2895820124079265,13.892045279958833,8.290382673530523,9.980343419637595,2.041233904052928,0.9725824548747233,1.3268867613962958,4.0680929214575965,1.9383157375320192,2.6444292498250124,7.700104529697836,4.788653917393609,5.657251974181399,15.345982971158364,9.543584919875997,11.27466414572772,0.48743718592964824,-0.002562814070351749,-0.002562814070351749,0.36180904522613067,-0.0031909547738693256,-0.0031909547738693256,0.2613065326633166,-0.003693467336683409,-0.003693467336683409,0.36879432624113473,0.1015376890729931,0.16360564699585167,0.33096085409252674,0.36180904522613067,0.11619501013841138,0.16815295173698208,0.303030303030303,0.36879432624113473,0.1015376890729931,0.16360564699585167,0.33096085409252674,18.0,-2.0,-2.0,26.0,0.0,0.0,34.0,-1.0,-1.0,-0.0007591894779237142,-0.0001376602208325956,-3.5794962339085457e-06,-0.04428770937187032,-0.049278109710891194,-0.05190579747687085,0.03546099290780142,0.8260381269703226,10,-0.45034027099609375
683,1,test,2.5795668154208165,1.2211137784377135,1.660583804109144,4.339138881568791,2.054058938564101,2.7932999088988253,13.191422600953562,9.301251906526419,10.684682833762484,22.189545302266254,15.645814465282848,17.97291019718987,2.5800686607677794,1.1902174831413268,1.6467589165186864,3.969336401181199,1.8311038202174261,2.5334752561825944,13.198044316405243,9.18379171846692,10.655132664261966,20.304683563700372,14.128910336102955,16.392511791172254,2.5795668154208165,1.2211137784377135,1.660583804109144,4.339138881568791,2.054058938564101,2.7932999088988253,13.191422600953562,9.301251906526419,10.684682833762484,22.189545302266254,15.645814465282848,17.97291019718987,0.5979899497487438,-0.0020100502512562235,-0.0020100502512562235,0.42211055276381915,-0.0028894472361808976,-0.0028894472361808976,0.31155778894472363,-0.003442211055276312,-0.003442211055276312,0.34782608695652173,0.07169196466855332,0.1323201736845112,0.3849206349206349,0.3467336683417085,0.081069507940706,0.1347136349527268,0.3939393939393939,0.34782608695652173,0.07169196466855332,0.1323201736845112,0.3849206349206349,18.0,-2.0,-2.0,27.0,-4.0,-4.0,34.0,-3.0,-3.0,-0.0005578452261386374,0.0003072224456839996,-0.0002829024914942079,-0.04113091479105435,-0.0411234358671102,-0.032779006978752356,0.9565217391304348,0.6030615916087189,242,-0.6366865634918213
192,1,test,2.4187966879813914,1.1706750025077874,1.584996708556078,4.473983416331594,2.165366181109176,2.931725938048171,11.23233517572013,7.7485420269113465,8.930285292852492,20.7761493773124,14.332270546509221,16.518109397890555,2.276980947731569,1.0839732885192468,1.4741759056692403,4.03005477474614,1.9185367938393751,2.609160894989806,9.747208611196085,6.450226101330059,7.515416183027025,17.251696656984222,11.416329382885062,13.301621562879692,2.4187966879813914,1.1706750025077874,1.584996708556078,4.473983416331594,2.165366181109176,2.931725938048171,11.23233517572013,7.7485420269113465,8.930285292852492,20.7761493773124,14.332270546509221,16.518109397890555,0.6130653266331658,-0.001934673366834172,-0.001934673366834172,0.4120603015075377,-0.0029396984924623393,-0.0029396984924623393,0.2814070351758794,-0.003592964824120637,-0.003592964824120637,0.3829787234042553,0.09271323667859155,0.16128061019670814,0.37010676156583633,0.38190954773869346,0.0886764650319265,0.1548644726134848,0.33333333333333337,0.3829787234042553,0.09271323667859155,0.16128061019670814,0.37010676156583633,17.0,0.0,0.0,24.0,0.0,0.0,34.0,0.0,0.0,-7.238915043582039e-05,5.745428202731077e-05,0.00010902106134244187,-0.0059411084790168545,-0.005074997412042315,-0.0055649956195802375,0.05319148936170213,0.14006278179856776,15,-0.3383488655090332
406,1,test,2.49019231354633,1.1936135844473743,1.62432999948904,4.205995553977643,2.016042456658065,2.7435329869418545,12.06359589028314,8.406831430317215,9.686540919907992,20.37570769273433,14.19934333047481,16.360803870820206,2.590532184771748,1.2139497156754955,1.6705929408466385,4.144851495634797,1.9423195450807929,2.6729487053546217,13.336867392621942,9.375526928232526,10.827729452689317,21.33898782819511,15.000843085172043,17.32436712430291,2.49019231354633,1.1936135844473743,1.62432999948904,4.205995553977643,2.016042456658065,2.7435329869418545,12.06359589028314,8.406831430317215,9.686540919907992,20.37570769273433,14.19934333047481,16.360803870820206,0.5728643216080402,-0.0021356783919597166,-0.0021356783919597166,0.4522613065326633,-0.0027386934673366836,-0.0027386934673366836,0.3467336683417085,-0.003266331658291488,-0.003266331658291488,0.3840579710144928,0.11461854967633733,0.1780338746289506,0.2981818181818182,0.39698492462311563,0.11628317023715073,0.19331213664314906,0.2828282828282829,0.3840579710144928,0.11461854967633733,0.1780338746289506,0.2981818181818182,14.0,0.0,0.0,26.0,-4.0,-4.0,34.0,-6.0,-6.0,3.748102150148801e-05,0.0004741875002414957,0.00028377242423830275,-0.00022489431977135155,0.00019273690668875076,4.029903692170933e-05,0.043478260869565216,0.4198570666059804,12,-0.43355703353881836
738,1,test,2.3734476293048687,1.1472893628084353,1.5550276305314816,4.0910742031439185,1.9775645595776976,2.680376573679264,10.734336575752918,7.326225277075485,8.467421298198548,18.502606466100424,12.628098832853796,14.595160395579075,2.3285608317942272,1.112426408345566,1.515490596116386,3.946713274227504,1.8854684887212985,2.568628129010824,10.26316048512662,6.8890409107256545,8.008340285517313,17.395187262926477,11.676340526653652,13.573458111046296,2.3734476293048687,1.1472893628084353,1.5550276305314816,4.0910742031439185,1.9775645595776976,2.680376573679264,10.734336575752918,7.326225277075485,8.467421298198548,18.502606466100424,12.628098832853796,14.595160395579075,0.6130653266331658,-0.001934673366834172,-0.001934673366834172,0.4371859296482412,-0.002814070351758735,-0.002814070351758735,0.29648241206030146,-0.0035175879396985854,-0.0035175879396985854,0.3831417624521073,0.07912646608499452,0.15129462869414556,0.35,0.39698492462311563,0.10876437324466948,0.17327874766151297,0.3535353535353535,0.3831417624521073,0.07912646608499452,0.15129462869414556,0.35,15.0,0.0,0.0,23.0,0.0,0.0,34.0,-4.0,-4.0,0.00021204471218531904,-0.00041015141614649713,3.724494317227901e-05,-0.00012094549186336678,-0.00017278787436758591,9.286739145242251e-05,0.038314176245210725,0.5676554924693638,10,-0.5512852668762207
80,1,test,2.464395366899845,1.1842589343442302,1.6008084955106678,3.8814227028672557,1.8652078215921626,2.5212733804293017,11.756371711118767,8.159241253324936,9.384719443945862,18.51628544501206,12.850804973986776,14.780933124214732,2.508058739921365,1.198746095693906,1.632664992926649,3.800088999880856,1.8162819631725846,2.4737348377676494,12.281066161524999,8.577439033904856,9.881246131638942,18.607676002310605,12.99611974834069,14.971585047937793,2.464395366899845,1.1842589343442302,1.6008084955106678,3.8814227028672557,1.8652078215921626,2.5212733804293017,11.756371711118767,8.159241253324936,9.384719443945862,18.51628544501206,12.850804973986776,14.780933124214732,0.6432160804020101,-0.001783919597989958,-0.001783919597989958,0.5175879396984925,-0.002412060301507535,-0.002412060301507535,0.3869346733668342,-0.0030653266331658324,-0.0030653266331658324,0.4183266932270916,0.10619945664657471,0.18653861375689296,0.384,0.4371859296482412,0.1314215186206723,0.21181030360483555,0.398989898989899,0.4183266932270916,0.10619945664657471,0.18653861375689296,0.384,19.0,-7.0,-7.0,34.0,-18.0,-18.0,41.0,-17.0,-17.0,0.00026752233215759973,-5.8290236170317155e-05,0.00016442491630341057,-0.010384326558324553,-0.01059356434640879,-0.011029363064779751,0.0398406374501992,-0.5477880616155512,10,-0.4447035789489746
744,1,test,1.834286052914379,0.8656891799076201,1.1872993368491245,3.322480397731705,1.5680407787005948,2.1505799308965274,6.260662767525099,3.626417083715798,4.350885319205492,11.340068409102066,6.568604528994652,7.880848880070326,2.301927377199494,1.0839507180516985,1.4888021395078415,4.185322503999079,1.970819487366724,2.706912980923348,9.99342500453069,6.61308377748091,7.738480781858895,18.169863644601254,12.023788686328926,14.069965057925263,1.834286052914379,0.8656891799076201,1.1872993368491245,3.322480397731705,1.5680407787005948,2.1505799308965274,6.260662767525099,3.626417083715798,4.350885319205492,11.340068409102066,6.568604528994652,7.880848880070326,0.542713567839196,-0.0022864321608039306,-0.0022864321608039306,0.40201005025125625,-0.002989949748743781,-0.002989949748743781,0.3065326633165829,-0.0034673366834171437,-0.0034673366834171437,0.35540069686411146,0.12409634903802447,0.18158841412946491,0.2727272727272727,0.36180904522613067,0.10616994748176978,0.1564668081643611,0.33333333333333337,0.35540069686411146,0.12409634903802447,0.18158841412946491,0.2727272727272727,15.0,-4.0,-4.0,26.0,-12.0,-12.0,33.0,-13.0,-13.0,0.0018228617051086605,0.0005708615763849372,2.2331290679321904e-05,-0.03303374881822929,-0.030106323871858187,-0.02978303155625195,0.03484320557491289,0.28748334471358444,10,-0.8725982904434204
419,1,test,2.070177041251664,1.01083416657607,1.3622445651441333,3.309944082905203,1.6161924810227561,2.17805204483497,7.926226262657079,5.041751357811025,5.89643598522366,12.673005832383916,8.061105278308021,9.427634936826529,2.0418971890989335,0.9580127389381585,1.3179335984902747,3.0705220888705766,1.4406206600573814,1.9818550353237214,7.705213588078765,4.749073331198235,5.642621286288172,11.586787350494383,7.141463655937196,8.485144791410786,2.070177041251664,1.01083416657607,1.3622445651441333,3.309944082905203,1.6161924810227561,2.17805204483497,7.926226262657079,5.041751357811025,5.89643598522366,12.673005832383916,8.061105278308021,9.427634936826529,0.507537688442211,-0.0024623115577889765,-0.0024623115577889765,0.31155778894472363,-0.003442211055276312,-0.003442211055276312,0.2613065326633166,-0.003693467336683409,-0.003693467336683409,0.3226950354609929,0.0660578673194,0.12340258263080417,0.32028469750889677,0.3065326633165829,0.048387299908061565,0.11120712074563133,0.29292929292929293,0.3226950354609929,0.0660578673194,0.12340258263080417,0.32028469750889677,16.0,-5.0,-5.0,29.0,-13.0,-13.0,35.0,-14.0,-14.0,-0.0002573058930419847,0.00024105306119716767,4.747932753581704e-05,-0.026776372859413478,-0.02880950296185958,-0.027161697802504214,0.03546099290780142,0.25945993894592406,10,-0.576756477355957
357,1,test,2.9472214480768164,1.436138203189016,1.9362191140599527,4.883966971098724,2.379886165284655,3.2085916747279217,19.052940527827484,14.521303518685531,16.30458612383929,31.573444303256974,24.063874402393168,27.019028433790822,3.0127731545374323,1.4562099797918557,1.9708953741860837,4.53048594667283,2.1897894432960237,2.963752442385088,20.343738101525727,15.601244020548336,17.509203447938205,30.592087370715376,23.460517324132834,26.329629245019856,2.9472214480768164,1.436138203189016,1.9362191140599527,4.883966971098724,2.379886165284655,3.2085916747279217,19.052940527827484,14.521303518685531,16.30458612383929,31.573444303256974,24.063874402393168,27.019028433790822,0.6582914572864322,-0.0017085427135676845,-0.0017085427135676845,0.5175879396984925,-0.002412060301507535,-0.002412060301507535,0.3919597989949749,-0.0030402010050251116,-0.0030402010050251116,0.39792387543252594,0.10085997215100606,0.16892502618051208,0.3402777777777778,0.3919597989949749,0.1012329819523684,0.16324527478796325,0.33838383838383834,0.39792387543252594,0.10085997215100606,0.16892502618051208,0.3402777777777778,23.0,1.0,1.0,36.0,1.0,1.0,45.0,1.0,1.0,-0.000172621397883126,-9.127613509150874e-05,0.00022747015356530838,-0.0049905123455200595,-0.005102112087389976,-0.005589527518361059,0.9584775086505191,0.5396601521562674,277,-0.4378926753997803
644,1,test,2.906834173600073,1.3704468469523208,1.879291517631401,4.1408675491850095,1.9522403197150986,2.677103954361713,18.29877602260845,13.651006989477532,15.504584920069162,26.06712433409317,19.446245805765162,22.08672002764569,2.906834173600073,1.3704468469523208,1.879291517631401,4.1408675491850095,1.9522403197150986,2.677103954361713,18.29877602260845,13.651006989477532,15.504584920069162,26.06712433409317,19.446245805765162,22.08672002764569,2.906834173600073,1.3704468469523208,1.879291517631401,4.1408675491850095,1.9522403197150986,2.677103954361713,18.29877602260845,13.651006989477532,15.504584920069162,26.06712433409317,19.446245805765162,22.08672002764569,0.6533333333333333,0.1333333333333333,0.1333333333333333,0.5266666666666666,0.10666666666666658,0.10666666666666658,0.4066666666666666,0.08166666666666667,0.08166666666666667,0.4066666666666666,0.09437430786267986,0.17657817109144536,0.3422818791946308,0.4066666666666666,0.09437430786267986,0.17657817109144536,0.3422818791946308,0.4066666666666666,0.09437430786267986,0.17657817109144536,0.3422818791946308,17.0,2.0,2.0,23.0,3.0,3.0,33.0,4.0,4.0,0.0002768949781117719,1.9303276959069717e-05,9.973875679474509e-05,0.0002127067712631714,-4.449796813865703e-05,2.1674452173492398e-05,0.06666666666666667,0.5748252085887843,10,-0.4785473346710205
422,1,test,2.7768135689653413,1.3428270901383674,1.8187127543548738,5.219574377754401,2.524111071688661,3.4186329969076574,16.06774054355553,11.872349807641214,13.46099945882626,30.2025198187134,22.31644700684439,25.302630561703495,2.872010888948325,1.3790479384840697,1.8739480657603875,4.786684814913875,2.2984132308067826,3.1232467762673126,17.672519967910183,13.222258058629844,14.959498834884144,29.454199946516972,22.037096764383072,24.93249805814024,2.7768135689653413,1.3428270901383674,1.8187127543548738,5.219574377754401,2.524111071688661,3.4186329969076574,16.06774054355553,11.872349807641214,13.46099945882626,30.2025198187134,22.31644700684439,25.302630561703495,0.728643216080402,-0.001356783919598037,-0.001356783919598037,0.542713567839196,-0.0022864321608039306,-0.0022864321608039306,0.39698492462311563,-0.0030150753768843908,-0.0030150753768843908,0.4056224899598394,0.08698521541074122,0.16930740317746296,0.3306451612903226,0.4120603015075377,0.09877709348748753,0.16498183740069294,0.3282828282828283,0.4056224899598394,0.08698521541074122,0.16930740317746296,0.3306451612903226,23.0,-9.0,-9.0,34.0,-8.0,-8.0,43.0,-13.0,-13.0,0.0004911477573153843,8.841735570162881e-05,0.00031164884654758966,-3.7786429536446065e-05,-0.00010682844012599446,0.00013492207507859177,0.05220883534136546,0.502210328706395,13,-0.21731185913085938
923,1,test,2.510188807119578,1.171828847493801,1.5980726658122086,3.6030601245049727,1.682012835518313,2.293832193784871,12.307253538249414,8.494468285126864,9.817668260939874,17.665513582113107,12.192740191576657,14.092027231689208,2.559902765383792,1.160566762566743,1.6086152099367865,3.6054968526532285,1.6346010740376664,2.26565522526308,12.93455956746038,8.882051348214684,10.345518519374659,18.21768953163434,12.509931476358709,14.571152844189662,2.510188807119578,1.171828847493801,1.5980726658122086,3.6030601245049727,1.682012835518313,2.293832193784871,12.307253538249414,8.494468285126864,9.817668260939874,17.665513582113107,12.192740191576657,14.092027231689208,0.6331658291457287,-0.0018341708542712887,-0.0018341708542712887,0.507537688442211,-0.0024623115577889765,-0.0024623115577889765,0.33668341708542715,-0.0033165829145728187,-0.0033165829145728187,0.4095238095238095,0.09123402330053165,0.17692887281494873,0.4258373205741627,0.4120603015075377,0.08624576516668558,0.17332908280970794,0.43434343434343436,0.4095238095238095,0.09123402330053165,0.17692887281494873,0.4258373205741627,18.0,-7.0,-7.0,25.0,-6.0,-6.0,34.0,-10.0,-10.0,-0.00020858610577401682,1.815223213064037e-07,-7.71657743800242e-05,-0.011107203201677684,-0.011941234125322886,-0.012390063447161204,0.919047619047619,-0.17654303271888735,193,-0.9809176921844482
929,1,test,2.25961782496081,1.1046098533319373,1.1312299902849403,4.537385190684357,2.218092074963729,2.2715461652308035,9.579427449039633,6.4053787292744655,6.488757638215989,19.23579809044103,12.862206283683665,13.029633811678693,2.2845450933805043,1.0895280094059214,1.4869450335562935,5.933883359429881,2.829942881573822,3.862194892354009,9.821217470822742,6.517603261941991,7.601011303303276,25.509655768370756,16.92883964140777,19.742886502086428,1.9357050601069825,0.9366394479337484,1.2686353720933998,4.501639674667401,2.178231274264531,2.9503148188218598,6.928927644030175,4.213184558751289,4.980408466376061,16.113785218674824,9.798103625002996,11.582345270642001,0.48743718592964824,-0.002562814070351749,-0.002562814070351749,0.38190954773869346,-0.0030904522613065533,-0.0030904522613065533,0.29145728643216084,-0.0035427135678391952,-0.0035427135678391952,0.3527054108216433,0.11546817358440609,0.11614627103669706,0.3373493975903614,0.3467336683417085,0.11365096157479115,0.171441514752393,0.297979797979798,0.3177257525083612,0.10570571911937954,0.1586601240322767,0.25503355704697983,16.0,0.0,0.0,26.0,0.0,0.0,32.0,-1.0,-1.0,-0.000520312228718272,0.0009570926848429033,-2.228937673728348e-05,-0.055483740418829086,-0.0670164462432199,-0.05767845934372051,0.026052104208416832,-0.35068348260718046,13,-0.469402551651001
603,1,test,2.385255286622119,1.1421548278063365,1.5560764757935999,4.056453258140801,1.9423906944222407,2.646321140362364,10.86183519222713,7.395491113916984,8.57039892743918,18.472038193150595,12.577045397553086,14.575137029466632,2.201562965958119,1.059655390107355,1.439438997587716,3.550908009609869,1.709121596947347,2.321675802560832,9.039130317484537,5.906391711941254,6.896307639371291,14.579242447555703,9.526438245066537,11.123076837695631,2.385255286622119,1.1421548278063365,1.5560764757935999,4.056453258140801,1.9423906944222407,2.646321140362364,10.86183519222713,7.395491113916984,8.57039892743918,18.472038193150595,12.577045397553086,14.575137029466632,0.5879396984924623,-0.002060301507537776,-0.002060301507537776,0.3919597989949749,-0.0030402010050251116,-0.0030402010050251116,0.2814070351758794,-0.003592964824120637,-0.003592964824120637,0.37593984962406013,0.09076161322631149,0.1634398496240601,0.3584905660377359,0.38190954773869346,0.09118273069608696,0.16488116710430278,0.31313131313131315,0.37593984962406013,0.09076161322631149,0.1634398496240601,0.3584905660377359,22.0,0.0,0.0,33.0,0.0,0.0,38.0,0.0,0.0,-0.00037685252497927387,-0.0001370384147004379,0.00018231649688548222,-0.00015559510116602837,0.0002314721571865519,7.534460660885145e-05,0.9586466165413534,0.5658463293084413,255,-0.4386637210845947
208,1,test,1.8047269117216609,0.8706532750957664,1.1800771150392309,3.3977883214512756,1.6391928944704248,2.2217501239936137,6.078311306278122,3.533456401185333,4.210719500228551,11.443734249474243,6.65249507630572,7.927589182529063,1.75707091644374,0.811803243557948,1.1257076721577834,3.0825805551644563,1.4242162167683299,1.9749257406276903,5.79543718927398,3.221935046126317,3.915265222614519,10.167433665392949,5.652517624783013,6.868886355464069,1.7973773680793257,0.8626186035303275,1.1723150835610268,3.3491503753030916,1.6073638575099272,2.184438043902534,6.033802253024747,3.4872031993620127,4.165439929169126,11.24310978824487,6.497894160301888,7.761689309010794,0.4623115577889447,-0.002688442211055242,-0.002688442211055242,0.33668341708542715,-0.0033165829145728187,-0.0033165829145728187,0.23115577889447236,-0.003844221105527623,-0.003844221105527623,0.3486842105263158,0.1073049001814882,0.16487677070137052,0.2904290429042904,0.3517587939698492,0.11366355587461108,0.17980553854413972,0.25757575757575757,0.34448160535117056,0.1040809375715378,0.16428138288176009,0.28523489932885904,16.0,-5.0,-5.0,23.0,-8.0,-8.0,29.0,-11.0,-11.0,0.0005871349009230816,0.0005163793603376621,0.00010959002638104215,-0.06797912699822994,-0.07116082717338923,-0.07090235248864829,0.03289473684210526,0.49772918732817134,10,-0.6345745325088501
345,1,test,2.436823312206408,1.1630256902824316,1.5850177008829545,4.000451604205519,1.9093005082136587,2.6020707256161835,11.436652302269922,7.862251258433335,9.09277714130264,18.77517086289312,12.907195815928057,14.92730914030517,2.436823312206408,1.1630256902824316,1.5850177008829545,4.000451604205519,1.9093005082136587,2.6020707256161835,11.436652302269922,7.862251258433335,9.09277714130264,18.77517086289312,12.907195815928057,14.92730914030517,2.436823312206408,1.1630256902824316,1.5850177008829545,4.000451604205519,1.9093005082136587,2.6020707256161835,11.436652302269922,7.862251258433335,9.09277714130264,18.77517086289312,12.907195815928057,14.92730914030517,0.5459183673469388,0.000918367346938842,0.000918367346938842,0.37755102040816324,0.0025510204081632404,0.0025510204081632404,0.30612244897959184,0.0011224489795917947,0.0011224489795917947,0.34693877551020413,0.09503037856363927,0.1503286060186787,0.3487179487179487,0.34693877551020413,0.09503037856363927,0.1503286060186787,0.3487179487179487,0.34693877551020413,0.09503037856363927,0.1503286060186787,0.3487179487179487,18.0,0.0,0.0,29.0,-2.0,-2.0,35.0,-2.0,-2.0,-0.0002587143408279275,-0.00013275937605211383,-3.1372020766742835e-05,-0.00023964414708910198,-0.00013091656071573254,-8.075776592875172e-05,0.05612244897959184,-0.21455185570818078,11,-0.672743558883667
256,1,test,2.8781774485223557,1.3874066710205017,1.8814040300062502,4.683136187426205,2.257475261321494,3.0612675742474575,17.78183531852042,13.341318467743736,15.072310113300912,28.933155772507803,21.707908015311844,24.524436794523517,3.11715220663686,1.4791074313328527,2.0197985360738553,4.517611893676609,2.1436339584534094,2.9272442551795006,22.581979176662557,17.436879331731184,19.585752655795158,32.72750605313414,25.270839611204615,28.385148776514722,2.8781774485223557,1.3874066710205017,1.8814040300062502,4.683136187426205,2.257475261321494,3.0612675742474575,17.78183531852042,13.341318467743736,15.072310113300912,28.933155772507803,21.707908015311844,24.524436794523517,0.6984924623115578,-0.0015075376884421399,-0.0015075376884421399,0.5477386934673367,-0.002261306532663321,-0.002261306532663321,0.42211055276381915,-0.0028894472361808976,-0.0028894472361808976,0.4111498257839721,0.10506286926223296,0.17360637271328838,0.34615384615384615,0.4120603015075377,0.08624576516668558,0.16665128648249594,0.36363636363636365,0.4111498257839721,0.10506286926223296,0.17360637271328838,0.34615384615384615,19.0,0.0,0.0,33.0,0.0,0.0,39.0,0.0,0.0,0.0010164592409361909,0.00036056577661311824,6.8610907133326645e-06,-0.00030112346023614123,0.00015012813114179124,1.7489102663859057e-06,0.03484320557491289,0.37131169276705245,10,-0.5034928321838379
145,1,test,2.3589451753120287,1.1120397297992366,1.5267107196259788,4.1645575317237045,1.9632306340900096,2.6953041099569743,10.579785745339697,7.100227149335534,8.281336956677938,18.67789335288366,12.53496891796273,14.620138084011668,2.45666036328768,1.1079782387540584,1.5559267666880858,4.199419424423384,1.8939798953060825,2.6597038746804884,11.66578692194537,7.813441649409606,9.204378792312967,19.941516105889523,13.356310511811294,15.733980841560628,2.3589451753120287,1.1120397297992366,1.5267107196259788,4.1645575317237045,1.9632306340900096,2.6953041099569743,10.579785745339697,7.100227149335534,8.281336956677938,18.67789335288366,12.53496891796273,14.620138084011668,0.5778894472361809,-0.002110552763819218,-0.002110552763819218,0.40703517587939697,-0.00296482412060306,-0.00296482412060306,0.3316582914572864,-0.0033417085427135396,-0.0033417085427135396,0.3649122807017544,0.0899560635388823,0.1537104137239248,0.33098591549295775,0.371859296482412,0.09867633908892826,0.15816981401162733,0.3282828282828283,0.3649122807017544,0.0899560635388823,0.1537104137239248,0.33098591549295775,18.0,-3.0,-3.0,26.0,-5.0,-5.0,36.0,-9.0,-9.0,0.0001554039049012413,9.230948569849046e-05,3.390230242211054e-05,-0.004962792658078641,-0.005086617987192454,-0.005575509290486558,0.03508771929824561,0.5323455396025674,10,-0.6465015411376953
854,1,test,2.4104437959202816,1.145845369870244,1.5616854777361975,4.0312594517977125,1.9163276013347184,2.611784333455365,11.138903448203925,7.597233240195834,8.802159890372875,18.628855766823804,12.705717660327515,14.720853609761532,2.4396249806630834,1.1512092071282762,1.5752848393502337,3.7823643111055554,1.7848204761678699,2.4423020765119903,11.468738937343584,7.841702981865497,9.095299502823208,17.78099060053269,12.157679041651935,14.101239539260787,2.4104437959202816,1.145845369870244,1.5616854777361975,4.0312594517977125,1.9163276013347184,2.611784333455365,11.138903448203925,7.597233240195834,8.802159890372875,18.628855766823804,12.705717660327515,14.720853609761532,0.5577889447236181,-0.00221105527638199,-0.00221105527638199,0.4371859296482412,-0.002814070351758735,-0.002814070351758735,0.29648241206030146,-0.0035175879396985854,-0.0035175879396985854,0.38620689655172413,0.11677684473825267,0.18689814079135547,0.3633217993079585,0.371859296482412,0.09730010252775201,0.16345593513787415,0.3535353535353535,0.38620689655172413,0.11677684473825267,0.18689814079135547,0.3633217993079585,23.0,0.0,0.0,33.0,0.0,0.0,41.0,0.0,0.0,0.00024214248065102358,3.456365446532357e-05,3.364965955570526e-05,-0.00870271136846057,-0.006701715859050772,-0.007994487927590832,0.9620689655172414,-0.4186556086018582,279,-0.30454134941101074
488,1,test,1.837151419802375,0.8838042284930151,1.1954467884293898,3.3615962149575376,1.617173694689347,2.1874132724452666,6.2786275889268515,3.6842485637919236,4.378911151883637,11.488552609525728,6.741390989066073,8.01247572472325,1.863297950249135,0.8581551333815396,1.1866330562467475,3.240518174346322,1.4924437102287649,2.063709663037822,6.444956907958768,3.71265944483136,4.477651301731436,11.20862070949351,6.456799034489323,7.787219655185108,1.837151419802375,0.8838042284930151,1.1954467884293898,3.3615962149575376,1.617173694689347,2.1874132724452666,6.2786275889268515,3.6842485637919236,4.378911151883637,11.488552609525728,6.741390989066073,8.01247572472325,0.5175879396984925,-0.002412060301507535,-0.002412060301507535,0.321608040201005,-0.0033919597989949812,-0.0033919597989949812,0.2361809045226131,-0.0038190954773869024,-0.0038190954773869024,0.35019455252918286,0.07834989233500811,0.13803413855764335,0.29296875,0.3517587939698492,0.07857583657636547,0.13806931149906454,0.2828282828282829,0.35019455252918286,0.07834989233500811,0.13803413855764335,0.29296875,18.0,-4.0,-4.0,25.0,-7.0,-7.0,33.0,-8.0,-8.0,-1.951876693079608e-05,-8.968862600528789e-05,0.00015943166883641748,-0.0305006301972357,-0.03203161064281623,-0.033846193262069946,0.038910505836575876,0.582581233398569,10,-0.2953137159347534
713,1,test,2.5882546180240937,1.2569821345093457,1.6951462372880897,4.356287702167313,2.1156248601953074,2.853098244449672,13.306526351919024,9.520668586512425,10.863815614183931,22.396195761328496,16.024223888566684,18.284872759084223,2.4265582454741823,1.1515831209682874,1.5713966078001267,3.977964336842922,1.8878411819152254,2.576060012787093,11.319854795885616,7.741242406642645,8.96810031390648,18.55713900964855,12.690561322364992,14.701803793289308,2.5882546180240937,1.2569821345093457,1.6951462372880897,4.356287702167313,2.1156248601953074,2.853098244449672,13.306526351919024,9.520668586512425,10.863815614183931,22.396195761328496,16.024223888566684,18.284872759084223,0.6582914572864322,-0.0017085427135676845,-0.0017085427135676845,0.4773869346733668,-0.0026130653266331905,-0.0026130653266331905,0.3316582914572864,-0.0033417085427135396,-0.0033417085427135396,0.39495798319327735,0.08468544650564636,0.15613116755081924,0.37130801687763715,0.42211055276381915,0.11383987607208979,0.1800404359023834,0.35858585858585856,0.39495798319327735,0.08468544650564636,0.15613116755081924,0.37130801687763715,18.0,0.0,0.0,29.0,0.0,0.0,36.0,0.0,0.0,2.4505973071941962e-05,-0.0001608941864006732,-8.849132498480632e-05,-0.004637086330634865,-0.005290858793833841,-0.005654987631283248,0.0546218487394958,-0.28094964116559223,13,-0.30507445335388184
90,1,test,2.587842885820919,1.2482575707571304,1.6929307141747847,3.8667187305580013,1.8651290446778055,2.529553450830928,13.301048754236609,9.483588620359841,10.853927900809165,19.874241452551214,14.170245787398137,16.2177876192323,2.6882050750073954,1.274126191666995,1.740967538901487,3.813056843982121,1.8072711938538935,2.4694575019879244,14.70525738388862,10.592560936385636,12.126680797183305,20.858521111898753,15.024909129625016,17.200965669763555,2.587842885820919,1.2482575707571304,1.6929307141747847,3.8667187305580013,1.8651290446778055,2.529553450830928,13.301048754236609,9.483588620359841,10.853927900809165,19.874241452551214,14.170245787398137,16.2177876192323,0.6381909547738693,-0.0018090452261306789,-0.0018090452261306789,0.457286432160804,-0.0027135678391959628,-0.0027135678391959628,0.33668341708542715,-0.0033165829145728187,-0.0033165829145728187,0.3671875,0.07478983918128657,0.14381087662337666,0.3254901960784313,0.3668341708542714,0.07360108814750443,0.14479744297447172,0.31818181818181823,0.3671875,0.07478983918128657,0.14381087662337666,0.3254901960784313,24.0,-10.0,-10.0,34.0,-11.0,-11.0,40.0,-11.0,-11.0,0.0004061479915116415,0.00012278902365776956,6.228465702583104e-05,-8.629588256159337e-05,-0.00014530477676810705,0.00011039017629776993,0.05859375,0.47705231602067116,15,-0.5041239261627197
469,1,test,1.0102448594385922,0.43821818339682883,0.6167590524482788,5.525420863868218,2.3967851663336757,3.373294409308953,2.746273383654596,0.9744189937937493,1.2641351360742892,15.020434016723097,5.329475312994385,6.914045234038969,1.3350105474428209,0.5783626189003299,0.8208273066295885,5.449022642623759,2.3606637506135915,3.3503155372636266,3.800036026870607,1.6689154612272836,2.127763926608285,15.51035113008411,6.811899841744015,8.684750720850143,1.0102448594385922,0.43821818339682883,0.6167590524482788,5.525420863868218,2.3967851663336757,3.373294409308953,2.746273383654596,0.9744189937937493,1.2641351360742892,15.020434016723097,5.329475312994385,6.914045234038969,0.321608040201005,-0.0033919597989949812,-0.0033919597989949812,0.24120603015075381,-0.0037939698492461815,-0.0037939698492461815,0.1758793969849246,-0.004120603015075441,-0.004120603015075441,0.24344569288389517,0.09578214148202602,0.13136599176309816,0.10902255639097747,0.29145728643216084,0.10098109595597038,0.15289301264251143,0.14141414141414144,0.24344569288389517,0.09578214148202602,0.13136599176309816,0.10902255639097747,20.0,-11.0,-11.0,26.0,-15.0,-15.0,30.0,-14.0,-14.0,0.0009744447837536668,0.0015830623486138555,0.0006723169343067165,-0.08360989929179441,-0.08464496170237235,-0.08540064249125567,0.0449438202247191,-0.2235076398035125,12,-0.30061066150665283
800,1,test,2.6827440021421185,1.2875950463869428,1.7401433458994435,5.057632135185961,2.4274332841721056,3.280598111121902,14.625169782964406,10.58959413288176,12.058522068363159,27.57204139411322,19.963988939039382,22.73327930920923,3.157549651984066,1.503173861564255,2.0528992161909843,4.972519136982781,2.367202931597252,3.232912151481865,23.51291046968736,18.283096066840354,20.49474122924196,37.02820546407458,28.79227727061473,32.275183038176316,2.8557278371335633,1.3741664098145685,1.8654255863482052,4.895533435086108,2.355713845396403,3.1978724337397795,17.38708757137453,12.987277267148237,14.695039548350444,29.80643583664205,22.263903886539833,25.19149636860076,0.6683417085427136,-0.0016582914572863539,-0.0016582914572863539,0.5376884422110553,-0.0023115577889447625,-0.0023115577889447625,0.40201005025125625,-0.002989949748743781,-0.002989949748743781,0.38953488372093026,0.12102980389509577,0.18914387687831047,0.326530612244898,0.3869346733668342,0.08868905933174642,0.15988959824162552,0.3535353535353535,0.38795986622073575,0.11083131864143692,0.18106331449659785,0.3422818791946308,21.0,-2.0,-2.0,33.0,-2.0,-2.0,41.0,-5.0,-5.0,0.0013653117501158207,0.0004237399339276967,0.00046087835644204685,-0.030872323707215266,-0.033238834563548814,-0.031915190237479685,0.029069767441860465,0.5204319454657914,10,-0.19920921325683594
441,1,test,1.8956091043532968,0.9167534452272182,1.0609076856998332,3.405803909481234,1.6471130364455826,1.9061121489959654,6.656601735151965,3.9951927954981477,4.352475758619199,11.959786520003323,7.178084981123228,7.820008313203789,1.8468482858326898,0.8321485780233193,1.1572965016158365,2.9549572573323037,1.331437724837311,1.8516744025853384,6.339806743157242,3.581271836659405,4.346984624447059,10.143690789051586,5.730034938655047,6.955175399115294,2.145184698210218,1.0203805632503808,1.3899659460010128,3.5753078303503636,1.7006342720839682,2.316609910001688,8.543619082730359,5.464005481529654,6.4155420887444885,14.239365137883933,9.106675802549423,10.692570147907482,0.42211055276381915,-0.0028894472361808976,-0.0028894472361808976,0.3015075376884422,-0.0034924623115578646,-0.0034924623115578646,0.22613065326633164,-0.003869346733668344,-0.003869346733668344,0.33564814814814814,0.11921296296296291,0.14112224394482453,0.30626450116009285,0.31155778894472363,0.09547738693467334,0.1423785594639866,0.2828282828282829,0.35451505016722407,0.1270903010033445,0.1705685618729097,0.3489932885906041,14.0,-5.0,-5.0,22.0,-10.0,-10.0,28.0,-11.0,-11.0,0.0008308124921691116,7.184057094752437e-05,0.00017444879535595008,-0.06768054350562025,-0.058525816411178155,-0.061137614644849236,0.9722222222222222,0.7999306480650082,420,-0.9014737606048584
108,1,test,2.915326235316305,1.4190404851983742,1.9144861566448848,5.023028310849039,2.444968403551253,3.298607905030038,18.454832038752123,13.989758205841706,15.734265680247953,31.797176823525614,24.103975287092126,27.10971451664343,3.1144774212752324,1.4663119554348627,2.0136844720973937,5.023350679476182,2.3650192829594565,3.247878180802248,22.5216579384706,17.324221736922002,19.51510881883337,36.32525473946871,27.942293124067746,31.475981965860278,2.915326235316305,1.4190404851983742,1.9144861566448848,5.023028310849039,2.444968403551253,3.298607905030038,18.454832038752123,13.989758205841706,15.734265680247953,31.797176823525614,24.103975287092126,27.10971451664343,0.6532663316582914,-0.0017336683417086274,-0.0017336683417086274,0.5175879396984925,-0.002412060301507535,-0.002412060301507535,0.39698492462311563,-0.0030150753768843908,-0.0030150753768843908,0.39370078740157477,0.09645669291338577,0.17322834645669283,0.35573122529644263,0.3869346733668342,0.0879396984924623,0.1591289782244556,0.36868686868686873,0.39370078740157477,0.09645669291338577,0.17322834645669283,0.35573122529644263,21.0,0.0,0.0,31.0,0.0,0.0,39.0,0.0,0.0,0.00023518097229206834,0.0001801578723254497,0.00020200459149976688,-7.243603883999583e-05,-0.00013431153772813786,0.00011739929023413254,0.047244094488188976,0.3802890827607591,12,-0.5957324504852295
404,1,test,2.715290301723108,1.2732081896400167,1.7439034890601617,4.340188435037724,2.0351280511568772,2.7874992777890775,15.108995602758927,10.879502668889183,12.46739027073884,24.15059927055167,17.390071195153574,19.92819074771641,2.7562206913423126,1.2965399065549796,1.7782889308224057,4.340505025735926,2.041795128433039,2.800455009169143,15.740243158955291,11.435657939034913,13.081291955786792,24.787784502291796,18.00891014021246,20.600459772892584,2.715290301723108,1.2732081896400167,1.7439034890601617,4.340188435037724,2.0351280511568772,2.7874992777890775,15.108995602758927,10.879502668889183,12.46739027073884,24.15059927055167,17.390071195153574,19.92819074771641,0.6884422110552764,-0.0015577889447235815,-0.0015577889447235815,0.4522613065326633,-0.0027386934673366836,-0.0027386934673366836,0.33668341708542715,-0.0033165829145728187,-0.0033165829145728187,0.37623762376237624,0.06512651265126512,0.13446130797290257,0.3532338308457711,0.37688442211055273,0.06360121409050257,0.13481430524911697,0.35858585858585856,0.37623762376237624,0.06512651265126512,0.13446130797290257,0.3532338308457711,19.0,-7.0,-7.0,30.0,-9.0,-9.0,37.0,-10.0,-10.0,0.00022135122840573893,0.00014306372682425128,0.00010021210805407573,0.00028791989790644124,0.00015151267732793627,9.238041772618999e-05,0.9455445544554455,-0.43752049300204987,191,-0.597707986831665
338,1,test,3.0648355672378007,1.46060808553432,1.9942658949040795,4.111364785319001,1.959352309863112,2.6752347370664484,21.43093774914886,16.456922149057437,18.513896964979534,28.748818931785056,22.076358980442905,24.835715440826206,3.0648355672378007,1.46060808553432,1.9942658949040795,4.111364785319001,1.959352309863112,2.6752347370664484,21.43093774914886,16.456922149057437,18.513896964979534,28.748818931785056,22.076358980442905,24.835715440826206,3.0648355672378007,1.46060808553432,1.9942658949040795,4.111364785319001,1.959352309863112,2.6752347370664484,21.43093774914886,16.456922149057437,18.513896964979534,28.748818931785056,22.076358980442905,24.835715440826206,0.5792682926829269,0.08926829268292691,0.08926829268292691,0.5,0.08499999999999996,0.08499999999999996,0.43292682926829273,0.07292682926829275,0.07292682926829275,0.4207317073170732,0.15021498999184524,0.22437543201342947,0.39877300613496935,0.4207317073170732,0.15021498999184524,0.22437543201342947,0.39877300613496935,0.4207317073170732,0.15021498999184524,0.22437543201342947,0.39877300613496935,18.0,-5.0,-5.0,27.0,-3.0,-3.0,36.0,-5.0,-5.0,0.0003621962900817957,0.000192233195867519,0.00020810755903954067,7.503475263437309e-05,9.647060355266746e-05,-7.034122991722569e-05,0.08536585365853659,-0.18166684173591854,14,-0.7398552894592285
68,1,test,2.1831032919227646,1.0350696245084772,1.4129928765259823,3.7830488551812294,1.7936480479496215,2.448542450418312,8.873801570403254,5.721812616824297,6.713796832004526,15.37720409117824,9.915195836003747,11.634182181487294,2.2350353480813365,1.0582443222222928,1.4470039368721483,3.547675155684661,1.6797528924163376,2.2968316458288065,9.346812238236577,6.102864499934132,7.14774912683014,14.836209901962821,9.687086507831957,11.345633534651016,2.1831032919227646,1.0350696245084772,1.4129928765259823,3.7830488551812294,1.7936480479496215,2.448542450418312,8.873801570403254,5.721812616824297,6.713796832004526,15.37720409117824,9.915195836003747,11.634182181487294,0.5728643216080402,-0.0021356783919597166,-0.0021356783919597166,0.42713567839195976,-0.002864321608040288,-0.002864321608040288,0.3015075376884422,-0.0034924623115578646,-0.0034924623115578646,0.4007936507936508,0.12356592802137356,0.18575407295723922,0.3466135458167331,0.40703517587939697,0.12382715582927162,0.1916762443268093,0.3434343434343434,0.4007936507936508,0.12356592802137356,0.18575407295723922,0.3466135458167331,18.0,0.0,0.0,26.0,0.0,0.0,37.0,0.0,0.0,0.0001264989242881131,5.938746712790941e-05,0.0002189392180143891,-0.004734105236681607,-0.00536781146711629,-0.005459858910517923,0.047619047619047616,0.4195021630581997,12,-0.3778188228607178
575,1,test,2.7879841275627095,1.3090808606651347,1.8017922519250313,4.471295298921326,2.0994693048403104,2.8896668191250505,16.248232401430652,11.860101968453751,13.567226995500084,26.058485926822744,19.02091825129375,21.75876027580202,2.8541514206074283,1.3791881741341054,1.868833830859654,4.357483084896837,2.1056308002047412,2.8531814211597775,17.3596998720683,12.988824747166221,14.681037406985592,26.503358583310384,19.83026678956675,22.413797567916934,2.7879841275627095,1.3090808606651347,1.8017922519250313,4.471295298921326,2.0994693048403104,2.8896668191250505,16.248232401430652,11.860101968453751,13.567226995500084,26.058485926822744,19.02091825129375,21.75876027580202,0.6582914572864322,-0.0017085427135676845,-0.0017085427135676845,0.48743718592964824,-0.002562814070351749,-0.002562814070351749,0.38190954773869346,-0.0030904522613065533,-0.0030904522613065533,0.37401574803149606,0.08128490323778292,0.13710475326709815,0.3517786561264822,0.3869346733668342,0.09370159066006722,0.15822014915982252,0.35858585858585856,0.37401574803149606,0.08128490323778292,0.13710475326709815,0.3517786561264822,20.0,0.0,0.0,31.0,0.0,0.0,38.0,0.0,0.0,0.0003406758503593635,0.00014269509467798716,0.0002305359130410317,-7.243603883999583e-05,-0.00013431153772813786,0.00011739929023413254,0.051181102362204724,0.37476157907985946,13,-0.04199576377868652
741,1,test,3.4961872872665802,1.7168761237485817,2.307911439174917,4.838158165207288,2.3758790803389465,3.193776436029936,32.98943264371942,27.063659520039717,29.708013980726754,45.6520431534299,37.451730850964054,41.11109005413702,3.4961872872665802,1.7168761237485817,2.307911439174917,4.838158165207288,2.3758790803389465,3.193776436029936,32.98943264371942,27.063659520039717,29.708013980726754,45.6520431534299,37.451730850964054,41.11109005413702,3.4961872872665802,1.7168761237485817,2.307911439174917,4.838158165207288,2.3758790803389465,3.193776436029936,32.98943264371942,27.063659520039717,29.708013980726754,45.6520431534299,37.451730850964054,41.11109005413702,0.6985294117647058,0.21352941176470586,0.21352941176470586,0.6102941176470589,0.18529411764705883,0.18529411764705883,0.4632352941176471,0.13823529411764712,0.13823529411764712,0.42647058823529416,0.09680025856496444,0.19476327116212344,0.31851851851851853,0.42647058823529416,0.09680025856496444,0.19476327116212344,0.31851851851851853,0.42647058823529416,0.09680025856496444,0.19476327116212344,0.31851851851851853,19.0,2.0,2.0,27.0,4.0,4.0,36.0,4.0,4.0,0.00035815985928937466,0.0004798017130409636,0.00019981309429972316,-4.116363448769533e-05,7.74259587945636e-05,-2.4846561165858816e-05,0.08088235294117647,0.5546466065205689,11,-0.8800630569458008
700,1,test,2.601234852611994,1.2431881432653842,1.6944104299655636,4.52614864354487,2.163147369281768,2.9482741481400803,13.480374036472385,9.591783704814786,11.003928148396117,23.45585082346195,16.689703646377726,19.146834978209245,2.552732760984999,1.2123299261733431,1.6547290487885435,4.219392993363635,2.00385111764189,2.7350893368405687,12.842150401416692,9.02156814246822,10.387452468249613,21.226694878374698,14.911682880112762,17.169342922726635,2.601234852611994,1.2431881432653842,1.6944104299655636,4.52614864354487,2.163147369281768,2.9482741481400803,13.480374036472385,9.591783704814786,11.003928148396117,23.45585082346195,16.689703646377726,19.146834978209245,0.6331658291457287,-0.0018341708542712887,-0.0018341708542712887,0.4623115577889447,-0.002688442211055242,-0.002688442211055242,0.37688442211055273,-0.003115577889447274,-0.003115577889447274,0.39230769230769236,0.09096412225011075,0.1736376155813496,0.3783783783783784,0.3919597989949749,0.0912079192957268,0.17159252019697824,0.3737373737373737,0.39230769230769236,0.09096412225011075,0.1736376155813496,0.3783783783783784,16.0,0.0,0.0,27.0,0.0,0.0,35.0,0.0,0.0,-8.911819047368474e-05,0.0002089742926602136,0.00018368812613356395,-0.004789544611566221,-0.00541178442327972,-0.005487895366266926,0.04230769230769231,0.3494812610273109,11,-0.5107686519622803
705,1,test,2.7643862769892205,1.3210969545423699,1.7969437483986246,4.975895298580596,2.377974518176265,3.2344987471175237,15.869297648238126,11.634695743484333,13.238091036819142,28.564735766828626,20.9424523382718,23.828563866274457,2.7628000134355903,1.3226083614976325,1.801859506601976,4.9335714525635534,2.361800645531486,3.2176062617892423,15.844144714622166,11.622639915573743,13.229990767364146,28.293115561825292,20.754714134953108,23.62498351315026,2.7643862769892205,1.3210969545423699,1.7969437483986246,4.975895298580596,2.377974518176265,3.2344987471175237,15.869297648238126,11.634695743484333,13.238091036819142,28.564735766828626,20.9424523382718,23.828563866274457,0.6331658291457287,-0.0018341708542712887,-0.0018341708542712887,0.5326633165829145,-0.0023366834170853723,-0.0023366834170853723,0.3919597989949749,-0.0030402010050251116,-0.0030402010050251116,0.43243243243243246,0.13395013900916097,0.21445490434254477,0.4,0.4170854271356784,0.11132101610810952,0.19337925017407576,0.36868686868686873,0.43243243243243246,0.13395013900916097,0.21445490434254477,0.4,20.0,0.0,0.0,31.0,0.0,0.0,40.0,0.0,0.0,-7.423488761649525e-05,0.00038652994607644466,0.00010933960244911751,-0.00036349275698022154,0.0001152664056931485,-2.979210245257491e-05,0.0472972972972973,0.5997799120763124,14,-0.5434086322784424
728,1,test,2.811568224224478,1.3484049518293175,1.8349692837604337,4.43491416321123,2.126948287111721,2.8944455964078273,16.63598673019696,12.316384712862545,13.980577069875668,26.24128859227497,19.427630648265325,22.052695973315785,3.096863881101008,1.466192771726553,2.0085812399740637,4.331278155386025,2.050619261156018,2.8092045314322567,22.128444913992933,17.02114378766796,19.159274353863776,30.94887400558452,23.805795507227916,26.796187907501785,2.811568224224478,1.3484049518293175,1.8349692837604337,4.43491416321123,2.126948287111721,2.8944455964078273,16.63598673019696,12.316384712862545,13.980577069875668,26.24128859227497,19.427630648265325,22.052695973315785,0.6834170854271358,-0.0015829145728643024,-0.0015829145728643024,0.507537688442211,-0.0024623115577889765,-0.0024623115577889765,0.42713567839195976,-0.002864321608040288,-0.002864321608040288,0.4015151515151515,0.10661912126940476,0.1785932371574689,0.3307984790874525,0.4120603015075377,0.11130842180828959,0.17666798097331404,0.35858585858585856,0.4015151515151515,0.10661912126940476,0.1785932371574689,0.3307984790874525,22.0,-6.0,-6.0,34.0,-9.0,-9.0,42.0,-8.0,-8.0,0.0007385287112463315,0.0007788356062197239,0.00030299232552047264,-0.019787436810536185,-0.02223321619773788,-0.018481592608803332,0.03787878787878788,0.2475592996759279,10,-0.6733276844024658
747,1,test,2.5619482763715737,1.2326415323018916,1.6735273959792698,4.243718003805674,2.0417988571871826,2.772100594566889,12.961044429481232,9.182621364281717,10.529757104626043,21.46921469914069,15.210477106478915,17.441928946313077,2.4750928554380307,1.165766908047538,1.5978201607065574,3.928718818155604,1.8504236635675202,2.5362224773119957,11.882810445442349,8.179134047538986,9.478477040272228,18.86160388165452,12.982752456411088,15.045201651225758,2.5619482763715737,1.2326415323018916,1.6735273959792698,4.243718003805674,2.0417988571871826,2.772100594566889,12.961044429481232,9.182621364281717,10.529757104626043,21.46921469914069,15.210477106478915,17.441928946313077,0.6180904522613065,-0.0019095477386934512,-0.0019095477386934512,0.44723618090452266,-0.0027638190954772934,-0.0027638190954772934,0.3417085427135679,-0.003291457286432098,-0.003291457286432098,0.4014869888475836,0.12690442855073758,0.18022617302558108,0.41417910447761197,0.4120603015075377,0.13887734411405395,0.18835412454593503,0.40909090909090906,0.4014869888475836,0.12690442855073758,0.18022617302558108,0.41417910447761197,14.0,-3.0,-3.0,22.0,-4.0,-4.0,31.0,-7.0,-7.0,-0.00039158754731505123,-0.00017026024340732453,-6.938010065322225e-05,-0.00017638486674709242,0.00021985158203818855,6.483093570341936e-05,0.9368029739776952,0.2870970554919591,252,-0.07066774368286133
194,1,test,2.8795962796075036,1.387974474740894,1.8828256951374054,4.521866032821158,2.1795536673665605,2.956624724395457,17.807082645832313,13.362785185228926,15.097565119521011,27.962684467283555,20.9837486111798,23.70789522674784,2.883074628394542,1.3844417158667912,1.881903750673228,4.504804106866471,2.163190181041861,2.940474610426918,17.869129738310058,13.393563342884914,15.147663270169824,27.920515216109465,20.927442723257677,23.66822385964035,2.8795962796075036,1.387974474740894,1.8828256951374054,4.521866032821158,2.1795536673665605,2.956624724395457,17.807082645832313,13.362785185228926,15.097565119521011,27.962684467283555,20.9837486111798,23.70789522674784,0.7738693467336684,-0.0011306532663316604,-0.0011306532663316604,0.5778894472361809,-0.002110552763819218,-0.002110552763819218,0.4170854271356784,-0.0029145728643216184,-0.0029145728643216184,0.42000000000000004,0.07920398009950258,0.15178807947019868,0.4170854271356784,0.42211055276381915,0.07711055276381917,0.1558875910333699,0.4191919191919192,0.42000000000000004,0.07920398009950258,0.15178807947019868,0.4170854271356784,19.0,0.0,0.0,31.0,0.0,0.0,42.0,0.0,0.0,7.712240935093132e-05,4.3381302539419566e-05,2.7764018007943996e-05,0.00030177974162537424,0.00016250591636879363,0.00010144156963320938,0.94,0.24261486964383788,188,-0.37966036796569824
925,1,test,2.939213649377848,1.4071591921218758,1.9162636677176281,5.24567991590352,2.511388280384181,3.419998351412711,18.900977671487492,14.273303249440035,16.119589955241317,33.732994872029764,25.473881493792288,28.7689904062293,2.982858806284438,1.4363444848541345,1.9482041849395533,4.811062590781352,2.3166846529905394,3.142264814418634,19.74418082746554,15.04910472667328,16.930046701564507,31.845452947525068,24.27274955915045,27.30652693800727,2.939213649377848,1.4071591921218758,1.9162636677176281,5.24567991590352,2.511388280384181,3.419998351412711,18.900977671487492,14.273303249440035,16.119589955241317,33.732994872029764,25.473881493792288,28.7689904062293,0.6783919597989949,-0.0016080402010050232,-0.0016080402010050232,0.5125628140703518,-0.0024371859296482556,-0.0024371859296482556,0.40703517587939697,-0.00296482412060306,-0.00296482412060306,0.40234375,0.10799677144249509,0.17117491883116887,0.33333333333333337,0.40703517587939697,0.10878956184430921,0.17331230442697632,0.3282828282828283,0.40234375,0.10799677144249509,0.17117491883116887,0.33333333333333337,18.0,0.0,0.0,26.0,0.0,0.0,37.0,0.0,0.0,0.0004412841627253137,1.699273372406552e-05,0.0002616368308116097,-8.629588256159337e-05,-0.00014530477676810705,0.00011039017629776993,0.0546875,0.5014735590400144,14,-0.30072546005249023
569,1,test,2.5981346097643674,1.2375653073119377,1.6887959638536099,4.468129583671205,2.128297025313523,2.9042987913406026,13.438646319732342,9.540234274027027,10.955966260025768,23.111047811004664,16.406772318390427,18.841470638260873,2.6393066646327057,1.2335655787701136,1.7001689940797406,4.156388448240481,1.942622958693092,2.6774314867397484,14.003491125456087,9.92494294950501,11.445716302944689,22.052741929852104,15.629831416543322,18.024750083377462,2.5981346097643674,1.2375653073119377,1.6887959638536099,4.468129583671205,2.128297025313523,2.9042987913406026,13.438646319732342,9.540234274027027,10.955966260025768,23.111047811004664,16.406772318390427,18.841470638260873,0.6532663316582914,-0.0017336683417086274,-0.0017336683417086274,0.4824120603015075,-0.0025879396984924696,-0.0025879396984924696,0.3467336683417085,-0.003266331658291488,-0.003266331658291488,0.37174721189591076,0.06933533805546543,0.14554202030134955,0.35074626865671643,0.371859296482412,0.07361368244732425,0.14648367043900634,0.3484848484848485,0.37174721189591076,0.06933533805546543,0.14554202030134955,0.35074626865671643,19.0,-8.0,-8.0,30.0,-13.0,-13.0,39.0,-16.0,-16.0,0.000124373957586719,0.00035717184014668636,0.0002239546223159515,-0.00017638486674709242,0.00021985158203818855,6.483093570341936e-05,0.040892193308550186,0.29635690772290996,11,-0.67156982421875
855,1,test,3.0142552339053523,1.4539382563127166,1.973547696958587,4.717964713938812,2.2757294446633822,3.089031177848223,20.373911490187627,15.61358156625165,17.54269199193586,31.889600593337157,24.438649408046064,27.458126596073527,3.1117023377376256,1.455398990782136,2.006230159770161,4.576032849614155,2.1402926335031407,2.950338470250236,22.45924509676461,17.219340209119295,19.438594680060945,33.02830161288913,25.322559131057783,28.586168647148448,3.0142552339053523,1.4539382563127166,1.973547696958587,4.717964713938812,2.2757294446633822,3.089031177848223,20.373911490187627,15.61358156625165,17.54269199193586,31.889600593337157,24.438649408046064,27.458126596073527,0.7386934673366834,-0.0013065326633165952,-0.0013065326633165952,0.5628140703517588,-0.0021859296482411583,-0.0021859296482411583,0.4321608040201005,-0.002839195979899567,-0.002839195979899567,0.4143426294820717,0.09426310661924864,0.16666051027677364,0.368,0.4170854271356784,0.09127089079482631,0.17334586119243967,0.3737373737373737,0.4143426294820717,0.09426310661924864,0.16666051027677364,0.368,15.0,-2.0,-2.0,28.0,-6.0,-6.0,33.0,-2.0,-2.0,0.00022578564496511131,7.657331343148805e-05,0.00019817064393617276,-5.164627325804361e-05,-0.00011782167916685182,0.0001279129611404528,0.0398406374501992,-0.371110825793697,10,-0.3247971534729004
58,1,test,2.897229093824579,1.4092734693839388,1.9031481932492893,4.889074095828978,2.378148979585397,3.211562576108176,18.1238562232351,13.695822527823559,15.421616650492137,30.584007376709234,23.111700515702257,26.02397809770548,2.934399233887033,1.417102983705648,1.9222183038199723,4.6577765617254485,2.2493698154057897,3.0511401647936065,18.810199209753577,14.250319470620518,16.0586036965162,29.857459063100915,22.619554715270663,25.489847137327303,2.897229093824579,1.4092734693839388,1.9031481932492893,4.889074095828978,2.378148979585397,3.211562576108176,18.1238562232351,13.695822527823559,15.421616650492137,30.584007376709234,23.111700515702257,26.02397809770548,0.7386934673366834,-0.0013065326633165952,-0.0013065326633165952,0.4773869346733668,-0.0026130653266331905,-0.0026130653266331905,0.37688442211055273,-0.003115577889447274,-0.003115577889447274,0.3977695167286245,0.09535764288817916,0.15178682204382843,0.33582089552238803,0.3869346733668342,0.09620785632422768,0.13985620925998943,0.303030303030303,0.3977695167286245,0.09535764288817916,0.15178682204382843,0.33582089552238803,19.0,0.0,0.0,29.0,0.0,0.0,38.0,0.0,0.0,-7.962043238084089e-05,0.00048503397964759645,0.0002213439999843268,-0.00017638486674709242,0.00021985158203818855,6.483093570341936e-05,0.04460966542750929,0.2333342252817765,12,-0.22109627723693848
462,1,test,2.7802284152081196,1.3457491981193503,1.8198337417416806,4.878852444752313,2.3615727863771827,3.193514695185401,16.12270319807702,11.92524472323873,13.509975753918434,28.29274367662548,20.92688106271571,23.707828419779446,2.977318778711584,1.4102310280719914,1.927126579305619,4.880850456904236,2.3118541443803133,3.159223900501014,19.635099955787854,14.84242955684963,16.77689954609227,32.188688452111236,24.33185173254038,27.50311400998733,2.7802284152081196,1.3457491981193503,1.8198337417416806,4.878852444752313,2.3615727863771827,3.193514695185401,16.12270319807702,11.92524472323873,13.509975753918434,28.29274367662548,20.92688106271571,23.707828419779446,0.6783919597989949,-0.0016080402010050232,-0.0016080402010050232,0.5376884422110553,-0.0023115577889447625,-0.0023115577889447625,0.42211055276381915,-0.0028894472361808976,-0.0028894472361808976,0.42435424354243545,0.13153656398442437,0.20226835397188325,0.3666666666666667,0.42713567839195976,0.1188650017002304,0.1967517051031451,0.3737373737373737,0.42435424354243545,0.13153656398442437,0.20226835397188325,0.3666666666666667,18.0,-3.0,-3.0,26.0,-3.0,-3.0,37.0,-4.0,-4.0,0.0003757273960020122,0.00043178121150659393,1.3010816087053201e-05,-0.00019024471046957814,0.00021210453193631906,5.782182176528039e-05,0.05166051660516605,0.4718742947801442,14,-0.28551769256591797
901,1,test,2.220823057147401,1.0834018758304784,1.4603646177432754,4.194887996833979,2.0464257654575704,2.7584665001817426,9.21491214484484,6.096196760285137,7.075655429540086,17.4059451624847,11.515038324983038,13.365126922464608,2.213891898513021,1.0224825437362994,1.4151744499314485,4.09979981206115,1.893486192104258,2.6206934257989785,9.151262963068747,5.859545826017075,6.928574575594601,16.946783264942123,10.851010788920508,12.830693658508517,2.220823057147401,1.0834018758304784,1.4603646177432754,4.194887996833979,2.0464257654575704,2.7584665001817426,9.21491214484484,6.096196760285137,7.075655429540086,17.4059451624847,11.515038324983038,13.365126922464608,0.5577889447236181,-0.00221105527638199,-0.00221105527638199,0.4170854271356784,-0.0029145728643216184,-0.0029145728643216184,0.27135678391959794,-0.0036432160804020786,-0.0036432160804020786,0.38541666666666663,0.11505271519352966,0.178719207082371,0.372822299651568,0.3919597989949749,0.12378937292981196,0.18160921468779623,0.3737373737373737,0.38541666666666663,0.11505271519352966,0.178719207082371,0.372822299651568,16.0,-4.0,-4.0,26.0,-5.0,-5.0,32.0,-5.0,-5.0,0.00041648715739136497,0.00013075251630024153,-1.0709583938630679e-05,-0.004983582423659705,-0.0050982385623399296,-0.004189956132470307,0.03819444444444445,0.5074753787428162,11,-0.4675607681274414
261,1,test,2.5438448025169658,1.228638656297546,1.6655967826885931,4.343149662833844,2.097675754654347,2.8437018241024763,12.72851564058089,9.002996732846345,10.321836084755569,21.731612069284445,15.37097003168888,17.622646973972923,2.669805997924706,1.2472275127334738,1.7188501178793942,4.306138706330171,2.0116572786023768,2.772338899805474,14.437168080531881,10.289366371662421,11.848985611283174,23.285754968599807,16.595752212358743,19.11126711497286,2.5438448025169658,1.228638656297546,1.6655967826885931,4.343149662833844,2.097675754654347,2.8437018241024763,12.72851564058089,9.002996732846345,10.321836084755569,21.731612069284445,15.37097003168888,17.622646973972923,0.5979899497487438,-0.0020100502512562235,-0.0020100502512562235,0.4371859296482412,-0.002814070351758735,-0.002814070351758735,0.3467336683417085,-0.003266331658291488,-0.003266331658291488,0.3799283154121864,0.1146953405017922,0.17204301075268824,0.3525179856115108,0.3668341708542714,0.10301507537688448,0.15745393634840876,0.3434343434343434,0.3799283154121864,0.1146953405017922,0.17204301075268824,0.3525179856115108,23.0,-11.0,-11.0,31.0,-7.0,-7.0,38.0,-7.0,-7.0,0.0004343397715653857,0.00023385920901838203,-7.1608791560405234e-06,-0.0002456840853515274,0.00018111633153772289,2.978536601450088e-05,0.03942652329749104,0.6725556082087147,11,-0.6149382591247559
398,1,test,3.0309286036246195,1.4740822749394085,1.9909032190582174,4.830542462026737,2.349318625684682,3.173002005374034,20.716461041014806,15.972623914019282,17.887172207304534,33.01685978411735,25.456369362968232,28.5076807053916,2.891437068929072,1.3992573759533984,1.8942144247891755,4.553444203037909,2.2035549227612576,2.983014842187678,18.019185816208694,13.572408243150594,15.308443149401697,28.376670576706605,21.37387124905605,24.107784487246768,3.0228924174367897,1.4702479405307156,1.985841871995275,4.823764495909771,2.3461403306341206,3.168896604247779,20.55064685214319,15.826700806665862,17.72976219082278,32.79358540235615,25.25537362765829,28.292173708759755,0.6482412060301508,-0.0017587939698492372,-0.0017587939698492372,0.507537688442211,-0.0024623115577889765,-0.0024623115577889765,0.38190954773869346,-0.0030904522613065533,-0.0030904522613065533,0.39344262295081966,0.08738697646964122,0.16552550190392767,0.4078947368421053,0.3919597989949749,0.10373924761652875,0.17159252019697824,0.3939393939393939,0.3946488294314381,0.08913964746148817,0.1677300307662546,0.4093959731543624,20.0,-3.0,-3.0,32.0,-7.0,-7.0,41.0,-7.0,-7.0,-0.0004924151322116563,-3.8633811916836234e-05,-0.00011891163613248206,0.0004833415140721442,8.040468024717029e-05,-6.13331151724239e-05,0.036065573770491806,-0.4547033453511655,11,0.035651445388793945
755,1,test,2.7983217226255843,1.3494339292122173,1.8290231013255416,4.227899124401698,2.0388186539184585,2.763415337872285,16.41707123865942,12.158695551767439,13.780976328667645,24.804053284496298,18.3702030619095,20.821257713965245,2.785266643678319,1.3269804311536693,1.8048379999801198,3.9789523481118847,1.8956863302195277,2.5783399999716,16.204138031734825,11.905551683062546,13.538539442615706,23.148768616764038,17.00793097580364,19.340770632308153,2.7983217226255843,1.3494339292122173,1.8290231013255416,4.227899124401698,2.0388186539184585,2.763415337872285,16.41707123865942,12.158695551767439,13.780976328667645,24.804053284496298,18.3702030619095,20.821257713965245,0.6381909547738693,-0.0018090452261306789,-0.0018090452261306789,0.4824120603015075,-0.0025879396984924696,-0.0025879396984924696,0.371859296482412,-0.003140703517587995,-0.003140703517587995,0.3862815884476535,0.10700230916837417,0.170195153873824,0.34782608695652173,0.3919597989949749,0.10373924761652875,0.16825362203337224,0.33838383838383834,0.3862815884476535,0.10700230916837417,0.170195153873824,0.34782608695652173,14.0,-1.0,-1.0,25.0,-2.0,-2.0,32.0,-6.0,-6.0,0.0003791288962730555,0.00022706117215536353,1.5690713173805856e-05,-0.00023182424163081805,0.0001888633816387042,3.6794479953528025e-05,0.9602888086642599,-0.5253696347038267,266,-0.5355014801025391
871,1,test,2.466457287001486,1.1684686182031023,1.599385504395074,3.8399933809603968,1.819172698998842,2.49006126432766,11.780637418650189,8.118713504896059,9.400705735752853,18.3411121487967,12.63991324115554,14.635829289196057,2.679939689641118,1.264779810164287,1.7343523971271475,3.912320714804552,1.8463938834515141,2.5319013096746676,14.584213690194723,10.467069029904422,12.009888873784693,21.290822905393753,15.280392744386017,17.53268448727692,2.466457287001486,1.1684686182031023,1.599385504395074,3.8399933809603968,1.819172698998842,2.49006126432766,11.780637418650189,8.118713504896059,9.400705735752853,18.3411121487967,12.63991324115554,14.635829289196057,0.5979899497487438,-0.0020100502512562235,-0.0020100502512562235,0.4522613065326633,-0.0027386934673366836,-0.0027386934673366836,0.3316582914572864,-0.0033417085427135396,-0.0033417085427135396,0.35521235521235517,0.08931640145512976,0.1382675541853975,0.33333333333333337,0.371859296482412,0.10368887041724906,0.16317816125703632,0.36363636363636365,0.35521235521235517,0.08931640145512976,0.1382675541853975,0.33333333333333337,18.0,0.0,0.0,24.0,0.0,0.0,33.0,0.0,0.0,0.0005898639990711984,0.0003289767058811738,0.00015548661447307497,-0.00010708564814265742,-0.00016179463533028127,9.987650539144965e-05,0.07722007722007722,-0.3306484552248265,20,-0.6039800643920898
459,1,test,2.7022529879472508,1.3064879991267369,1.7666399919716156,4.2883580026119414,2.0733396507880824,2.80358085682452,14.913293373906228,10.875230909884296,12.364518005895096,23.66674818032945,17.258518617859863,19.62195248761613,2.7022529879472508,1.3064879991267369,1.7666399919716156,4.2883580026119414,2.0733396507880824,2.80358085682452,14.913293373906228,10.875230909884296,12.364518005895096,23.66674818032945,17.258518617859863,19.62195248761613,2.7022529879472508,1.3064879991267369,1.7666399919716156,4.2883580026119414,2.0733396507880824,2.80358085682452,14.913293373906228,10.875230909884296,12.364518005895096,23.66674818032945,17.258518617859863,19.62195248761613,0.6551724137931034,0.17017241379310344,0.17017241379310344,0.46896551724137936,0.12396551724137939,0.12396551724137939,0.3655172413793103,0.09551724137931028,0.09551724137931028,0.3793103448275862,0.07346842042896073,0.15047739288250606,0.3125,0.3793103448275862,0.07346842042896073,0.15047739288250606,0.3125,0.3793103448275862,0.07346842042896073,0.15047739288250606,0.3125,14.0,1.0,1.0,19.0,2.0,2.0,28.0,3.0,3.0,0.00034612055149594814,6.262675010596415e-05,4.6808901832105057e-05,-0.021143020136466184,-0.01966352875525157,-0.0219585888950089,0.06896551724137931,0.6784981827740888,10,-0.5173964500427246
632,1,test,2.815187837702612,1.3539524055340575,1.8392346476691364,4.4558271073571145,2.1430107610770848,2.911106495317375,16.696311682630313,12.38502914593646,14.04261620071522,26.426612530785725,19.602794476018634,22.226392529608855,2.639875854080705,1.2472141020908152,1.7085947466428772,4.157284809575913,1.9641166962060077,2.6907003884139797,14.011464033672205,9.985913210479996,11.47370579674301,22.06529769082237,15.725847575559051,18.068828026366944,2.815187837702612,1.3539524055340575,1.8392346476691364,4.4558271073571145,2.1430107610770848,2.911106495317375,16.696311682630313,12.38502914593646,14.04261620071522,26.426612530785725,19.602794476018634,22.226392529608855,0.6783919597989949,-0.0016080402010050232,-0.0016080402010050232,0.5025125628140703,-0.0024874371859296973,-0.0024874371859296973,0.31155778894472363,-0.003442211055276312,-0.003442211055276312,0.3697478991596639,0.05947536247203289,0.13092108351720577,0.379746835443038,0.38190954773869346,0.07113260538280375,0.1448477781226667,0.3535353535353535,0.3697478991596639,0.05947536247203289,0.13092108351720577,0.379746835443038,18.0,0.0,0.0,27.0,0.0,0.0,33.0,0.0,0.0,-0.00019500170452888205,-0.0001774250615497977,-0.00019456373050014323,3.8442710928343615e-05,-4.636562540305533e-05,-7.072031659394185e-05,0.9537815126050421,-0.5376256354506191,227,-0.30184221267700195
647,1,test,1.8199636374355852,0.8562838254083711,1.176591671448676,3.4591361850596885,1.6275063436569703,2.2363033755349004,6.171634029363387,3.550309299623933,4.268747487269518,11.73019183064432,6.747938867497145,8.113447210902992,1.6844812541482073,0.7635449960552663,1.0689587860097383,3.3689625082964145,1.5270899921105325,2.1379175720194765,5.389654346218795,2.878013512708167,3.5390311075230034,10.77930869243759,5.756027025416334,7.078062215046007,1.8199636374355852,0.8562838254083711,1.176591671448676,3.4591361850596885,1.6275063436569703,2.2363033755349004,6.171634029363387,3.550309299623933,4.268747487269518,11.73019183064432,6.747938867497145,8.113447210902992,0.3919597989949749,-0.0030402010050251116,-0.0030402010050251116,0.26633165829145733,-0.0036683417085426884,-0.0036683417085426884,0.20603015075376885,-0.003969849246231116,-0.003969849246231116,0.32167832167832167,0.08956662883364452,0.14958529842250767,0.31228070175438594,0.29648241206030146,0.07593103361418618,0.13287640204360696,0.2676767676767676,0.32167832167832167,0.08956662883364452,0.14958529842250767,0.31228070175438594,18.0,0.0,0.0,25.0,0.0,0.0,31.0,0.0,0.0,0.0006148852101337609,0.00045875271544694354,-9.108731326980123e-05,-0.09584747747775957,-0.10038893620287137,-0.08782722451167846,0.03496503496503497,0.5828105198125128,10,-0.8688335418701172
580,1,test,2.442900027722792,1.1875030224749672,1.6046409929424232,4.1856057799836375,2.0346389365972373,2.7493530388631333,11.506361170743544,7.997129889680483,9.194023399933505,19.7147207320383,13.70208879187293,15.752817162943394,2.5000170590566957,1.191824170083225,1.6271604751451187,3.9370347386719615,1.876888456823976,2.562457441173415,12.182701784331277,8.483219491612687,9.788962771702922,19.185357140679177,13.359400774193208,15.415689404256568,2.442900027722792,1.1875030224749672,1.6046409929424232,4.1856057799836375,2.0346389365972373,2.7493530388631333,11.506361170743544,7.997129889680483,9.194023399933505,19.7147207320383,13.70208879187293,15.752817162943394,0.5979899497487438,-0.0020100502512562235,-0.0020100502512562235,0.42211055276381915,-0.0028894472361808976,-0.0028894472361808976,0.3065326633165829,-0.0034673366834171437,-0.0034673366834171437,0.3731343283582089,0.0938047194196614,0.16221621421428833,0.32209737827715357,0.35678391959798994,0.07357589954786459,0.15144168253622037,0.28787878787878785,0.3731343283582089,0.0938047194196614,0.16221621421428833,0.32209737827715357,20.0,-6.0,-6.0,29.0,-10.0,-10.0,36.0,-6.0,-6.0,0.0004235751402502546,0.0005297546648930503,0.0002930597271245062,-0.00016945494488584956,0.00022372510708557058,6.833549267337702e-05,0.04477611940298507,0.46559561808449074,12,-0.42205286026000977
954,1,test,2.3666836892414964,1.1446764632000355,1.4953335949557354,4.486837827520337,2.1701157948167342,2.834903273770249,10.661975166534885,7.26798175350382,8.271839581950982,20.213327919889053,13.778882074350992,15.682029207448736,2.2423728483064505,1.0496683872498758,1.445411119706911,4.53004615819485,2.120542196464396,2.920022464054366,9.415646702757428,6.119663680378887,7.196857309926029,19.02150849041905,12.36295693005836,14.539105676618242,2.430074734219278,1.1663756564226946,1.5831291619098518,4.445258660157216,2.1336140056512702,2.8959679791033874,11.359731008907202,7.821244563944534,9.027219536314313,20.77999574800098,14.307154690142443,16.513206468867647,0.5577889447236181,-0.00221105527638199,-0.00221105527638199,0.42211055276381915,-0.0028894472361808976,-0.0028894472361808976,0.29648241206030146,-0.0035175879396985854,-0.0035175879396985854,0.4049586776859504,0.10647174508622548,0.17133208922065224,0.3812154696132597,0.39698492462311563,0.11878943590131108,0.18830378939773995,0.35858585858585856,0.41137123745819393,0.119217648142668,0.1900141740544119,0.38926174496644295,18.0,-2.0,-2.0,29.0,-7.0,-7.0,38.0,-4.0,-4.0,-0.00031185835781414776,-5.830297039666738e-06,-0.00018947039301672863,-0.012316893439653143,-0.013128534852423712,-0.01165412430986823,0.9696969696969697,-0.500589793387133,352,-0.4185829162597656
235,1,test,2.0649973760910045,0.9883279917477645,1.345102945531335,3.235162555875907,1.548380520404831,2.1073279479990914,7.8852772073779605,4.950388937580788,5.831060870650486,12.35360095822547,7.755609335543234,9.135328697352428,2.130515597405508,0.98534751020502,1.3641481804503375,3.1331111726551586,1.4490404561838526,2.006100265368143,8.419206613635039,5.276237008230835,6.267271657593124,12.381186196522115,7.759172070927699,9.216575967048712,2.0649973760910045,0.9883279917477645,1.345102945531335,3.235162555875907,1.548380520404831,2.1073279479990914,7.8852772073779605,4.950388937580788,5.831060870650486,12.35360095822547,7.755609335543234,9.135328697352428,0.5577889447236181,-0.00221105527638199,-0.00221105527638199,0.37688442211055273,-0.003115577889447274,-0.003115577889447274,0.26633165829145733,-0.0036683417085426884,-0.0036683417085426884,0.3736654804270463,0.09835464561354712,0.17129861652172085,0.35357142857142854,0.3668341708542714,0.0911449477966273,0.15147523930168372,0.3484848484848485,0.3736654804270463,0.09835464561354712,0.17129861652172085,0.35357142857142854,19.0,-8.0,-8.0,28.0,-8.0,-8.0,35.0,-11.0,-11.0,0.0006137604008770069,6.329337218549052e-05,3.2886183583270706e-05,-0.013088676567114987,-0.012609337266294318,-0.012394250322662614,0.042704626334519574,0.36922368183260756,12,-0.5128400325775146
280,1,test,1.5979716300748648,0.7549658235363814,0.917036207845137,3.3163933830196943,1.5668386186961083,1.9031957479399073,4.942996024594059,2.6196560222757883,2.96727101939872,10.258579689232898,5.4367735537683455,6.158205683475736,1.3393791891338753,0.5961084461919864,0.8422818133143162,2.5271305455356137,1.1247329173433707,1.5892109685175777,3.8166733374491235,1.713871333524489,2.1727307462656578,7.201270448017214,3.2337194972160166,4.099491974086146,1.413115743316377,0.6438053440036454,0.898878698743362,2.9236877447925043,1.3320110565592664,1.859749031882818,4.108737251883675,1.950459860972277,2.4363751746744526,8.500835693552432,4.035434195115056,5.040776223464385,0.29145728643216084,-0.0035427135678391952,-0.0035427135678391952,0.2361809045226131,-0.0038190954773869024,-0.0038190954773869024,0.1959798994974874,-0.004020100502512558,-0.004020100502512558,0.30097087378640774,0.08763754045307437,0.12208524328787407,0.291970802919708,0.27638190954773867,0.10094331305651061,0.15451212657611935,0.21717171717171713,0.30434782608695654,0.11570007984321695,0.16975383276103884,0.24496644295302017,16.0,-1.0,-1.0,23.0,-4.0,-4.0,27.0,0.0,0.0,0.00041793225315132,-0.0002024847604176403,0.00023688578062838563,-0.09133960882524939,-0.08955153859736864,-0.0878531147222592,0.024271844660194174,0.7303004827369266,10,-0.716926097869873
922,1,test,2.3951611296298396,1.156665623737765,1.568058344032691,4.961405197090382,2.3959502205996563,3.248120855496288,10.969965503163667,7.51954707956367,8.683281383384259,22.723499970839026,15.576204664810458,17.986797151295967,2.5401299667438484,1.2026871463091053,1.6465155549936643,4.838342793797806,2.290832659636391,3.1362201047498366,12.681319013476072,8.87202901207499,10.237371875546977,24.154893359002042,16.899102880142838,19.499755953422813,2.3951611296298396,1.156665623737765,1.568058344032691,4.961405197090382,2.3959502205996563,3.248120855496288,10.969965503163667,7.51954707956367,8.683281383384259,22.723499970839026,15.576204664810458,17.986797151295967,0.5326633165829145,-0.0023366834170853723,-0.0023366834170853723,0.42211055276381915,-0.0028894472361808976,-0.0028894472361808976,0.3316582914572864,-0.0033417085427135396,-0.0033417085427135396,0.36923076923076925,0.11923076923076925,0.17948717948717952,0.30501930501930496,0.3869346733668342,0.1306532663316583,0.19095477386934678,0.31313131313131315,0.36923076923076925,0.11923076923076925,0.17948717948717952,0.30501930501930496,20.0,0.0,0.0,31.0,0.0,0.0,41.0,0.0,0.0,0.0006634274515732389,0.0002222521200017347,0.0003764835981435764,-0.02920299701556761,-0.025579389505808514,-0.026253321653257444,0.95,-0.3891513105886507,247,-0.4002523422241211
618,1,test,2.5718630266237175,1.2330704824455265,1.6775842399335432,4.370486189033768,2.0954138917374956,2.850796747599485,13.090189108693982,9.275754146775716,10.644617734040443,22.24476580562376,15.762719465109061,18.088892881375916,2.7857625290607255,1.316173782961357,1.8048219905693785,4.529695169204432,2.1401199722948894,2.934669903364844,16.212175419566126,11.864728550677754,13.545211975107248,26.36126084482297,19.292241545817483,22.024734918873573,2.5718630266237175,1.2330704824455265,1.6775842399335432,4.370486189033768,2.0954138917374956,2.850796747599485,13.090189108693982,9.275754146775716,10.644617734040443,22.24476580562376,15.762719465109061,18.088892881375916,0.6783919597989949,-0.0016080402010050232,-0.0016080402010050232,0.4371859296482412,-0.002814070351758735,-0.002814070351758735,0.36180904522613067,-0.0031909547738693256,-0.0031909547738693256,0.36679536679536684,0.08548515484931674,0.14086468643593164,0.33333333333333337,0.3869346733668342,0.09620785632422768,0.14987290375080742,0.3484848484848485,0.36679536679536684,0.08548515484931674,0.14086468643593164,0.33333333333333337,20.0,0.0,0.0,30.0,0.0,0.0,37.0,1.0,1.0,0.0006643963741176013,0.00015698885345031063,0.0002633417377955131,-0.004782614689704978,-0.005406287803761067,-0.004714178612344355,0.03861003861003861,0.42042245007330736,10,-0.22305560111999512
573,1,test,2.529349225002904,1.2089735978078282,1.64845035816373,4.349836246820281,2.079126569478431,2.8349146286892175,12.545339286427797,8.80051151417144,10.132271527962844,21.57478730786946,15.134637635836233,17.424925557643107,2.5358425862314244,1.2073643723879377,1.6484516824751996,3.9315388933820534,1.8718827478882756,2.5557390425972084,12.627065758744653,8.85177193474754,10.198281313854451,19.576846137588607,13.723677418213239,15.811288858689071,2.529349225002904,1.2089735978078282,1.64845035816373,4.349836246820281,2.079126569478431,2.8349146286892175,12.545339286427797,8.80051151417144,10.132271527962844,21.57478730786946,15.134637635836233,17.424925557643107,0.5678391959798995,-0.0021608040201005485,-0.0021608040201005485,0.4170854271356784,-0.0029145728643216184,-0.0029145728643216184,0.3266331658291457,-0.0033668341708542604,-0.0033668341708542604,0.38661710037174724,0.11388982764447453,0.17895331792428126,0.3544776119402985,0.3668341708542714,0.0961574791249481,0.16316138287430482,0.3282828282828283,0.38661710037174724,0.11388982764447453,0.17895331792428126,0.3544776119402985,22.0,0.0,0.0,32.0,0.0,0.0,40.0,0.0,0.0,0.000317913386768239,0.00016851201681497967,0.00016168895341238173,-0.00952744294987351,-0.010269134754826048,-0.010333491496720804,0.03717472118959108,0.7508982407242567,10,-0.5328409671783447
293,1,test,2.4458163502385064,1.1861908061437845,1.5988942108962674,3.7725563515471303,1.8296433660802713,2.4662189007692428,11.53996640893859,8.015864789336185,9.20750959337011,17.799853847749617,12.364093330721378,14.202149231283142,2.5276601350154,1.1912740509306854,1.6355586168193454,3.5106390764102784,1.6545472929592855,2.2716091900268687,12.524166965460694,8.718900253119594,10.083914463902724,17.39467634091763,12.109583684888326,14.005436755420451,2.4498848547650307,1.1783203749034592,1.6006330132639508,3.7498237572934143,1.8035515942399885,2.449948489689721,11.587012453136163,8.02058464861693,9.249115373251882,17.735223142555352,12.276405074413669,14.156809244773289,0.5778894472361809,-0.002110552763819218,-0.002110552763819218,0.42713567839195976,-0.002864321608040288,-0.002864321608040288,0.3266331658291457,-0.0033668341708542604,-0.0033668341708542604,0.3742331288343558,0.09858228656789325,0.15994741454864148,0.3384615384615385,0.36180904522613067,0.09113235349680737,0.149789011837149,0.31818181818181823,0.36789297658862874,0.0974422253365419,0.1543223425508089,0.32885906040268453,18.0,-2.0,-2.0,27.0,-2.0,-2.0,34.0,-2.0,-2.0,0.0006229999264873394,0.00020876467680845122,9.982006977408148e-05,0.0004004140563926839,-9.393457993667198e-07,-0.00013492881151577762,0.06748466257668712,0.29393444691938325,22,-0.8329265117645264
538,1,test,2.3014737562577565,1.101831859666345,1.499922684215317,4.474064982165078,2.1419611351913743,2.915849698114576,9.988892805696821,6.669964615289965,7.759897224375762,19.41840761427462,12.966411212123692,15.085240204186482,2.3093591227281567,1.0859321507496753,1.4932069831225665,4.276590968015105,2.010985464351251,2.765198116893642,10.067970253685761,6.6691548100770826,7.806190195548046,18.644389358677333,12.35028668532793,14.455907769533418,2.3014737562577565,1.101831859666345,1.499922684215317,4.474064982165078,2.1419611351913743,2.915849698114576,9.988892805696821,6.669964615289965,7.759897224375762,19.41840761427462,12.966411212123692,15.085240204186482,0.6080402010050252,-0.001959798994974782,-0.001959798994974782,0.42713567839195976,-0.002864321608040288,-0.002864321608040288,0.2814070351758794,-0.003592964824120637,-0.003592964824120637,0.3842975206611571,0.10388514952713646,0.16314367450731093,0.34024896265560167,0.38190954773869346,0.09619526202440776,0.1598728198588938,0.3282828282828283,0.3842975206611571,0.10388514952713646,0.16314367450731093,0.34024896265560167,19.0,-8.0,-8.0,28.0,-13.0,-13.0,37.0,-17.0,-17.0,5.09100634620102e-05,5.9885193990088235e-05,9.568718178321436e-05,-0.004664806018077172,-0.005312845271915556,-0.005673109935096399,0.9504132231404959,-0.27403358298863856,230,-0.2785680294036865
178,1,test,3.0384095919950083,1.4689757211688468,1.9789073554887169,4.883824006764983,2.361175699056674,3.1808204118898398,20.872021793731022,16.068094013601296,17.987087177054246,33.5488939261198,25.82724313842662,28.911759756982896,3.0167706173133273,1.4600288574798008,1.9728289544520978,4.713704089552074,2.281295089812189,3.0825452413314034,20.425224197616757,15.681883102287,17.58483335637116,31.91441280877618,24.502942347323433,27.476302119329937,3.0384095919950083,1.4689757211688468,1.9789073554887169,4.883824006764983,2.361175699056674,3.1808204118898398,20.872021793731022,16.068094013601296,17.987087177054246,33.5488939261198,25.82724313842662,28.911759756982896,0.6934673366834171,-0.0015326633165829717,-0.0015326633165829717,0.5477386934673367,-0.002261306532663321,-0.002261306532663321,0.44221105527638194,-0.0027889447236180143,-0.0027889447236180143,0.4291187739463601,0.12510347757924734,0.19090221343680602,0.39230769230769236,0.44221105527638194,0.13644664424881303,0.20514928566035517,0.3939393939393939,0.4291187739463601,0.12510347757924734,0.19090221343680602,0.39230769230769236,21.0,-5.0,-5.0,37.0,-8.0,-8.0,44.0,-7.0,-7.0,-0.0002690066037221276,0.00012240424686593994,0.00012048169530942042,-0.00012094549186336678,-0.00017278787436758591,9.286739145242251e-05,0.9425287356321839,-0.46740989134725897,246,-0.3197498321533203
516,1,test,2.4212734271229612,1.1667117731899281,1.5823533072738285,4.211548324753272,2.0293713873061177,2.752335752652053,11.26018921926241,7.753888155113222,8.946322291082287,19.585904884414006,13.48706606374239,15.561178772973431,2.425689078810983,1.1558893373608492,1.568072149326079,4.146477057796552,1.9758792091638453,2.6804652125232122,11.3100202300223,7.749880687440669,8.952484409990824,19.333367914568036,13.247659294770376,15.30339215383047,2.4212734271229612,1.1667117731899281,1.5823533072738285,4.211548324753272,2.0293713873061177,2.752335752652053,11.26018921926241,7.753888155113222,8.946322291082287,19.585904884414006,13.48706606374239,15.561178772973431,0.5728643216080402,-0.0021356783919597166,-0.0021356783919597166,0.42211055276381915,-0.0028894472361808976,-0.0028894472361808976,0.31658291457286436,-0.003417085427135591,-0.003417085427135591,0.39160839160839156,0.13157348759443,0.19277118230606594,0.38245614035087716,0.3919597989949749,0.12128310726565161,0.18160921468779623,0.3787878787878788,0.39160839160839156,0.13157348759443,0.19277118230606594,0.38245614035087716,16.0,-5.0,-5.0,27.0,-9.0,-9.0,34.0,-11.0,-11.0,-0.0002487494859807919,0.00017862609068593221,4.397008371179848e-05,-0.00029419353837489837,0.00015400165618917327,5.253467235455389e-06,0.04195804195804196,-0.30505088628543436,12,-0.33640313148498535
680,1,test,2.974379331476334,1.4339626387637388,1.9430681993761625,4.285122765686244,2.0658783778799625,2.7993355414741323,19.57746835952353,14.910933982743012,16.772727548830847,28.204827297618642,21.48185404293485,24.164099011027492,2.748481412176179,1.3270124239185297,1.7965729978259088,3.95464951392256,1.909370394127381,2.58499711917397,15.618895201556553,11.475692913970473,13.028246225188568,22.473230505836767,16.51178836542514,18.745678021854054,2.974379331476334,1.4339626387637388,1.9430681993761625,4.285122765686244,2.0658783778799625,2.7993355414741323,19.57746835952353,14.910933982743012,16.772727548830847,28.204827297618642,21.48185404293485,24.164099011027492,0.6231155778894473,-0.0018844221105527303,-0.0018844221105527303,0.4773869346733668,-0.0026130653266331905,-0.0026130653266331905,0.35678391959798994,-0.0032160804020100464,-0.0032160804020100464,0.39370078740157477,0.11668703494577914,0.17511439996701983,0.4031620553359684,0.3869346733668342,0.10873918464502963,0.1699062927324435,0.36363636363636365,0.39370078740157477,0.11668703494577914,0.17511439996701983,0.4031620553359684,20.0,-4.0,-4.0,29.0,-3.0,-3.0,36.0,-4.0,-4.0,-0.00014529051615286867,-0.0002511995371963542,-0.00012798713032235044,-7.243603883999583e-05,-0.00013431153772813786,0.00011739929023413254,0.9488188976377953,-0.31959712242020427,241,-0.4483025074005127
981,1,test,2.5064048854428678,1.1806476768669212,1.6070390167620223,4.201076370486625,1.9789265038394417,2.6936165337772535,12.260771851796363,8.495736658956687,9.80272795757849,20.55072554704504,14.24001314995581,16.43070879253213,2.5617719112405983,1.1875157046618288,1.639374771346635,3.7952176462823677,1.7592825254249314,2.4287033649579772,12.958758754745435,9.006622698112137,10.44344602940349,19.198161118141385,13.343144737943906,15.471771895412576,2.5064048854428678,1.1806476768669212,1.6070390167620223,4.201076370486625,1.9789265038394417,2.6936165337772535,12.260771851796363,8.495736658956687,9.80272795757849,20.55072554704504,14.24001314995581,16.43070879253213,0.6180904522613065,-0.0019095477386934512,-0.0019095477386934512,0.4371859296482412,-0.002814070351758735,-0.002814070351758735,0.35678391959798994,-0.0032160804020100464,-0.0032160804020100464,0.3979591836734694,0.12631232459027752,0.17850217009880875,0.3651877133105802,0.40703517587939697,0.12633342149343207,0.1849984479995973,0.36868686868686873,0.3979591836734694,0.12631232459027752,0.17850217009880875,0.3651877133105802,20.0,-9.0,-9.0,30.0,-10.0,-10.0,39.0,-9.0,-9.0,0.00011869704383715197,-0.00015527469397382034,0.00010981524027706966,-0.016415353430212498,-0.01367140653687926,-0.015101844295817735,0.95578231292517,0.41052028129762247,281,-0.9400315284729004
229,1,test,2.093196314690296,0.9674987284123955,1.3396884874016592,4.014563081159746,1.8555759194178032,2.569402546733033,8.11079844092696,5.028432125370115,5.986359313956903,15.555785069539018,9.644082509105369,11.481301072290478,1.9499593560327897,0.8931928752966183,1.2402892642519299,3.611035844505166,1.6540608801789227,2.296831970836907,7.028401912647115,4.151348986388526,4.995081573757195,13.015559097494656,7.687683308126899,9.250151062513323,2.093196314690296,0.9674987284123955,1.3396884874016592,4.014563081159746,1.8555759194178032,2.569402546733033,8.11079844092696,5.028432125370115,5.986359313956903,15.555785069539018,9.644082509105369,11.481301072290478,0.5226130653266332,-0.002386934673366814,-0.002386934673366814,0.3417085427135679,-0.003291457286432098,-0.003291457286432098,0.24120603015075381,-0.0037939698492461815,-0.0037939698492461815,0.34765625,0.08059971978557501,0.1385653409090909,0.34509803921568627,0.3417085427135679,0.07855064797672573,0.1363663056517983,0.3282828282828283,0.34765625,0.08059971978557501,0.1385653409090909,0.34509803921568627,19.0,-7.0,-7.0,29.0,-10.0,-10.0,35.0,-14.0,-14.0,-0.0003969721263693553,-0.00013205705681652063,0.00014372747232415604,-0.02452526555931911,-0.024119218050102198,-0.020440680521447874,0.0390625,0.8086189424358239,10,-0.3897414207458496
353,1,test,3.0432169789840393,1.4419450610579465,1.973797737744903,4.67894610518796,2.2169905313765925,3.034714021782788,20.972603253025174,16.01326696975525,18.05891639367852,32.24537750152621,24.6203979659987,27.765583955280725,3.1208830145880904,1.4586599732435468,2.0084228336691963,4.69305716479412,2.1934736439752576,3.0201847122845047,22.66638555822526,17.39537004316429,19.624552902919344,34.08479031312069,26.158451192728254,29.510605869051645,3.0432169789840393,1.4419450610579465,1.973797737744903,4.67894610518796,2.2169905313765925,3.034714021782788,20.972603253025174,16.01326696975525,18.05891639367852,32.24537750152621,24.6203979659987,27.765583955280725,0.7386934673366834,-0.0013065326633165952,-0.0013065326633165952,0.5628140703517588,-0.0021859296482411583,-0.0021859296482411583,0.4170854271356784,-0.0029145728643216184,-0.0029145728643216184,0.4040816326530612,0.0836734693877551,0.1551020408163265,0.35245901639344257,0.40703517587939697,0.09045226130653261,0.1591289782244556,0.3535353535353535,0.4040816326530612,0.0836734693877551,0.1551020408163265,0.35245901639344257,21.0,-8.0,-8.0,31.0,-9.0,-9.0,41.0,-11.0,-11.0,0.00020832774131991248,0.0002795538802775551,0.00016696355676204896,-1.0066742095027337e-05,-8.484196204427974e-05,-0.00010243434826673337,0.9551020408163265,0.554915235369496,234,-0.23033523559570312
84,1,test,2.002012183997884,0.9679447919039528,1.2374358992825543,4.204225586395557,2.032684062998301,2.5986153884933643,7.403939208127804,4.591457138986103,5.255855202353571,15.54827233706839,9.642059991870816,11.037295924942498,2.9045108181448422,1.3995254049165795,1.8966253313987256,4.964975757512551,2.3923511195155207,3.2420945835875656,18.256310811504413,13.752222881797621,15.51650927252828,31.207368908554553,23.508073302218158,26.523947474407315,2.3155195185097357,1.1021787478279808,1.5039191100798666,4.184673828632052,1.9918893033035792,2.7179261025539754,10.130184370201611,6.765477759887008,7.87867593230594,18.30756211482219,12.226767035940377,14.238570961998686,0.6331658291457287,-0.0018341708542712887,-0.0018341708542712887,0.48743718592964824,-0.002562814070351749,-0.002562814070351749,0.38190954773869346,-0.0030904522613065533,-0.0030904522613065533,0.3421750663129973,0.11833400671034833,0.16035688449481555,0.2712765957446809,0.38190954773869346,0.10120779335272856,0.16321171802249979,0.3737373737373737,0.3612040133779264,0.11412554927108165,0.1743297085948341,0.30201342281879195,20.0,0.0,0.0,33.0,0.0,0.0,39.0,0.0,0.0,3.763289758799147e-05,0.0012983605706271483,0.00019502957471149402,-0.0370307436858921,-0.05621306435512796,-0.04989303972553749,0.9575596816976127,-0.4123184733422713,361,-0.7358994483947754
607,1,test,1.6547811152912646,0.7992135561259706,1.0834435583709816,3.2129326764049373,1.5517577075146585,2.1036203396108113,5.231934606354146,2.879225302910491,3.4613008146167745,10.158354783140167,5.590320661125478,6.720481873635489,1.5829831311754454,0.715891801750181,1.0025600871538185,2.753014141174688,1.2450292204350972,1.7435827602675105,4.86946040506992,2.4894822016244333,3.0826662415964874,8.46862679142595,4.329534263694668,5.36115868103737,1.6547811152912646,0.7992135561259706,1.0834435583709816,3.2129326764049373,1.5517577075146585,2.1036203396108113,5.231934606354146,2.879225302910491,3.4613008146167745,10.158354783140167,5.590320661125478,6.720481873635489,0.40703517587939697,-0.00296482412060306,-0.00296482412060306,0.29648241206030146,-0.0035175879396985854,-0.0035175879396985854,0.18592964824120606,-0.004070351758793889,-0.004070351758793889,0.3433962264150944,0.10799132999324879,0.16773750621434158,0.31439393939393945,0.3417085427135679,0.11363836727497134,0.16975528728785838,0.29292929292929293,0.3433962264150944,0.10799132999324879,0.16773750621434158,0.31439393939393945,15.0,-4.0,-4.0,19.0,-5.0,-5.0,29.0,-11.0,-11.0,-0.00025797320850585114,-0.00016005626826676836,0.0001969476619481109,-0.07622697078009111,-0.07949558209147511,-0.08348910003620791,0.03773584905660377,0.8946131592856058,10,-0.49161815643310547
668,1,test,3.583624358399232,1.749060223444366,2.3589569716870664,5.764022311401175,2.8132474678291914,3.794225972532812,36.00379531799998,29.741391330507906,32.600761317799,57.90971897533732,47.83705714003381,52.436164288267065,3.8658389207469583,1.9081438118424767,2.5520207181661987,5.741059292751079,2.833735959378006,3.7899412157841303,47.74330848882128,40.66032575621222,44.02295680461841,70.9023760393689,60.38361810064351,65.37737615014225,3.583624358399232,1.749060223444366,2.3589569716870664,5.764022311401175,2.8132474678291914,3.794225972532812,36.00379531799998,29.741391330507906,32.600761317799,57.90971897533732,47.83705714003381,52.436164288267065,0.8585858585858586,-0.0014141414141414232,-0.0014141414141414232,0.6767676767676767,0.0017676767676766403,0.0017676767676766403,0.5656565656565656,0.0006565656565656885,0.0006565656565656885,0.443609022556391,0.1021456079222447,0.18110902255639105,0.4037735849056604,0.4444444444444444,0.10187517492303388,0.17431021625652499,0.4365482233502538,0.443609022556391,0.1021456079222447,0.18110902255639105,0.4037735849056604,24.0,0.0,0.0,36.0,1.0,1.0,42.0,0.0,0.0,0.0001311453169011557,0.0005164344046978199,9.357722474445582e-05,-0.00015559510116602837,0.0002314721571865519,7.534460660885145e-05,0.03759398496240601,0.42781140108471116,10,-0.31610941886901855
559,1,test,1.645894933956286,0.7781442724651044,1.0666211579692708,3.4128115542328876,1.6135050355526432,2.211670342259812,5.185648644014146,2.8041007271986294,3.400906806395078,10.752594982441096,5.814385331397157,7.05188028973097,1.595930853613255,0.7343427864074116,1.0184381181478765,3.098894861384961,1.4259083231211875,1.9775497439764596,4.932918760875989,2.566002227696971,3.1513527917756035,9.578483030827163,4.982528597469848,6.119131634515735,1.645894933956286,0.7781442724651044,1.0666211579692708,3.4128115542328876,1.6135050355526432,2.211670342259812,5.185648644014146,2.8041007271986294,3.400906806395078,10.752594982441096,5.814385331397157,7.05188028973097,0.4371859296482412,-0.002814070351758735,-0.002814070351758735,0.27135678391959794,-0.0036432160804020786,-0.0036432160804020786,0.19095477386934678,-0.004045226130653168,-0.004045226130653168,0.33096085409252674,0.09295019689892103,0.14989576533513027,0.28928571428571426,0.321608040201005,0.07599400511328569,0.1279519467118564,0.26262626262626265,0.33096085409252674,0.09295019689892103,0.14989576533513027,0.28928571428571426,12.0,0.0,0.0,16.0,0.0,0.0,23.0,0.0,0.0,-0.0001944994338224512,0.0002652416741281487,0.00011252879270247818,-0.03104498157263702,-0.032245563528602084,-0.030324150343242096,0.03914590747330961,0.5697191003567673,11,-0.5464767217636108
870,1,test,2.604145341132346,1.2382183639890703,1.6898586719221163,4.48990576057301,2.1348592482570177,2.913549434348476,13.519665661531002,9.600311140885506,11.024670801208874,23.309768381950004,16.55226058773363,19.00805310553254,2.7070310227249705,1.2485325389200914,1.7274672388847068,4.16466311188457,1.9208192906462944,2.657641905976472,14.984720112129702,10.685221200177953,12.321425895604369,23.05341555712262,16.438801846427623,18.956039839391337,2.604145341132346,1.2382183639890703,1.6898586719221163,4.48990576057301,2.1348592482570177,2.913549434348476,13.519665661531002,9.600311140885506,11.024670801208874,23.309768381950004,16.55226058773363,19.00805310553254,0.5829145728643217,-0.002085427135678275,-0.002085427135678275,0.44221105527638194,-0.0027889447236180143,-0.0027889447236180143,0.371859296482412,-0.003140703517587995,-0.003140703517587995,0.4147157190635451,0.14381270903010024,0.20512820512820507,0.37248322147651003,0.40201005025125625,0.13567839195979892,0.19430485762144045,0.3535353535353535,0.4147157190635451,0.14381270903010024,0.20512820512820507,0.37248322147651003,23.0,-14.0,-14.0,33.0,-18.0,-18.0,42.0,-19.0,-19.0,0.0007307057712213543,0.0002914277703668961,5.588331916248351e-05,-0.004168493968153442,-0.005140847337886889,-0.004854360891092924,0.04013377926421405,0.3932051259240714,12,-0.6778035163879395
686,1,test,2.9984335315536654,1.4320573235891674,1.9541151832261825,4.906527597087816,2.343366529509547,3.1976430270973895,20.05409819368744,15.264836771305745,17.21263721695388,32.81579704421581,24.978823807591223,28.166133627742713,2.7354185821527035,1.2674762516584264,1.754455315700083,4.341934257385244,2.0118670661244864,2.7848497074604497,15.41619502967614,11.07589997610931,12.74917096988655,24.470150840755778,17.580793612871922,20.236779317280238,2.9984335315536654,1.4320573235891674,1.9541151832261825,4.906527597087816,2.343366529509547,3.1976430270973895,20.05409819368744,15.264836771305745,17.21263721695388,32.81579704421581,24.978823807591223,28.166133627742713,0.6231155778894473,-0.0018844221105527303,-0.0018844221105527303,0.4824120603015075,-0.0025879396984924696,-0.0025879396984924696,0.3869346733668342,-0.0030653266331658324,-0.0030653266331658324,0.3972125435540069,0.10033754355400692,0.17524722563493178,0.43356643356643354,0.4170854271356784,0.12958542713567844,0.19911537721887307,0.4242424242424242,0.3972125435540069,0.10033754355400692,0.17524722563493178,0.43356643356643354,18.0,0.0,0.0,32.0,-4.0,-4.0,39.0,-3.0,-3.0,-0.00030026697115920773,-0.00028904622729595706,-1.542272616523953e-05,-0.00030112346023614123,0.00015012813114179124,1.7489102663859057e-06,0.9616724738675958,0.5691481081316869,276,-0.4898378849029541
282,1,test,2.711281132030034,1.3107645058356479,1.7754070177707084,4.575286910300683,2.211915103597656,2.995999342488071,15.048542340163994,10.99124680952801,12.499101353404424,25.394415199026742,18.547728991078518,21.09223353386997,2.6475198274693597,1.264533425377132,1.7191962902560096,4.169322562943873,1.9913912210663494,2.707395732686629,14.118977684118834,10.132187659155452,11.588713957155331,22.23461052617139,15.95620103804008,18.249943239614694,2.711281132030034,1.3107645058356479,1.7754070177707084,4.575286910300683,2.211915103597656,2.995999342488071,15.048542340163994,10.99124680952801,12.499101353404424,25.394415199026742,18.547728991078518,21.09223353386997,0.6432160804020101,-0.001783919597989958,-0.001783919597989958,0.4371859296482412,-0.002814070351758735,-0.002814070351758735,0.3316582914572864,-0.0033417085427135396,-0.0033417085427135396,0.3605947955390335,0.08044637253346765,0.13562569788761203,0.35074626865671643,0.3517587939698492,0.07606957091220512,0.12805261700824655,0.3282828282828283,0.3605947955390335,0.08044637253346765,0.13562569788761203,0.35074626865671643,16.0,-2.0,-2.0,28.0,-2.0,-2.0,33.0,-3.0,-3.0,-8.924979509890607e-05,-0.0001483560449070095,-1.938005411791507e-06,-0.00017638486674709242,0.00021985158203818855,6.483093570341936e-05,0.9591078066914498,0.2780919408656071,258,-0.3139057159423828
522,1,test,2.4729424845050043,1.1846419251626077,1.61245244295301,4.1374230029218335,1.9819970670989777,2.6977569718636896,11.857285449198635,8.230667355666727,9.492966424766971,19.838150655390024,13.770539614288563,15.882463056821663,2.566744211153683,1.2161972338852354,1.6613931717835713,3.9488372479287426,1.8710726675157465,2.555989495051648,13.023354050279996,9.163818018357523,10.550554229473068,20.03592930812307,14.098181566703879,16.231621891497028,2.4729424845050043,1.1846419251626077,1.61245244295301,4.1374230029218335,1.9819970670989777,2.6977569718636896,11.857285449198635,8.230667355666727,9.492966424766971,19.838150655390024,13.770539614288563,15.882463056821663,0.6432160804020101,-0.001783919597989958,-0.001783919597989958,0.4623115577889447,-0.002688442211055242,-0.002688442211055242,0.31658291457286436,-0.003417085427135591,-0.003417085427135591,0.3769230769230769,0.0755795068654953,0.14418650403305133,0.30888030888030893,0.36180904522613067,0.06606969685520336,0.1247472756101039,0.28787878787878785,0.3769230769230769,0.0755795068654953,0.14418650403305133,0.30888030888030893,20.0,0.0,0.0,28.0,0.0,0.0,38.0,0.0,0.0,0.00023474032944827,2.2638820601285977e-05,0.00025953263926375525,-0.00011401557000390028,-0.0001672912548489336,9.637194842149199e-05,0.04230769230769231,0.4696599602993945,11,-0.7492148876190186
438,1,test,1.4986622642865401,0.7104875113287692,0.971584790560291,4.127894306894506,1.956956829449417,2.6761195108415037,4.475697763098355,2.2763194115472882,2.7817233804257775,12.3277991018674,6.269862238823232,7.661939837313106,2.331119775677242,1.0817696019093122,1.4946906265187594,4.089683816977618,1.8978414068584422,2.622264257050455,10.289456968133065,6.801381390302733,7.981346641913111,18.051678891461517,11.93224805316269,14.002362529672125,1.5591421716884524,0.7313993654844088,1.0034080954906457,4.103005714969611,1.924735172327391,2.6405476197122253,4.7547407439791165,2.4665926307985924,3.011520572337261,12.512475642050306,6.491033238943664,7.925054137729634,0.5025125628140703,-0.0024874371859296973,-0.0024874371859296973,0.38190954773869346,-0.0030904522613065533,-0.0030904522613065533,0.29145728643216084,-0.0035427135678391952,-0.0035427135678391952,0.29392971246006394,0.12008601230057436,0.16002960619013828,0.19551282051282048,0.3467336683417085,0.09861336758982875,0.166433167506984,0.303030303030303,0.29431438127090304,0.11234443135437544,0.15749569384042472,0.20134228187919467,18.0,-8.0,-8.0,26.0,-10.0,-10.0,31.0,-7.0,-7.0,0.00309905358175823,0.00013602082599178678,0.0008357903419391799,-0.031275856236202326,-0.032498402221508016,-0.03804475717548872,0.04153354632587859,0.44312988967062295,13,-0.7167878150939941
160,1,test,2.1195624643470077,1.0137673486219965,1.3812186983272625,3.8834936427297526,1.8574395045221817,2.53068929290834,8.327493115336406,5.305867059033885,6.235026087356087,15.25775584219355,9.721487967223158,11.42390685804169,2.1408281709715338,0.9922930282196321,1.3678313449292547,3.789076408799175,1.7562708464064283,2.4209404335031057,8.506479531952095,5.352909537255055,6.340231126323205,15.055715985755922,9.474176172132843,11.221648011191515,2.1195624643470077,1.0137673486219965,1.3812186983272625,3.8834936427297526,1.8574395045221817,2.53068929290834,8.327493115336406,5.305867059033885,6.235026087356087,15.25775584219355,9.721487967223158,11.42390685804169,0.6080402010050252,-0.001959798994974782,-0.001959798994974782,0.39698492462311563,-0.0030150753768843908,-0.0030150753768843908,0.24120603015075381,-0.0037939698492461815,-0.0037939698492461815,0.3786764705882353,0.09977738801942793,0.16107255860779524,0.36162361623616235,0.371859296482412,0.07862621377564505,0.13980587411179435,0.35858585858585856,0.3786764705882353,0.09977738801942793,0.16107255860779524,0.36162361623616235,10.0,0.0,0.0,18.0,-4.0,-4.0,23.0,-1.0,-1.0,-2.173270782073573e-05,0.00034309839338974587,-8.44793434083285e-06,-0.004872703673891365,-0.005036262161542737,-0.004759737852936929,0.9411764705882353,-0.43217537081050994,256,-0.3619239330291748
74,1,test,2.609614764932411,1.2570941146634793,1.705171791479731,4.016095449928451,1.9346188647743157,2.624192951822703,13.593813029518065,9.726652013397459,11.123257654742345,20.92034862334923,14.968938488150634,17.11826015697361,2.6315561766591715,1.2426018417011673,1.703732562225765,3.8138495313901037,1.8008722343495176,2.4691776264141523,13.8953767466995,9.884722687870031,11.366377640079774,20.13822716912971,14.325685054884103,16.473011072579382,2.609614764932411,1.2570941146634793,1.705171791479731,4.016095449928451,1.9346188647743157,2.624192951822703,13.593813029518065,9.726652013397459,11.123257654742345,20.92034862334923,14.968938488150634,17.11826015697361,0.6633165829145728,-0.0016834170854271857,-0.0016834170854271857,0.4974874371859297,-0.002512562814070307,-0.002512562814070307,0.3668341708542714,-0.0031658291457286047,-0.0031658291457286047,0.40254237288135597,0.10021679148600715,0.1715564573883982,0.3361702127659575,0.4170854271356784,0.10630848477978871,0.17835420843784866,0.33838383838383834,0.40254237288135597,0.10021679148600715,0.1715564573883982,0.3361702127659575,15.0,0.0,0.0,25.0,0.0,0.0,32.0,0.0,0.0,0.0006917836633256024,0.00015409411986547203,-4.590054325853186e-05,5.230255464905298e-05,-3.5372386360421615e-05,-6.165916468603427e-05,0.9491525423728814,-0.4257875752560902,224,-0.384462833404541
733,1,test,2.658506567992362,1.276522688176867,1.7356346335574258,4.185003887678299,2.0094937800977775,2.732224842503302,14.274954497800383,10.292159315855537,11.758447232149436,22.47154127395673,16.20185079399194,18.510071771899756,2.9597029826043983,1.419598003861134,1.9302910885134368,4.5886867947355015,2.2009271377692,2.992699362036336,19.292240773334377,14.627160793817717,16.492821777698932,29.910450811371128,22.677768672585607,25.57026632201385,2.658506567992362,1.276522688176867,1.7356346335574258,4.185003887678299,2.0094937800977775,2.732224842503302,14.274954497800383,10.292159315855537,11.758447232149436,22.47154127395673,16.20185079399194,18.510071771899756,0.6582914572864322,-0.0017085427135676845,-0.0017085427135676845,0.5226130653266332,-0.002386934673366814,-0.002386934673366814,0.40703517587939697,-0.00296482412060306,-0.00296482412060306,0.37860082304526754,0.09670781893004121,0.16872427983539096,0.2851239669421488,0.40703517587939697,0.10552763819095479,0.18257956448911217,0.31818181818181823,0.37860082304526754,0.09670781893004121,0.16872427983539096,0.2851239669421488,24.0,-7.0,-7.0,33.0,-7.0,-7.0,46.0,-13.0,-13.0,0.0005961223531986722,0.00043109472157919183,0.0005245682256357081,-0.004671735939937527,-0.005318341891435985,-0.005677640511048132,0.0411522633744856,0.7752863305703757,10,-0.7726562023162842
938,1,test,2.655156253698103,1.2901409943313698,1.7417481888592747,4.631987917035376,2.2506839244174985,3.038524212681508,14.227208939669863,10.311426135767178,11.734405230020403,24.8197294640956,17.988546324440556,20.470969707845814,2.804806635320155,1.3526384914956247,1.834778258755763,4.674677725533591,2.254397485826041,3.0579637645929383,16.523880462274242,12.251512874324566,13.885861146057191,27.53980077045707,20.419188123874278,23.143101910095318,2.655156253698103,1.2901409943313698,1.7417481888592747,4.631987917035376,2.2506839244174985,3.038524212681508,14.227208939669863,10.311426135767178,11.734405230020403,24.8197294640956,17.988546324440556,20.470969707845814,0.6281407035175879,-0.0018592964824121205,-0.0018592964824121205,0.4723618090452262,-0.0026381909547738003,-0.0026381909547738003,0.35678391959798994,-0.0032160804020100464,-0.0032160804020100464,0.38655462184873945,0.1182108063351126,0.17426411905544337,0.33755274261603374,0.3869346733668342,0.10873918464502963,0.1665673945688375,0.3484848484848485,0.38655462184873945,0.1182108063351126,0.17426411905544337,0.33755274261603374,16.0,0.0,0.0,26.0,0.0,0.0,36.0,0.0,0.0,0.00036223716091970547,0.00012310513098671367,0.0002160477904650183,3.8442710928343615e-05,-4.636562540305533e-05,-7.072031659394185e-05,0.046218487394957986,0.44710029803731627,11,-0.4421112537384033
969,1,test,2.6342430292670143,1.2586469157906208,1.7166802449477307,4.697204437729133,2.2443342594820703,3.0610683885814955,13.932761777491306,9.975326677175591,11.429579622873796,24.843960759864014,17.78732949665045,20.380455231148453,2.552472008397041,1.181502845481137,1.632601630572211,4.150360989263482,1.9211428381807107,2.6546367976783922,12.838802214007817,8.899635673793284,10.329837062670473,20.87610116098832,14.470952315111031,16.796483028732474,2.6342430292670143,1.2586469157906208,1.7166802449477307,4.697204437729133,2.2443342594820703,3.0610683885814955,13.932761777491306,9.975326677175591,11.429579622873796,24.843960759864014,17.78732949665045,20.380455231148453,0.6281407035175879,-0.0018592964824121205,-0.0018592964824121205,0.457286432160804,-0.0027135678391959628,-0.0027135678391959628,0.33668341708542715,-0.0033165829145728187,-0.0033165829145728187,0.4067796610169492,0.13097593851271905,0.1903196835648635,0.37414965986394555,0.40201005025125625,0.1238145615294517,0.17830387328965358,0.3535353535353535,0.4067796610169492,0.13097593851271905,0.1903196835648635,0.37414965986394555,19.0,-6.0,-6.0,32.0,-13.0,-13.0,40.0,-13.0,-13.0,-0.0003277633633177229,4.391092180216885e-05,5.1832076899398444e-05,-0.00035656283511986686,0.00011913993074319507,-2.6287545484393604e-05,0.03728813559322034,0.7709749187324348,11,-0.54988694190979
200,1,test,3.0426113688420386,1.4624676577281144,1.986723809333638,5.048481086078642,2.4266130024525747,3.2964898762276658,20.959905877008907,16.104252304526966,18.085380542700804,34.7779178996296,26.721129749733638,30.008335122703556,3.062228804713948,1.458152510742603,1.9891878197222026,4.9390787172805615,2.351858888294521,3.2083674511648432,21.3751451344155,16.40188148761777,18.45088651534241,34.47604053937984,26.454647560673827,29.759494379584535,3.0426113688420386,1.4624676577281144,1.986723809333638,5.048481086078642,2.4266130024525747,3.2964898762276658,20.959905877008907,16.104252304526966,18.085380542700804,34.7779178996296,26.721129749733638,30.008335122703556,0.7487437185929648,-0.0012562814070351536,-0.0012562814070351536,0.5175879396984925,-0.002412060301507535,-0.002412060301507535,0.4120603015075377,-0.0029396984924623393,-0.0029396984924623393,0.38565022421524664,0.0858739378617791,0.13527764597381597,0.34684684684684686,0.39698492462311563,0.08871424793138627,0.1398897660254529,0.3535353535353535,0.38565022421524664,0.0858739378617791,0.13527764597381597,0.34684684684684686,23.0,-3.0,-3.0,37.0,-6.0,-6.0,44.0,-5.0,-5.0,0.0003551769614189616,9.11183906847666e-05,7.382644418208001e-05,-0.005522657557779809,-0.005984497578694459,-0.005581399690253619,0.9506726457399103,0.526657601917017,212,-0.11952710151672363
757,1,test,2.086663494107475,0.9825111099443342,1.3474182619341146,3.5981569225314796,1.6942018498399096,2.3234327721812615,8.05798474894661,5.041318338336362,5.963630582294989,13.894858317093835,8.693042519310778,10.283439914342,2.1154378599556862,0.9814198263790399,1.3538548706788525,3.4397363576515225,1.5958045957382765,2.2013900336241505,8.293216238536678,5.18509626409169,6.151552469192547,13.484904452905168,8.43105083592145,10.002524340150483,2.086663494107475,0.9825111099443342,1.3474182619341146,3.5981569225314796,1.6942018498399096,2.3234327721812615,8.05798474894661,5.041318338336362,5.963630582294989,13.894858317093835,8.693042519310778,10.283439914342,0.592964824120603,-0.0020351758793969443,-0.0020351758793969443,0.4371859296482412,-0.002814070351758735,-0.002814070351758735,0.2361809045226131,-0.0038190954773869024,-0.0038190954773869024,0.41417910447761197,0.11995191639567526,0.19705751638828195,0.32958801498127344,0.4321608040201005,0.13892772131333353,0.20845462705849782,0.3232323232323232,0.41417910447761197,0.11995191639567526,0.19705751638828195,0.32958801498127344,16.0,-4.0,-4.0,21.0,-5.0,-5.0,29.0,-10.0,-10.0,9.897860008676178e-05,0.0003273397594030234,0.0001540004348280442,-0.00016945494488584956,0.00022372510708557058,6.833549267337702e-05,0.03731343283582089,0.5957235939591533,10,-0.5975759029388428
517,1,test,2.9554746592007035,1.4379036332289419,1.9414613087740622,4.762779306913364,2.3171972218941224,3.128685850110719,19.21083915762086,14.649706301773275,16.454196942316027,30.958474613719947,23.608159795663404,26.516115935818632,2.9647886031722632,1.4271902791265991,1.9206192142548968,4.706013655828989,2.265381395439046,3.0486019273887246,19.39060369606192,14.73720281733887,16.54956595015643,30.77873602549511,23.392385424347413,26.269152301835607,2.9554746592007035,1.4379036332289419,1.9414613087740622,4.762779306913364,2.3171972218941224,3.128685850110719,19.21083915762086,14.649706301773275,16.454196942316027,30.958474613719947,23.608159795663404,26.516115935818632,0.6582914572864322,-0.0017085427135676845,-0.0017085427135676845,0.49246231155778897,-0.002537688442211028,-0.002537688442211028,0.40703517587939697,-0.00296482412060306,-0.00296482412060306,0.4170403587443946,0.12621261825222463,0.18902247498880598,0.3873873873873874,0.40703517587939697,0.11881462450095082,0.1849984479995973,0.3737373737373737,0.4170403587443946,0.12621261825222463,0.18902247498880598,0.3873873873873874,23.0,-7.0,-7.0,31.0,-6.0,-6.0,40.0,-8.0,-8.0,0.0005418479617674311,0.0002213526682414448,0.00012905262999798024,0.00014239153883455202,3.608366740071034e-05,-2.7616772921845723e-06,0.053811659192825115,0.3196516430979127,12,-0.36488890647888184
754,1,test,2.669736771547587,1.2706940939822844,1.7345614397393507,4.657838622700046,2.2169556533307944,3.0262561289069527,14.436168682282565,10.384848991709227,11.888508577847507,25.186507062705754,18.118247177024607,20.74165326347863,2.7321221081668106,1.2842226677137345,1.7633510485382664,4.371395373066897,2.0547562683419756,2.8213616776612267,15.365459613732813,11.111290625862846,12.73075503960178,24.5847353819725,17.77806500138055,20.369208063362848,2.669736771547587,1.2706940939822844,1.7345614397393507,4.657838622700046,2.2169556533307944,3.0262561289069527,14.436168682282565,10.384848991709227,11.888508577847507,25.186507062705754,18.118247177024607,20.74165326347863,0.6783919597989949,-0.0016080402010050232,-0.0016080402010050232,0.5276381909547738,-0.002361809045226204,-0.002361809045226204,0.33668341708542715,-0.0033165829145728187,-0.0033165829145728187,0.3877551020408163,0.07614614073735404,0.15301968820092482,0.3319672131147541,0.37688442211055273,0.06861374541882337,0.14149210157632908,0.3282828282828283,0.3877551020408163,0.07614614073735404,0.15301968820092482,0.3319672131147541,19.0,-1.0,-1.0,30.0,-2.0,-2.0,39.0,-3.0,-3.0,0.00022360900668762584,0.00012048449833346615,0.00021455644359534508,-1.0066742095027337e-05,-8.484196204427974e-05,-0.00010243434826673337,0.04081632653061224,0.9701940965510023,10,-0.2946290969848633
979,1,test,2.6008262478672486,1.2531839040503099,1.6938933890044492,3.9170980684342096,1.887417221344064,2.5511687017323106,13.474867016853931,9.626525256898265,10.998152577795455,20.294464348554396,14.498486210084582,16.56429077265535,2.6111515023768797,1.2425138931713706,1.6905011753924262,3.6519601431844473,1.7377816687711478,2.364337308241155,13.614719210554973,9.684726350083835,11.103796430630172,19.041565329447515,13.545071818299071,15.529785217664577,2.6008262478672486,1.2531839040503099,1.6938933890044492,3.9170980684342096,1.887417221344064,2.5511687017323106,13.474867016853931,9.626525256898265,10.998152577795455,20.294464348554396,14.498486210084582,16.56429077265535,0.6582914572864322,-0.0017085427135676845,-0.0017085427135676845,0.457286432160804,-0.0027135678391959628,-0.0027135678391959628,0.3316582914572864,-0.0033417085427135396,-0.0033417085427135396,0.3739837398373984,0.0818944903444978,0.1374972533509119,0.3510204081632653,0.3668341708542714,0.06858855681918363,0.12309460491103263,0.33838383838383834,0.3739837398373984,0.0818944903444978,0.1374972533509119,0.3510204081632653,20.0,-1.0,-1.0,30.0,-7.0,-7.0,38.0,-1.0,-1.0,1.153580827548703e-07,-0.000100251652459551,-6.350509283784301e-05,-0.004692525705518591,-0.0053348317499954945,-0.005691232238909549,0.9552845528455285,0.5965531345996098,235,-0.19138503074645996
295,1,test,2.2979589358870602,1.0588193364075749,1.4543394005809753,3.401498537866722,1.5672918990891784,2.152750977131161,9.953845270758848,6.501203738910297,7.629078930196599,14.73394045728146,9.623250732172306,11.29276090232491,2.3720050264163084,1.063004877902878,1.4809094463929497,3.249321953994943,1.456171065620381,2.0286430772506163,10.71886235506331,7.016392414229536,8.281063362401653,14.683373089127823,9.61149645784868,11.34392241424884,2.2979589358870602,1.0588193364075749,1.4543394005809753,3.401498537866722,1.5672918990891784,2.152750977131161,9.953845270758848,6.501203738910297,7.629078930196599,14.73394045728146,9.623250732172306,11.29276090232491,0.5979899497487438,-0.0020100502512562235,-0.0020100502512562235,0.44221105527638194,-0.0027889447236180143,-0.0027889447236180143,0.321608040201005,-0.0033919597989949812,-0.0033919597989949812,0.3831417624521073,0.09251078730870388,0.16148571149669333,0.35769230769230764,0.39698492462311563,0.11127063890882993,0.17661764582511896,0.36868686868686873,0.3831417624521073,0.09251078730870388,0.16148571149669333,0.35769230769230764,20.0,-6.0,-6.0,29.0,-5.0,-5.0,39.0,-8.0,-8.0,1.0979838597598924e-05,-0.00017123990448130488,5.4484227214174086e-05,-0.00012094549186336678,-0.00017278787436758591,9.286739145242251e-05,0.9578544061302682,-0.632196065383466,250,-0.7228548526763916
423,1,test,3.4951874043335387,1.6693465077585996,2.276500150094163,4.886129330547906,2.3336782812543686,3.182454291458166,32.95646355840788,26.74845043658153,29.57371942382826,46.07179089287632,37.39324193685377,41.342852663923175,3.4951874043335387,1.6693465077585996,2.276500150094163,4.886129330547906,2.3336782812543686,3.182454291458166,32.95646355840788,26.74845043658153,29.57371942382826,46.07179089287632,37.39324193685377,41.342852663923175,3.4951874043335387,1.6693465077585996,2.276500150094163,4.886129330547906,2.3336782812543686,3.182454291458166,32.95646355840788,26.74845043658153,29.57371942382826,46.07179089287632,37.39324193685377,41.342852663923175,0.7647058823529411,0.2297058823529412,0.2297058823529412,0.625,0.18999999999999995,0.18999999999999995,0.49264705882352944,0.14764705882352946,0.14764705882352946,0.4411764705882353,0.11516914458090932,0.19239598278335723,0.5111111111111111,0.4411764705882353,0.11516914458090932,0.19239598278335723,0.5111111111111111,0.4411764705882353,0.11516914458090932,0.19239598278335723,0.5111111111111111,18.0,-4.0,-4.0,24.0,-1.0,-1.0,32.0,-2.0,-2.0,-0.00021900709507723722,-0.00029680059547871625,-9.680914363022023e-05,-4.116363448769533e-05,7.74259587945636e-05,-2.4846561165858816e-05,0.8970588235294118,-0.4185103662479034,122,-0.6839582920074463
118,1,test,2.3751895004200834,1.1448116330663587,1.5543969306645362,4.28334735749914,2.0645198551365236,2.803154015411889,10.753050700640275,7.330528149120502,8.4807506202919,19.39173749946926,13.219660313863379,15.293937916369103,2.513528390722826,1.2047219061318089,1.6402102420612796,4.054078049552945,1.943099848599692,2.645500390421419,12.348423347112805,8.64667037170298,9.953579213912864,19.916811850181944,13.946242535004806,16.0541600224401,2.41963846288499,1.1675608007220983,1.5835956844033516,4.320782969437482,2.0849300012894614,2.8278494364345566,11.241794254228763,7.744192004701798,8.93457554189996,20.074632596837073,13.828914294110351,15.954599181964213,0.5778894472361809,-0.002110552763819218,-0.002110552763819218,0.457286432160804,-0.0027135678391959628,-0.0027135678391959628,0.33668341708542715,-0.0033165829145728187,-0.0033165829145728187,0.38125,0.10511895475819033,0.17231029106029105,0.31974921630094044,0.3869346733668342,0.11876424730167123,0.1832618853868676,0.30808080808080807,0.3846153846153846,0.10581738795428275,0.1743817917344057,0.325503355704698,18.0,0.0,0.0,28.0,-3.0,-3.0,33.0,1.0,1.0,0.0007689278276588796,0.0005491830531137328,7.090198506397011e-05,-0.010678362409191955,-0.012697341802941686,-0.012670058974410203,0.03125,-0.23998526854440216,10,-0.448178768157959
337,1,test,2.169101803835661,1.0530404237516484,1.4216360569646005,3.993445705074926,1.9387101841255512,2.617316714146748,8.750420915452374,5.6976142670201035,6.638779120343222,16.110046453614306,10.489647458487346,12.222388049373617,2.2070822672969332,1.048622214413055,1.4278461544559322,3.8720741531525147,1.8396880954615003,2.5049932534314596,9.0891579332931,5.904133205303799,6.909351430137992,15.945891111040527,10.358128430357542,12.121669175680688,2.169101803835661,1.0530404237516484,1.4216360569646005,3.993445705074926,1.9387101841255512,2.617316714146748,8.750420915452374,5.6976142670201035,6.638779120343222,16.110046453614306,10.489647458487346,12.222388049373617,0.5879396984924623,-0.002060301507537776,-0.002060301507537776,0.40703517587939697,-0.00296482412060306,-0.00296482412060306,0.2864321608040201,-0.003567839195979916,-0.003567839195979916,0.3646209386281588,0.07993625394347414,0.15573738520679026,0.3188405797101449,0.38190954773869346,0.10120779335272856,0.16822006526790878,0.31818181818181823,0.3646209386281588,0.07993625394347414,0.15573738520679026,0.3188405797101449,22.0,-13.0,-13.0,32.0,-19.0,-19.0,40.0,-18.0,-18.0,0.00012365595273357456,0.0003253909069939995,0.00015804555815075602,-0.004907353283193139,-0.004054589751087967,-0.0047772606377805005,0.9566787003610109,0.3320720368169548,265,-0.5188422203063965
985,1,test,2.4647757806151063,1.1869387021824525,1.6124975481064767,3.6900400414989165,1.776977594596851,2.414085924621835,11.760844846926549,8.171975964098513,9.415861659084925,17.607276389329343,12.234345518505867,14.096579015624252,2.4466170521414488,1.1716375023581973,1.5953088449031347,3.4703787973637574,1.6618971664655282,2.2628494253945175,11.549210182261696,7.97058195663131,9.206500584472563,16.381858414555598,11.305790009406113,13.058866077266048,2.4647757806151063,1.1869387021824525,1.6124975481064767,3.6900400414989165,1.776977594596851,2.414085924621835,11.760844846926549,8.171975964098513,9.415861659084925,17.607276389329343,12.234345518505867,14.096579015624252,0.6432160804020101,-0.001783919597989958,-0.001783919597989958,0.4723618090452262,-0.0026381909547738003,-0.0026381909547738003,0.31658291457286436,-0.003417085427135591,-0.003417085427135591,0.4031007751937985,0.11296537867542322,0.19047190921441703,0.357976653696498,0.40703517587939697,0.10878956184430921,0.1833289989177943,0.3484848484848485,0.4031007751937985,0.11296537867542322,0.19047190921441703,0.357976653696498,14.0,0.0,0.0,26.0,0.0,0.0,31.0,0.0,0.0,-3.594080090412974e-05,-2.981427173180369e-05,5.741426477809976e-05,-0.00010015572628230274,-0.00015629801580718805,0.00010338106235963096,0.9496124031007752,-0.49539719662037474,245,-0.3417515754699707
947,1,test,2.093956358627924,0.991892692479114,1.3581518330417703,4.2494996689801985,2.0129586994429074,2.7562493082318276,8.116965347374373,5.106593326348335,6.029804856139861,16.47266496967152,10.363380574059857,12.236956913930893,2.0948597100287225,0.9420767282631706,1.3237743046152506,3.879369833386523,1.7445865338206863,2.451433897435649,8.124301132288084,4.957306787882975,5.962189383843446,15.045002096829784,9.180197755338842,11.041091451561936,2.093956358627924,0.991892692479114,1.3581518330417703,4.2494996689801985,2.0129586994429074,2.7562493082318276,8.116965347374373,5.106593326348335,6.029804856139861,16.47266496967152,10.363380574059857,12.236956913930893,0.5376884422110553,-0.0023115577889447625,-0.0023115577889447625,0.4120603015075377,-0.0029396984924623393,-0.0029396984924623393,0.29145728643216084,-0.0035427135678391952,-0.0035427135678391952,0.38181818181818183,0.1168454050486718,0.17746509838408264,0.35766423357664234,0.40703517587939697,0.13635848415007368,0.1983540406540213,0.3737373737373737,0.38181818181818183,0.1168454050486718,0.17746509838408264,0.35766423357664234,22.0,-13.0,-13.0,30.0,-18.0,-18.0,39.0,-22.0,-22.0,2.222262043931981e-05,0.00022970359249887081,0.00016510921471384277,-0.021676037517686098,-0.022754241581573353,-0.020690202302239058,0.96,0.38037614902914574,264,-0.6249473094940186
215,1,test,2.557561445457395,1.2409427892814753,1.6773067017087415,4.340104271079216,2.105842309083716,2.846338645323925,12.904311049952284,9.17352609136837,10.492797103672673,21.89822481204024,15.56719579141299,17.80595872138393,2.548179684524207,1.2098886281310777,1.6518980058651547,3.8903506633957354,1.8471582108871414,2.5219816883437476,12.783812019057768,8.971289470113863,10.33333752056404,19.517270258103462,13.696625145212007,15.776087817655023,2.557561445457395,1.2409427892814753,1.6773067017087415,4.340104271079216,2.105842309083716,2.846338645323925,12.904311049952284,9.17352609136837,10.492797103672673,21.89822481204024,15.56719579141299,17.80595872138393,0.6281407035175879,-0.0018592964824121205,-0.0018592964824121205,0.4371859296482412,-0.002814070351758735,-0.002814070351758735,0.3417085427135679,-0.003291457286432098,-0.003291457286432098,0.3906810035842294,0.09014433095453356,0.15945335161760243,0.3776978417266187,0.3919597989949749,0.09872671628820795,0.17159252019697824,0.3737373737373737,0.3906810035842294,0.09014433095453356,0.15945335161760243,0.3776978417266187,20.0,-6.0,-6.0,30.0,-7.0,-7.0,38.0,-8.0,-8.0,5.179075836779848e-05,0.0003152674872527365,0.0001422125744988384,-0.0002456840853515274,0.00018111633153772289,2.978536601450088e-05,0.9605734767025089,-0.49461675968041424,268,-0.507117748260498
924,1,test,3.092971943845859,1.500035755641522,2.026019701178762,5.188211002580151,2.5161890094631985,3.3984846600417944,22.042489769346624,17.124321352452938,19.135982112139533,36.97449896793627,28.724668075082345,32.099066768750184,3.135669724322825,1.51949590336697,2.0446939717365558,4.9380625579887,2.392906934436173,3.219990506671741,23.00403704731201,17.970243818427434,20.02685940277681,36.22682999576695,28.299596564452656,31.538361264215453,3.092971943845859,1.500035755641522,2.026019701178762,5.188211002580151,2.5161890094631985,3.3984846600417944,22.042489769346624,17.124321352452938,19.135982112139533,36.97449896793627,28.724668075082345,32.099066768750184,0.7085427135678393,-0.0014572864321606982,-0.0014572864321606982,0.5376884422110553,-0.0023115577889447625,-0.0023115577889447625,0.4120603015075377,-0.0029396984924623393,-0.0029396984924623393,0.3938223938223938,0.09709792368751902,0.15377104594049396,0.39922480620155043,0.40201005025125625,0.10125817055200814,0.16494828063522948,0.40909090909090906,0.3938223938223938,0.09709792368751902,0.15377104594049396,0.39922480620155043,16.0,0.0,0.0,27.0,-3.0,-3.0,36.0,-2.0,-2.0,8.132248333159665e-05,-0.00010534168105965349,-0.00016220174938037172,-0.00010708564814265742,-0.00016179463533028127,9.987650539144965e-05,0.9575289575289575,-0.7110949660855007,248,-0.5568499565124512
54,1,test,2.3528682202812012,1.1192687821937468,1.52555812629343,3.438807398872525,1.6358543739754763,2.2296618768903977,10.515687820490859,7.082121591040188,8.228529602766175,15.369082199178948,10.350793094597199,12.026312496350563,2.333011156344619,1.112694626875583,1.516976569308723,3.24029327270086,1.5454092039938656,2.1069119018176714,10.308936664073459,6.920676616016669,8.04742246836695,14.317967588990916,9.612050855578708,11.176975650509652,2.3528682202812012,1.1192687821937468,1.52555812629343,3.438807398872525,1.6358543739754763,2.2296618768903977,10.515687820490859,7.082121591040188,8.228529602766175,15.369082199178948,10.350793094597199,12.026312496350563,0.5527638190954773,-0.0022361809045226,-0.0022361809045226,0.42211055276381915,-0.0028894472361808976,-0.0028894472361808976,0.321608040201005,-0.0033919597989949812,-0.0033919597989949812,0.369811320754717,0.09674164090537618,0.16780379252385125,0.33333333333333337,0.371859296482412,0.10870140174556986,0.17152540666605143,0.3232323232323232,0.369811320754717,0.09674164090537618,0.16780379252385125,0.33333333333333337,23.0,-13.0,-13.0,35.0,-15.0,-15.0,41.0,-17.0,-17.0,-9.372471618353534e-05,6.934976304371714e-05,6.60203902294454e-05,-0.004824194220867994,-0.005009147486194188,-0.0055054181511122735,0.9509433962264151,-0.270372715260915,252,-0.3990912437438965
880,1,test,2.871267707489084,1.367367256809884,1.867417897725848,4.124919805125163,1.9643867633043404,2.6827693741976972,17.65939095795464,13.160187144948303,14.930624091822887,25.369829263540467,18.90618434908066,21.449628976984993,2.868158749384272,1.3614079921420936,1.8621291193707559,3.983553818589267,1.8908444335306855,2.5862904435704945,17.604573907420026,13.092527690557874,14.869852332275416,24.450797093638926,18.18406623688594,20.652572683715857,2.8363764653232986,1.3649379621140998,1.8544553096959135,4.071353777976027,1.959241093943684,2.6618975737261916,17.053858196638227,12.698362164791398,14.384278199415963,24.479222291825206,18.22731411214076,20.647289281458317,0.6884422110552764,-0.0015577889447235815,-0.0015577889447235815,0.5326633165829145,-0.0023366834170853723,-0.0023366834170853723,0.42713567839195976,-0.002864321608040288,-0.002864321608040288,0.419672131147541,0.10870650103297474,0.19066449755975468,0.430921052631579,0.4371859296482412,0.1163839246357099,0.19344636370500246,0.4494949494949495,0.4247491638795987,0.1175705328278458,0.19449332405757425,0.4261744966442953,23.0,0.0,0.0,32.0,2.0,2.0,44.0,-4.0,-4.0,0.0001876232427769443,-2.49541382950079e-05,-3.4683852804494563e-05,-0.0041921875274901765,-0.005164088488184504,-0.0042495336009400475,0.03278688524590164,-0.41973809564900205,10,-0.5150561332702637
737,1,test,2.4204886450859098,1.1455400036189871,1.567085505166714,3.3226707764361127,1.5725140049678825,2.151181011637944,11.251355891601127,7.672838273634605,8.903733330546931,15.44504308756155,10.532714357443869,12.222397571932605,2.4204886450859098,1.1455400036189871,1.567085505166714,3.3226707764361127,1.5725140049678825,2.151181011637944,11.251355891601127,7.672838273634605,8.903733330546931,15.44504308756155,10.532714357443869,12.222397571932605,2.4204886450859098,1.1455400036189871,1.567085505166714,3.3226707764361127,1.5725140049678825,2.151181011637944,11.251355891601127,7.672838273634605,8.903733330546931,15.44504308756155,10.532714357443869,12.222397571932605,0.6066666666666667,0.11166666666666669,0.11166666666666669,0.45999999999999996,0.09499999999999997,0.09499999999999997,0.31999999999999995,0.06999999999999995,0.06999999999999995,0.38,0.08099667774086383,0.1543362831858407,0.3355704697986577,0.38,0.08099667774086383,0.1543362831858407,0.3355704697986577,0.38,0.08099667774086383,0.1543362831858407,0.3355704697986577,16.0,2.0,2.0,27.0,2.0,2.0,33.0,3.0,3.0,0.0005559409301744137,0.00012136804720233017,8.157727240803372e-05,0.0002127067712631714,-4.449796813865703e-05,2.1674452173492398e-05,0.9066666666666666,-0.4206201209616486,136,-0.8613953590393066
847,1,test,2.6296602858214237,1.2459157507771004,1.705939512948822,4.377518320109915,2.074039393509185,2.8398274526932488,13.869057586249426,9.87924389837061,11.350413305640826,23.087413227409222,16.445687447587,18.894699993821256,2.623968482667893,1.2138609330788368,1.6818684456451387,4.036874588719835,1.8674783585828254,2.587489916377136,13.790341870234002,9.693945924152693,11.224978747237,21.215910569590772,14.913762960234914,17.269198072672307,2.6296602858214237,1.2459157507771004,1.705939512948822,4.377518320109915,2.074039393509185,2.8398274526932488,13.869057586249426,9.87924389837061,11.350413305640826,23.087413227409222,16.445687447587,18.894699993821256,0.6281407035175879,-0.0018592964824121205,-0.0018592964824121205,0.4522613065326633,-0.0027386934673366836,-0.0027386934673366836,0.3417085427135679,-0.003291457286432098,-0.003291457286432098,0.3862815884476535,0.09619149835756335,0.16299227272136296,0.37681159420289856,0.3668341708542714,0.0861324164683065,0.13811964664725973,0.3484848484848485,0.3862815884476535,0.09619149835756335,0.16299227272136296,0.37681159420289856,21.0,-12.0,-12.0,29.0,-15.0,-15.0,38.0,-20.0,-20.0,4.788499018340551e-05,-5.30174941732034e-05,1.5160997213804756e-05,-0.00023182424163081805,0.0001888633816387042,3.6794479953528025e-05,0.05776173285198556,0.37932362864439495,16,-0.5798399448394775
643,1,test,2.5358044189092186,1.2143494548698277,1.650032424378989,4.226340698182031,2.023915758116379,2.750054040631648,12.62658382665441,8.877711941720541,10.201728182266235,21.04430637775735,14.796186569534234,17.002880303777058,2.5138343118279916,1.175019822118899,1.6148645175084617,4.0221348989247865,1.8800317153902384,2.583783228013539,12.352201568319542,8.537682895682412,9.895131049489915,19.763522509311265,13.660292633091858,15.832209679183864,2.5358044189092186,1.2143494548698277,1.650032424378989,4.226340698182031,2.023915758116379,2.750054040631648,12.62658382665441,8.877711941720541,10.201728182266235,21.04430637775735,14.796186569534234,17.002880303777058,0.6231155778894473,-0.0018844221105527303,-0.0018844221105527303,0.4120603015075377,-0.0029396984924623393,-0.0029396984924623393,0.321608040201005,-0.0033919597989949812,-0.0033919597989949812,0.3779527559055118,0.08718654765403833,0.15151296532959557,0.32015810276679846,0.3668341708542714,0.07360108814750443,0.14312799389266873,0.28787878787878785,0.3779527559055118,0.08718654765403833,0.15151296532959557,0.32015810276679846,18.0,-4.0,-4.0,27.0,-6.0,-6.0,35.0,-7.0,-7.0,9.39950835245518e-05,0.00020554769197567578,0.0003302402947527714,-0.01276036422976734,-0.011406997306551148,-0.011051135339145368,0.03937007874015748,0.6134633305639265,10,-0.3904409408569336
765,1,test,1.7455459196433856,0.8129152070988704,1.1226886432107186,3.8284662607304507,1.7829484794353379,2.462367528386534,5.729028210908335,3.187842690283467,3.8647811023748075,12.565347588630885,6.991823043394831,8.47653670352794,1.6001182680980428,0.7254251643182362,1.0114405613944921,3.5167434463693246,1.5943410204796398,2.2229462887791036,4.953618244760739,2.5554790435962484,3.1520136547459385,10.887073065408218,5.6164374584532935,6.927502537903161,1.7455459196433856,0.8129152070988704,1.1226886432107186,3.8284662607304507,1.7829484794353379,2.462367528386534,5.729028210908335,3.187842690283467,3.8647811023748075,12.565347588630885,6.991823043394831,8.47653670352794,0.35678391959798994,-0.0032160804020100464,-0.0032160804020100464,0.27638190954773867,-0.0036180904522613577,-0.0036180904522613577,0.2211055276381909,-0.003894472361809065,-0.003894472361809065,0.31153846153846154,0.09807692307692306,0.1576923076923077,0.2625482625482626,0.2864321608040201,0.09547738693467334,0.1423785594639866,0.2222222222222222,0.31153846153846154,0.09807692307692306,0.1576923076923077,0.2625482625482626,17.0,-6.0,-6.0,25.0,-10.0,-10.0,31.0,-12.0,-12.0,0.00010893147224669713,0.0003664574711866925,0.0006114712035477056,-0.041895716720237175,-0.03950145390319548,-0.042162938626159274,0.9538461538461539,0.36608768039437645,248,-0.6725740432739258
446,1,test,2.708129375190229,1.3197095333892206,1.7726720349006304,4.383497547977405,2.1361400074350945,2.8693250734408506,15.001187658335548,10.992676693869944,12.45280899082773,24.281583413068557,17.79323091973864,20.156665400407597,2.708129375190229,1.3197095333892206,1.7726720349006304,4.383497547977405,2.1361400074350945,2.8693250734408506,15.001187658335548,10.992676693869944,12.45280899082773,24.281583413068557,17.79323091973864,20.156665400407597,2.708129375190229,1.3197095333892206,1.7726720349006304,4.383497547977405,2.1361400074350945,2.8693250734408506,15.001187658335548,10.992676693869944,12.45280899082773,24.281583413068557,17.79323091973864,20.156665400407597,0.6947368421052631,0.01473684210526316,0.01473684210526316,0.5263157894736843,0.021315789473684288,0.021315789473684288,0.3526315789473684,0.012631578947368438,0.012631578947368438,0.3789473684210526,0.058737394667771725,0.13244387191755613,0.35978835978835977,0.3789473684210526,0.058737394667771725,0.13244387191755613,0.35978835978835977,0.3789473684210526,0.058737394667771725,0.13244387191755613,0.35978835978835977,21.0,0.0,0.0,33.0,1.0,1.0,41.0,1.0,1.0,6.832499257702702e-05,4.343857269717289e-05,6.941217251332031e-05,-0.00018064185339117245,-8.828146741546306e-05,-4.744201512618673e-05,0.05263157894736842,-0.327678110055823,10,-0.2845492362976074
284,1,test,2.5096028516374753,1.2096907513038384,1.6420204452185914,4.130712768223174,1.9911058950032126,2.7027044595212844,12.300044147966203,8.631069996125106,9.918896904958965,20.245414280813936,14.20641955883946,16.326134657230597,2.311572738035173,1.0996906853678128,1.5008671185812503,3.640272028401847,1.7317963549099413,2.363570265482284,10.09028155195497,6.730479521716643,7.840786837925464,15.890207168433022,10.599180349160067,12.347695807756635,2.5096028516374753,1.2096907513038384,1.6420204452185914,4.130712768223174,1.9911058950032126,2.7027044595212844,12.300044147966203,8.631069996125106,9.918896904958965,20.245414280813936,14.20641955883946,16.326134657230597,0.5628140703517588,-0.0021859296482411583,-0.0021859296482411583,0.4120603015075377,-0.0029396984924623393,-0.0029396984924623393,0.321608040201005,-0.0033919597989949812,-0.0033919597989949812,0.39015151515151514,0.11090623213264716,0.1778399573625704,0.40684410646387836,0.40201005025125625,0.12701005025125622,0.19735114842097334,0.3787878787878788,0.39015151515151514,0.11090623213264716,0.1778399573625704,0.40684410646387836,17.0,0.0,0.0,28.0,0.0,0.0,37.0,0.0,0.0,-0.0004966342502190876,-3.0883438321708243e-05,0.00019538898407163292,-0.004817264299008528,-0.0054337709013623225,-0.00473170139718615,0.9583333333333334,-0.6143034892432073,253,-0.5211293697357178
897,1,test,2.9752225006010904,1.4302664121413537,1.9429023720497334,4.42823814042953,2.1287686134196893,2.8917616700275097,19.59398243748714,14.906216662000316,16.78641022507304,29.16313665114365,22.18599689227954,24.984424521038946,2.9476566126332595,1.4152966364188195,1.9208607623628677,4.2719661052655935,2.051154545534521,2.7838561773374897,19.061233496513367,14.432145016196552,16.269128332819083,27.624976081903434,20.91615219738631,23.578446859158092,2.9752225006010904,1.4302664121413537,1.9429023720497334,4.42823814042953,2.1287686134196893,2.8917616700275097,19.59398243748714,14.906216662000316,16.78641022507304,29.16313665114365,22.18599689227954,24.984424521038946,0.7085427135678393,-0.0014572864321606982,-0.0014572864321606982,0.5376884422110553,-0.0023115577889447625,-0.0023115577889447625,0.371859296482412,-0.003140703517587995,-0.003140703517587995,0.3803921568627451,0.06666666666666665,0.14117647058823524,0.3779527559055118,0.37688442211055273,0.055276381909547756,0.1306532663316583,0.36363636363636365,0.3803921568627451,0.06666666666666665,0.14117647058823524,0.3779527559055118,24.0,0.0,0.0,30.0,0.0,0.0,40.0,0.0,0.0,9.047745698009464e-05,-0.00010045442639930821,3.941707283917693e-05,-7.936596070123869e-05,-0.0001398081572467902,0.00011389473326595123,0.9568627450980393,0.24825975963441557,244,-0.43028807640075684
874,1,test,2.284406241504158,1.09581058624858,1.486367771900725,3.824649843730447,1.834652572431335,2.488539981742881,9.819853871020301,6.537385619007312,7.598674130008629,16.440815950723383,10.945168346974363,12.72202259645384,2.2769694389241875,1.0799423278126101,1.4728110759542434,3.702389331584045,1.7560037850611547,2.3948147576491765,9.747096433095193,6.4368351918847,7.512281628910591,15.84893728958568,10.466398685991383,12.215092079529416,2.284406241504158,1.09581058624858,1.486367771900725,3.824649843730447,1.834652572431335,2.488539981742881,9.819853871020301,6.537385619007312,7.598674130008629,16.440815950723383,10.945168346974363,12.72202259645384,0.5829145728643217,-0.002085427135678275,-0.002085427135678275,0.4120603015075377,-0.0029396984924623393,-0.0029396984924623393,0.27135678391959794,-0.0036432160804020786,-0.0036432160804020786,0.3772727272727273,0.09155844155844162,0.14917605053556715,0.34246575342465757,0.3668341708542714,0.0861324164683065,0.14312799389266873,0.3282828282828283,0.3772727272727273,0.09155844155844162,0.14917605053556715,0.34246575342465757,18.0,-1.0,-1.0,32.0,-2.0,-2.0,35.0,-2.0,-2.0,-1.879831932945063e-05,2.820200578898898e-05,5.213668291484214e-05,-0.011513794520322307,-0.012175748087630112,-0.012546734780573665,0.045454545454545456,0.4512232899250259,10,-0.4426717758178711
99,1,test,2.347601194077577,1.1198684630095725,1.5253436321070755,3.569117262540707,1.7025642486405697,2.319018367512383,10.46044702226255,7.046965546622053,8.184815600387534,15.90328124522843,10.713679326978244,12.443581441239584,2.347601194077577,1.1198684630095725,1.5253436321070755,3.569117262540707,1.7025642486405697,2.319018367512383,10.46044702226255,7.046965546622053,8.184815600387534,15.90328124522843,10.713679326978244,12.443581441239584,2.347601194077577,1.1198684630095725,1.5253436321070755,3.569117262540707,1.7025642486405697,2.319018367512383,10.46044702226255,7.046965546622053,8.184815600387534,15.90328124522843,10.713679326978244,12.443581441239584,0.5913978494623655,0.03139784946236546,0.03139784946236546,0.478494623655914,0.023494623655914038,0.023494623655914038,0.34408602150537637,0.014086021505376412,0.014086021505376412,0.3924731182795699,0.11097177779699618,0.1764016897081413,0.41081081081081083,0.3924731182795699,0.11097177779699618,0.1764016897081413,0.41081081081081083,0.3924731182795699,0.11097177779699618,0.1764016897081413,0.41081081081081083,14.0,1.0,1.0,25.0,1.0,1.0,31.0,2.0,2.0,6.283883670830957e-05,0.00010102496135739618,3.6562352966378876e-05,-0.01219906072882182,-0.011337424028290854,-0.01083643709076565,0.053763440860215055,0.6958780424790482,10,-0.6513097286224365
139,1,test,3.4924780218132128,1.6867881132674467,2.287095996797536,5.472968607353633,2.6433203970105725,3.58404677546931,32.86729274558018,26.783125225513118,29.529258698554145,51.50545265618358,41.97111696924922,46.274509058100094,3.491272066265576,1.6662490610895333,2.271963549766655,5.330186360710803,2.543891696319898,3.4686466408651215,32.827680141878254,26.624742424740628,29.442833783085447,50.118595636455346,40.64846171716126,44.95089127188618,3.4924780218132128,1.6867881132674467,2.287095996797536,5.472968607353633,2.6433203970105725,3.58404677546931,32.86729274558018,26.783125225513118,29.529258698554145,51.50545265618358,41.97111696924922,46.274509058100094,0.7738693467336684,-0.0011306532663316604,-0.0011306532663316604,0.6532663316582914,-0.0017336683417086274,-0.0017336683417086274,0.5376884422110553,-0.0023115577889447625,-0.0023115577889447625,0.4375,0.09247076023391809,0.18425324675324672,0.4117647058823529,0.457286432160804,0.10891550484250823,0.20853851897215625,0.4292929292929293,0.4375,0.09247076023391809,0.18425324675324672,0.4117647058823529,23.0,-5.0,-5.0,37.0,-5.0,-5.0,46.0,-6.0,-6.0,-9.967978668116439e-05,5.8387472155355356e-05,6.186984501129363e-05,-8.629588256159337e-05,-0.00014530477676810705,0.00011039017629776993,0.0546875,0.20676203406913152,14,-0.2316884994506836
926,1,test,2.6795368556310115,1.282774385682164,1.7479922343241232,4.902982331580149,2.3472041950780023,3.1984538755718,14.578339856079157,10.536247491413548,12.039912796540062,26.675260162187396,19.279091154501383,22.030478734094583,2.711918485477267,1.2931644956745896,1.7650805882386205,4.596472009283504,2.191804229956932,2.991662013963764,15.058136637654837,10.926167881467592,12.480590344489396,25.522265487550573,18.51892861265694,21.15354295676169,2.6795368556310115,1.282774385682164,1.7479922343241232,4.902982331580149,2.3472041950780023,3.1984538755718,14.578339856079157,10.536247491413548,12.039912796540062,26.675260162187396,19.279091154501383,22.030478734094583,0.6984924623115578,-0.0015075376884421399,-0.0015075376884421399,0.49246231155778897,-0.002537688442211028,-0.002537688442211028,0.36180904522613067,-0.0031909547738693256,-0.0031909547738693256,0.377431906614786,0.06481054739148506,0.13551728824479892,0.33203125,0.3869346733668342,0.07365146534678402,0.14319510742359542,0.33333333333333337,0.377431906614786,0.06481054739148506,0.13551728824479892,0.33203125,21.0,0.0,0.0,34.0,0.0,0.0,41.0,0.0,0.0,0.00015321325353449795,-0.00012748316079588625,0.0001287741109196662,-9.322580442105988e-05,-0.00015080139628764755,0.00010688561932692409,0.953307392996109,0.43575391604843966,245,-0.578474760055542
320,1,test,2.1342731810150957,1.0089734210154395,1.3800947547860098,3.928299912882857,1.8570960067965334,2.5401744037365686,8.450901998147437,5.369761685025933,6.325037746759731,15.554558750213397,9.88347440577237,11.641736142586751,2.124254767589351,1.0025580609366236,1.3736128406524208,3.6943561175466972,1.7435792364115192,2.388891896786819,8.366660058004287,5.296601282127037,6.24830064578582,14.550713144355283,9.211480490655717,10.866609818757947,2.1342731810150957,1.0089734210154395,1.3800947547860098,3.928299912882857,1.8570960067965334,2.5401744037365686,8.450901998147437,5.369761685025933,6.325037746759731,15.554558750213397,9.88347440577237,11.641736142586751,0.5879396984924623,-0.002060301507537776,-0.002060301507537776,0.38190954773869346,-0.0030904522613065533,-0.0030904522613065533,0.24623115577889443,-0.0037688442211055717,-0.0037688442211055717,0.36363636363636365,0.07707509881422925,0.1488801054018445,0.3412698412698413,0.36180904522613067,0.07286432160804024,0.1423785594639866,0.33333333333333337,0.36363636363636365,0.07707509881422925,0.1488801054018445,0.3412698412698413,12.0,0.0,0.0,19.0,0.0,0.0,25.0,0.0,0.0,7.735672831555871e-06,8.162080738441264e-05,0.0001473670206957819,-0.005740140745063016,-0.006157007518599045,-0.005463363467486992,0.06324110671936758,0.1809434183665014,16,-0.4730515480041504
246,1,test,3.14042601791083,1.5207045399287802,2.0587156093653527,4.825133725435911,2.336499162911407,3.1631307539728075,23.113711616686142,18.062028501056812,20.163991150769796,35.5132548277209,27.751554207352918,30.98113223685985,3.0623297628068515,1.4628987729573522,1.9936762719971384,4.675312614972293,2.233433241156263,3.0437805679345624,21.377303237240948,16.42708833689516,18.465846680821347,32.637104178993816,25.079524178465896,28.19213233713183,3.14042601791083,1.5207045399287802,2.0587156093653527,4.825133725435911,2.336499162911407,3.1631307539728075,23.113711616686142,18.062028501056812,20.163991150769796,35.5132548277209,27.751554207352918,30.98113223685985,0.6934673366834171,-0.0015326633165829717,-0.0015326633165829717,0.5276381909547738,-0.002361809045226204,-0.002361809045226204,0.4120603015075377,-0.0029396984924623393,-0.0029396984924623393,0.41156462585034015,0.11784645946663896,0.18418906023948045,0.40273037542662116,0.40201005025125625,0.10125817055200814,0.1699566278806386,0.38383838383838387,0.41156462585034015,0.11784645946663896,0.18418906023948045,0.40273037542662116,23.0,0.0,0.0,32.0,0.0,0.0,42.0,0.0,0.0,-0.000345570145136985,8.460576003581649e-05,-9.467859726935504e-06,-0.0003496329132595122,0.00012301345579235345,-2.278298851532412e-05,0.9625850340136054,0.8023124816314535,283,-0.5772144794464111
23,1,test,1.9705475342807144,0.9155075727365487,1.2659516180929178,3.253387204248696,1.5115091469341677,2.090094617790992,7.174603754598233,4.302513829841736,5.151574708151283,11.845318950544733,7.103479209000451,8.505284417484667,2.1183399895779615,0.9565563840700095,1.3415764139260729,3.309906233715565,1.4946193501093898,2.096213146759489,8.31731918506706,5.121691249386189,6.142895676985933,12.99581122666728,8.00264257716592,9.59827449529052,1.9705475342807144,0.9155075727365487,1.2659516180929178,3.253387204248696,1.5115091469341677,2.090094617790992,7.174603754598233,4.302513829841736,5.151574708151283,11.845318950544733,7.103479209000451,8.505284417484667,0.5628140703517588,-0.0021859296482411583,-0.0021859296482411583,0.38190954773869346,-0.0030904522613065533,-0.0030904522613065533,0.25125628140703515,-0.003743718592964851,-0.003743718592964851,0.34285714285714286,0.0714285714285714,0.13877551020408163,0.30327868852459017,0.36180904522613067,0.08291457286432158,0.15577889447236182,0.33333333333333337,0.34285714285714286,0.0714285714285714,0.13877551020408163,0.30327868852459017,16.0,-6.0,-6.0,23.0,-11.0,-11.0,31.0,-14.0,-14.0,0.0005102716815288817,0.00026569732120922227,0.00015771040083857146,-0.028619689168554174,-0.029945794522401314,-0.03126784068814281,0.044897959183673466,0.3065531903152511,11,-0.4660872220993042
191,1,test,2.505572270509286,1.2212032125004648,1.6483230480027236,3.348911229851436,1.6322423425615968,2.203124464159738,12.250567598751559,8.63817956800618,9.893898501732982,16.373929375892327,11.545664398213138,13.224039948657744,2.5781528097274653,1.223916947542301,1.6743273660766365,3.284271095194223,1.5591298694806381,2.132901103282339,13.172783035623842,9.298983327091788,10.703752831451549,16.780615332004896,11.845838633237948,13.635353925415988,2.505572270509286,1.2212032125004648,1.6483230480027236,3.348911229851436,1.6322423425615968,2.203124464159738,12.250567598751559,8.63817956800618,9.893898501732982,16.373929375892327,11.545664398213138,13.224039948657744,0.542713567839196,-0.0022864321608039306,-0.0022864321608039306,0.4170854271356784,-0.0029145728643216184,-0.0029145728643216184,0.3015075376884422,-0.0034924623115578646,-0.0034924623115578646,0.3443223443223443,0.09752161306091833,0.15796424444414703,0.3786764705882353,0.3517587939698492,0.10865102454629028,0.15977214956250363,0.4040404040404041,0.3443223443223443,0.09752161306091833,0.15796424444414703,0.3786764705882353,18.0,-8.0,-8.0,28.0,-10.0,-10.0,33.0,-10.0,-10.0,0.0006488197399967832,-0.0004725359172890672,-0.0002888256289411955,-0.03220463319966971,-0.024815611928362458,-0.025878410689266218,0.9523809523809523,-0.37133680421318255,260,-0.9221580028533936
505,1,test,3.2206817788434003,1.5452455284008446,2.102856254231093,5.264148838523351,2.5256771740068973,3.437082291398407,25.045189642305015,19.70406493338653,21.98699264845177,40.93593065673303,32.205954408362814,35.937360397814274,3.2057139992137116,1.557894171618472,2.1013209889343463,5.0884349193868434,2.4728478914578917,3.335430141165629,24.67311031020147,19.477470230958588,21.655717923527995,39.16366715904995,30.91661941421998,34.37415543417142,3.2206817788434003,1.5452455284008446,2.102856254231093,5.264148838523351,2.5256771740068973,3.437082291398407,25.045189642305015,19.70406493338653,21.98699264845177,40.93593065673303,32.205954408362814,35.937360397814274,0.7688442211055276,-0.0011557788944723812,-0.0011557788944723812,0.5577889447236181,-0.00221105527638199,-0.00221105527638199,0.42211055276381915,-0.0028894472361808976,-0.0028894472361808976,0.39406779661016944,0.07271473107105741,0.13632131773693001,0.31063829787234043,0.3919597989949749,0.0661452626541228,0.13152574223370617,0.29292929292929293,0.39406779661016944,0.07271473107105741,0.13632131773693001,0.31063829787234043,15.0,0.0,0.0,22.0,0.0,0.0,31.0,0.0,0.0,0.0006698559461378492,2.888274459049149e-05,-4.120437065741708e-05,5.230255464905298e-05,-3.5372386360421615e-05,-6.165916468603427e-05,0.059322033898305086,0.519927177967597,14,-0.30791354179382324
264,1,test,2.404160804861804,1.1642168345036081,1.572786669291546,3.9475726795879003,1.9116152961602455,2.582476876737971,11.069137217247613,7.613717363845543,8.772664979958494,18.175249998690525,12.501535918413053,14.404499288079995,2.3920789493481354,1.1446731036914983,1.558096119548432,3.6520289303024964,1.7475925247198445,2.3787727016006595,10.93620614473896,7.454905941398901,8.633735292702362,16.696497930899177,11.381535788395269,13.18127525603414,2.404160804861804,1.1642168345036081,1.572786669291546,3.9475726795879003,1.9116152961602455,2.582476876737971,11.069137217247613,7.613717363845543,8.772664979958494,18.175249998690525,12.501535918413053,14.404499288079995,0.6381909547738693,-0.0018090452261306789,-0.0018090452261306789,0.4371859296482412,-0.002814070351758735,-0.002814070351758735,0.29145728643216084,-0.0035427135678391952,-0.0035427135678391952,0.369811320754717,0.07225953167750421,0.13769086906086503,0.31060606060606055,0.3517587939698492,0.048500648606440655,0.11803592251742856,0.2727272727272727,0.369811320754717,0.07225953167750421,0.13769086906086503,0.31060606060606055,17.0,0.0,0.0,23.0,0.0,0.0,32.0,0.0,0.0,1.3694199528942401e-05,0.0002141928416513925,0.0002282212482952632,-0.004824194220867994,-0.005009147486194188,-0.0055054181511122735,0.04150943396226415,0.5273709639184594,11,-0.308208703994751
824,1,test,2.67471271139644,1.2785428638353675,1.7417558797450443,4.817522326776542,2.302830044521656,3.1371398515862445,14.5081812057003,10.468483565809601,11.966166820776131,26.131212739812472,18.85516642250934,21.55269819423883,2.8386694057122104,1.3547507404341983,1.846687696649524,4.541871049139536,2.167601184694717,2.9547003146392385,17.093006542143243,12.682812604516066,14.396433538089092,27.34881046742919,20.292500167225704,23.03429366094255,2.736922073429318,1.3018739949782914,1.7792968278969281,4.829862482522326,2.2974246970205146,3.139935578641638,15.439390577204096,11.239543651135392,12.833888883197966,27.24598337153664,19.834488796121278,22.648039205643467,0.6432160804020101,-0.001783919597989958,-0.001783919597989958,0.48743718592964824,-0.002562814070351749,-0.002562814070351749,0.37688442211055273,-0.003115577889447274,-0.003115577889447274,0.3892405063291139,0.10803987441758145,0.1776615589606928,0.33650793650793653,0.3919597989949749,0.11627057593733081,0.16992307111517524,0.33838383838383834,0.38795986622073575,0.11417021680504291,0.17550157923519627,0.3422818791946308,22.0,-8.0,-8.0,32.0,-9.0,-9.0,42.0,-11.0,-11.0,0.00040148953997854315,0.00022646403859094091,0.00018544911131010988,-0.03102105626858709,-0.030583675185470227,-0.03292739975447212,0.9651898734177216,-0.27144908017849295,305,-0.3865840435028076
465,1,test,2.9667255119265974,1.4431619261559747,1.9507222198166927,5.1516787605752405,2.5060311825816592,3.3874027736006083,19.42819792265269,14.83965014467664,16.666064688506115,33.73680314947123,25.768851940418223,28.940396114500484,3.161605636496799,1.5209868075167288,2.0658451186645816,4.940008807026248,2.3765418867448886,3.2278829979134085,23.608472137717335,18.45011146990337,20.61701526291755,36.88823771518334,28.828299171724016,32.21408634830867,2.9667255119265974,1.4431619261559747,1.9507222198166927,5.1516787605752405,2.5060311825816592,3.3874027736006083,19.42819792265269,14.83965014467664,16.666064688506115,33.73680314947123,25.768851940418223,28.940396114500484,0.7638190954773869,-0.001180904522613102,-0.001180904522613102,0.5829145728643217,-0.002085427135678275,-0.002085427135678275,0.44723618090452266,-0.0027638190954772934,-0.0027638190954772934,0.41796875,0.07099019249512672,0.16212459415584413,0.3686274509803922,0.40703517587939697,0.07119557688190326,0.15160946636353723,0.38888888888888884,0.41796875,0.07099019249512672,0.16212459415584413,0.3686274509803922,22.0,-10.0,-10.0,30.0,-7.0,-7.0,42.0,-12.0,-12.0,-6.692928533411977e-06,0.00014884349134888734,0.00018479550101692637,-0.004761824924124802,-0.005389797945199781,-0.004703664941438035,0.9453125,0.29433732642323657,242,-0.258617639541626
792,1,test,3.176385153287455,1.54346246273706,2.082946988602682,4.8544754229487515,2.358876593994374,3.183371812770136,23.95998514576795,18.841171560612935,20.975467429549653,36.618090505796296,28.79499804546505,32.05684644893437,3.176385153287455,1.54346246273706,2.082946988602682,4.8544754229487515,2.358876593994374,3.183371812770136,23.95998514576795,18.841171560612935,20.975467429549653,36.618090505796296,28.79499804546505,32.05684644893437,3.176385153287455,1.54346246273706,2.082946988602682,4.8544754229487515,2.358876593994374,3.183371812770136,23.95998514576795,18.841171560612935,20.975467429549653,36.618090505796296,28.79499804546505,32.05684644893437,0.7080745341614907,0.12307453416149072,0.12307453416149072,0.5652173913043479,0.09521739130434792,0.09521739130434792,0.40993788819875776,0.06993788819875779,0.06993788819875779,0.3850931677018633,0.0693036940176528,0.1479797656400076,0.38125,0.3850931677018633,0.0693036940176528,0.1479797656400076,0.38125,0.3850931677018633,0.0693036940176528,0.1479797656400076,0.38125,18.0,1.0,1.0,27.0,1.0,1.0,34.0,3.0,3.0,4.542927371987668e-05,-0.00028319017244604004,-0.00012703435361020868,0.00010453589948422604,0.00011778815020324629,-5.06235837560709e-05,0.9254658385093167,-0.6303440840073927,149,-0.20726752281188965
610,1,test,2.997785686747287,1.4296503403712317,1.9517111910970597,4.741595661391133,2.2612770089531895,3.0870203153299896,20.041110457798926,15.243416646991491,17.194655072803627,31.699011312335557,24.110502147529026,27.19677469031685,3.087543259210887,1.4540855988211594,1.9975992410806236,4.713806502612041,2.2199780134674185,3.049769833710875,21.92315225975063,16.801599531100145,18.9490446879507,33.47046146526814,25.65129699404602,28.92983921824534,2.997785686747287,1.4296503403712317,1.9517111910970597,4.741595661391133,2.2612770089531895,3.0870203153299896,20.041110457798926,15.243416646991491,17.194655072803627,31.699011312335557,24.110502147529026,27.19677469031685,0.7336683417085428,-0.001331658291457205,-0.001331658291457205,0.5678391959798995,-0.0021608040201005485,-0.0021608040201005485,0.44221105527638194,-0.0027889447236180143,-0.0027889447236180143,0.4273858921161826,0.10373443983402497,0.1839557399723375,0.3833333333333333,0.4371859296482412,0.10301507537688448,0.18927973199329984,0.38888888888888884,0.4273858921161826,0.10373443983402497,0.1839557399723375,0.3833333333333333,26.0,-12.0,-12.0,36.0,-12.0,-12.0,43.0,-12.0,-12.0,0.0002337827635463563,0.00016092301186189527,0.00011721726063546221,1.765294534639139e-05,-6.285548396256502e-05,-8.431204445269458e-05,0.04564315352697095,0.2764445874572152,11,-0.33423948287963867
636,1,test,3.2703636512113774,1.5892022101718795,2.148725497334615,5.316978323259788,2.5837352062149264,3.4934117763117607,26.320909233636684,20.94911786528794,23.2510302129605,42.79270404436416,34.05921098098426,37.80167492687772,3.1373870239192763,1.4943040505613874,2.039317144058124,4.97997940304647,2.3719111913672815,3.2370113397748,23.043575811084608,17.8724885241585,20.04520259627429,36.57710446203906,28.369029403426186,31.81778189884808,3.2703636512113774,1.5892022101718795,2.148725497334615,5.316978323259788,2.5837352062149264,3.4934117763117607,26.320909233636684,20.94911786528794,23.2510302129605,42.79270404436416,34.05921098098426,37.80167492687772,0.7135678391959799,-0.0014321608040201994,-0.0014321608040201994,0.507537688442211,-0.0024623115577889765,-0.0024623115577889765,0.40201005025125625,-0.002989949748743781,-0.002989949748743781,0.38645418326693226,0.0842673045392981,0.15466610379673362,0.344,0.3869346733668342,0.08868905933174642,0.14820345466900442,0.30808080808080807,0.38645418326693226,0.0842673045392981,0.15466610379673362,0.344,22.0,-8.0,-8.0,31.0,-6.0,-6.0,39.0,-8.0,-8.0,8.102337507395844e-05,-0.00028378261018406907,8.631130155728922e-05,-5.164627325804361e-05,-0.00011782167916685182,0.0001279129611404528,0.0398406374501992,0.2166003102645619,10,-0.43243885040283203
653,1,test,3.581138112292603,1.7627229373213449,2.3684566316349307,5.5344861735431135,2.72420817586026,3.6603420670721656,35.914392207187994,29.75230732630562,32.55190318327892,55.50406068383599,45.980838595199586,50.30748673779468,3.3342793136320297,1.5887655308100819,2.170608687432258,5.129660482510815,2.4442546627847412,3.3393979806650123,28.058154805825087,22.32931070471501,24.85649096095454,43.16639200896167,34.35278569956155,38.24075532454545,3.581138112292603,1.7627229373213449,2.3684566316349307,5.5344861735431135,2.72420817586026,3.6603420670721656,35.914392207187994,29.75230732630562,32.55190318327892,55.50406068383599,45.980838595199586,50.30748673779468,0.7386934673366834,-0.0013065326633165952,-0.0013065326633165952,0.542713567839196,-0.0022864321608039306,-0.0022864321608039306,0.40703517587939697,-0.00296482412060306,-0.00296482412060306,0.3976377952755905,0.10294231393963771,0.16203570103475284,0.3754940711462451,0.37688442211055273,0.07863880807546497,0.13815320341272297,0.3282828282828283,0.3976377952755905,0.10294231393963771,0.16203570103475284,0.3754940711462451,15.0,0.0,0.0,22.0,0.0,0.0,34.0,0.0,0.0,-0.00013922043773000717,-0.0002519405282294679,0.00016195281068634464,-7.243603883999583e-05,-0.00013431153772813786,0.00011739929023413254,0.9566929133858267,-0.6910788408106666,243,-0.24300408363342285
801,1,test,2.511727892037629,1.1751325919489315,1.6164015705479933,3.779113525634598,1.7680894044002273,2.432017041925421,12.326210030636547,8.52014711231319,9.878075492596455,18.545857293801777,12.81930391210425,14.8624255117965,2.511727892037629,1.1751325919489315,1.6164015705479933,3.779113525634598,1.7680894044002273,2.432017041925421,12.326210030636547,8.52014711231319,9.878075492596455,18.545857293801777,12.81930391210425,14.8624255117965,2.511727892037629,1.1751325919489315,1.6164015705479933,3.779113525634598,1.7680894044002273,2.432017041925421,12.326210030636547,8.52014711231319,9.878075492596455,18.545857293801777,12.81930391210425,14.8624255117965,0.5766871165644172,0.09168711656441719,0.09168711656441719,0.42944785276073616,0.07444785276073618,0.07444785276073618,0.29447852760736193,0.04947852760736193,0.04947852760736193,0.33742331288343563,0.05913585110973529,0.12357402571439291,0.31481481481481477,0.33742331288343563,0.05913585110973529,0.12357402571439291,0.31481481481481477,0.33742331288343563,0.05913585110973529,0.12357402571439291,0.31481481481481477,16.0,1.0,1.0,22.0,2.0,2.0,29.0,3.0,3.0,-8.99948122778243e-05,6.356717898731616e-05,-7.348242647323584e-06,8.48684682512868e-05,0.00010357645243708191,-6.376868119772894e-05,0.06134969325153374,-0.3541977791248386,10,-0.7902929782867432
520,1,test,2.4980090849184413,1.205066789396427,1.634900269131129,4.0302930081416095,1.9442572426859885,2.6377514651445537,12.158263777867846,8.514772750362436,9.787745021384783,19.616167847797094,13.73775191166723,15.79156799841978,2.2353448609709763,1.057563230411494,1.4483008701148126,3.5202281275133482,1.6654539061598328,2.2807887718343505,9.349705644851577,6.102542844506717,7.152812861429576,14.723945897404057,9.610303692136561,11.264272222723742,2.442522982818103,1.182788369440898,1.6016458291549904,3.8976430576884624,1.887428249107816,2.5558178124813677,11.502023573678429,7.977537561878666,9.183623895753243,18.354292936720896,12.730113130657443,14.65471898258496,0.5477386934673367,-0.002261306532663321,-0.002261306532663321,0.4371859296482412,-0.002814070351758735,-0.002814070351758735,0.3015075376884422,-0.0034924623115578646,-0.0034924623115578646,0.3878205128205128,0.10462051282051277,0.1746008966158219,0.3922829581993569,0.38190954773869346,0.10622032468104936,0.17656731067692388,0.3535353535353535,0.3913043478260869,0.11918414749219708,0.18440779610194902,0.3959731543624161,21.0,-7.0,-7.0,31.0,-9.0,-9.0,37.0,-6.0,-6.0,-0.0008249333668283927,-0.00029031406101193667,-0.00029464533877037775,-0.004211932160271381,-0.004184805232459787,-0.0048950672535426065,0.038461538461538464,0.5296047035190634,12,-0.9520275592803955
436,1,test,2.7441650363013395,1.3125881318593098,1.785450362022904,4.359401418428077,2.0851874752954855,2.8363800054920816,15.551623468604998,11.366329669197711,12.943281719417564,24.705427155821862,18.056637639041934,20.561795642872205,2.7587122374714994,1.3036305375481743,1.7741177435380426,4.2770732363899215,2.0211326163537584,2.750570145020221,15.779509597628898,11.494676075756564,13.102783362038572,24.46435596531612,17.82120321822723,20.314392809362126,2.7441650363013395,1.3125881318593098,1.785450362022904,4.359401418428077,2.0851874752954855,2.8363800054920816,15.551623468604998,11.366329669197711,12.943281719417564,24.705427155821862,18.056637639041934,20.561795642872205,0.6582914572864322,-0.0017085427135676845,-0.0017085427135676845,0.49246231155778897,-0.002537688442211028,-0.002537688442211028,0.3668341708542714,-0.0031658291457286047,-0.0031658291457286047,0.384,0.0925828343313373,0.1592659574468085,0.3493975903614458,0.38190954773869346,0.08617019936776615,0.1531950235316818,0.33838383838383834,0.384,0.0925828343313373,0.1592659574468085,0.3493975903614458,16.0,-2.0,-2.0,25.0,-2.0,-2.0,36.0,-4.0,-4.0,7.776833238150919e-05,0.00015584409549869544,0.00024651824751879825,-4.4716351397688925e-05,-0.00011232505964553496,0.0001314175181095223,0.948,0.48397311529402004,237,-0.447890043258667
430,1,test,1.826724340745976,0.8880118100436939,0.9900701199502261,3.7521905377484908,1.8240242584681279,2.033657543681545,6.213499978141303,3.6568123365176937,3.9048701032855964,12.76286481996592,7.511290204739047,8.020814266208252,2.0932787174024634,0.9666317214900504,1.3410455727157782,3.547930029495701,1.6383588499831365,2.2729585978233526,8.111466820254092,5.02617268679082,5.989733953700124,13.748248847888293,8.518936757272577,10.152091446949363,1.8800558427408205,0.8911598079771975,1.2202704765505112,3.686384005374158,1.747372172504309,2.3926872089225713,6.553870838083087,3.8656057556810244,4.619493730968247,12.85072713349625,7.579619128786322,9.05783084503578,0.5125628140703518,-0.0024371859296482556,-0.0024371859296482556,0.37688442211055273,-0.003115577889447274,-0.003115577889447274,0.29145728643216084,-0.0035427135678391952,-0.0035427135678391952,0.3626373626373627,0.11126524408631988,0.12901077417206452,0.31718061674008813,0.3668341708542714,0.11370133877407085,0.1748475264469258,0.28787878787878785,0.3712374581939799,0.12082009592352916,0.18325080635860724,0.30536912751677847,16.0,0.0,0.0,23.0,0.0,0.0,31.0,0.0,0.0,0.0003103672368907275,0.0007044557075012154,-1.6094030179552327e-05,-0.019677692536444802,-0.02202383784145656,-0.019649832738960704,0.9604395604395605,0.22257497604400173,437,-1.1659958362579346
262,1,test,2.199340670227715,1.0705101653155815,1.4433070962246273,3.6967641052763724,1.799368150211297,2.4259842681222463,9.019065000565364,5.9270267393425655,6.88925329642189,15.159705000950295,9.962449200171548,11.579808732283604,2.2394704482777072,1.067739188397466,1.449879834678864,3.701604046740012,1.7648581626404398,2.396495594510519,9.388358349511584,6.160782773029782,7.185863779172545,15.517947685143115,10.183112021536829,11.877460792020734,2.199340670227715,1.0705101653155815,1.4433070962246273,3.6967641052763724,1.799368150211297,2.4259842681222463,9.019065000565364,5.9270267393425655,6.88925329642189,15.159705000950295,9.962449200171548,11.579808732283604,0.5628140703517588,-0.0021859296482411583,-0.0021859296482411583,0.42211055276381915,-0.0028894472361808976,-0.0028894472361808976,0.29648241206030146,-0.0035175879396985854,-0.0035175879396985854,0.385593220338983,0.11709427742143541,0.18418476963475772,0.37446808510638296,0.40201005025125625,0.1338396241860933,0.20000671135309267,0.3939393939393939,0.385593220338983,0.11709427742143541,0.18418476963475772,0.37446808510638296,16.0,-4.0,-4.0,27.0,-11.0,-11.0,36.0,-12.0,-12.0,0.0003010707891744008,8.093166018037563e-05,4.377576949613906e-05,5.230255464905298e-05,-3.5372386360421615e-05,-6.165916468603427e-05,0.9533898305084746,-0.27972622655800594,225,-0.5449023246765137
242,1,test,3.083764769530506,1.4820233919367007,2.0113686539556817,5.301540802412034,2.547862132713095,3.457900905088192,21.840472156502702,16.878807118283667,18.91809869447483,37.5476610361793,29.01767525129589,32.52358063228207,3.153433885322369,1.5067383653591957,2.051344904071688,5.212287413755981,2.490476636957348,3.3906527340027894,23.416335692608303,18.226533828570037,20.40588746274327,38.704687095220336,30.126502195983534,33.72873960784012,3.083764769530506,1.4820233919367007,2.0113686539556817,5.301540802412034,2.547862132713095,3.457900905088192,21.840472156502702,16.878807118283667,18.91809869447483,37.5476610361793,29.01767525129589,32.52358063228207,0.7236180904522613,-0.0013819095477386467,-0.0013819095477386467,0.5376884422110553,-0.0023115577889447625,-0.0023115577889447625,0.40201005025125625,-0.002989949748743781,-0.002989949748743781,0.384,0.06663473053892222,0.13931914893617026,0.34538152610441764,0.3919597989949749,0.08368912230324554,0.15322858029714514,0.3434343434343434,0.384,0.06663473053892222,0.13931914893617026,0.34538152610441764,19.0,-6.0,-6.0,29.0,-4.0,-4.0,38.0,-4.0,-4.0,0.0004077009247690286,-1.2126254725205105e-06,0.00024720224955515895,-4.4716351397688925e-05,-0.00011232505964553496,0.0001314175181095223,0.04,-0.4427040288774498,10,-0.15318059921264648
698,1,test,1.5943574931382032,0.7655260510202176,1.0317612770551414,3.569303549154558,1.7137905787355838,2.309813955729897,4.9251636038995175,2.634523174140041,3.1699400743305666,11.026011422923435,5.897932525332865,7.096575521243269,1.963387949740568,0.9312891087972257,1.2738524447488468,3.1164888091120124,1.4782366806305167,2.0219880075378516,7.123420018257026,4.3164690180463285,5.130630340882702,11.30701590199528,6.851538123883061,8.143857683940798,1.7744425624024192,0.8489134958556775,1.1560572504935158,3.4567062903943233,1.6537275893292422,2.2520595788834723,5.8969930143238924,3.3737901648217954,4.041064139437715,11.48764872920239,6.572318502899602,7.872202869034511,0.49246231155778897,-0.002537688442211028,-0.002537688442211028,0.3517587939698492,-0.0032412060301507672,-0.0032412060301507672,0.24120603015075381,-0.0037939698492461815,-0.0037939698492461815,0.34682080924855496,0.10872557115331682,0.16109255900417574,0.2753623188405797,0.35678391959798994,0.1086636188461102,0.16813617335425035,0.30808080808080807,0.36789297658862874,0.112467267072769,0.17990632475325607,0.3087248322147651,18.0,-3.0,-3.0,29.0,-10.0,-10.0,36.0,-8.0,-8.0,0.000739842180040256,0.0004799584683457358,0.00035429163830697836,-0.06957621021171256,-0.08445718653029655,-0.08045379238605754,0.028901734104046242,0.529340611601189,10,-0.7587108612060547
822,1,test,2.5241941029805215,1.2143331905916364,1.5786914538325176,5.353032321838002,2.575223835220194,3.347914634851718,12.480832943484746,8.775174678275578,9.906726017370653,26.46797331118317,18.609422162549933,21.009091381665353,2.6511754052768337,1.2534561162272504,1.717451834854226,5.098414240916988,2.4104925312062506,3.3027919901042804,14.170685158371157,10.124723391660407,11.626720965059768,27.251317612252222,19.47062190703924,22.359078778961088,2.4679576260342775,1.1773824946118845,1.603846857197913,5.141578387571411,2.4528801971080925,3.3413476191623186,11.798325634642953,8.163449148256303,9.425430539372853,24.57984507217282,17.007185725533965,19.636313623693443,0.542713567839196,-0.0022864321608039306,-0.0022864321608039306,0.4773869346733668,-0.0026130653266331905,-0.0026130653266331905,0.40703517587939697,-0.00296482412060306,-0.00296482412060306,0.4184782608695652,0.1633900654828624,0.21906477113349476,0.33514986376021794,0.4321608040201005,0.15897784662661674,0.2401741596127549,0.303030303030303,0.4147157190635451,0.15595111138407936,0.22561672017589218,0.3120805369127517,19.0,0.0,0.0,28.0,0.0,0.0,38.0,0.0,0.0,0.0020257020961974167,-5.883404041555302e-05,0.0006428685165455069,-0.09571849081058126,-0.08441375328302403,-0.0912169850129887,0.970108695652174,-0.9025080834872902,357,-1.248112440109253
656,1,test,2.264382824803269,1.070025223055687,1.462406350152215,3.8842874610086846,1.8355048057032168,2.5085893544918765,9.625182343785392,6.3237460915194905,7.395238340213101,16.510889712801095,10.847656756991126,12.685678075904011,2.1912028804958457,0.9944262358857991,1.3923624689963425,3.7779360008549068,1.7145279929065507,2.4006249465454186,8.945967575149266,5.636535339667597,6.723005862621266,15.424082026119425,9.718164378737235,11.591389418312527,2.264382824803269,1.070025223055687,1.462406350152215,3.8842874610086846,1.8355048057032168,2.5085893544918765,9.625182343785392,6.3237460915194905,7.395238340213101,16.510889712801095,10.847656756991126,12.685678075904011,0.542713567839196,-0.0022864321608039306,-0.0022864321608039306,0.371859296482412,-0.003140703517587995,-0.003140703517587995,0.27638190954773867,-0.0036180904522613577,-0.0036180904522613577,0.3513513513513513,0.07944123899180078,0.15075254895614176,0.3393665158371041,0.3467336683417085,0.0760569766123852,0.1463997785253479,0.3232323232323232,0.3513513513513513,0.07944123899180078,0.15075254895614176,0.3393665158371041,17.0,0.0,0.0,25.0,0.0,0.0,34.0,0.0,0.0,0.0005002042837529051,3.3979289657185506e-05,2.6481662353913852e-05,0.00014932146069579488,4.15802869220272e-05,1.7688986595487677e-06,0.9504504504504504,-0.6859328387267254,211,-0.6174042224884033
594,1,test,2.9750364581522133,1.4536653475832413,1.9584288749964125,4.090675129959293,1.9987898529269565,2.6928397031200673,19.590337464081617,15.011838942921667,16.826534593131598,26.936714013112223,20.64127854651729,23.136485065555945,2.9750364581522133,1.4536653475832413,1.9584288749964125,4.090675129959293,1.9987898529269565,2.6928397031200673,19.590337464081617,15.011838942921667,16.826534593131598,26.936714013112223,20.64127854651729,23.136485065555945,2.9750364581522133,1.4536653475832413,1.9584288749964125,4.090675129959293,1.9987898529269565,2.6928397031200673,19.590337464081617,15.011838942921667,16.826534593131598,26.936714013112223,20.64127854651729,23.136485065555945,0.7314285714285714,0.0764285714285714,0.0764285714285714,0.5314285714285714,0.056428571428571384,0.056428571428571384,0.38857142857142857,0.043571428571428594,0.043571428571428594,0.38857142857142857,0.06948310948310943,0.13999457847655195,0.4482758620689655,0.38857142857142857,0.06948310948310943,0.13999457847655195,0.4482758620689655,0.38857142857142857,0.06948310948310943,0.13999457847655195,0.4482758620689655,12.0,0.0,0.0,23.0,1.0,1.0,30.0,2.0,2.0,0.00037912994853255114,-0.000307736681386118,-0.00020588595609163875,-3.313611914457226e-05,1.8306265836542934e-05,3.5847361882446194e-05,0.9371428571428572,-0.6607091399759365,164,-0.2886085510253906
907,1,test,2.1615076106230315,1.0185386795762015,1.3974497666456327,3.8077721280161545,1.7942861622766806,2.4617865075210856,8.684220216935254,5.548154897895021,6.537249576786126,15.29836468448478,9.773784500361579,11.516201289338351,2.3645269602638255,1.1202333266218245,1.531944036371631,3.723664504352481,1.7641469710579913,2.4125102934986318,10.639004954898331,7.168522453654879,8.339755090343639,16.754338511650914,11.289011738039179,13.133472583218328,2.1537696734834437,1.0187921751465965,1.3945711257018552,3.7785432868130595,1.7873546932396431,2.446616010003255,8.61728158425551,5.5061780471418285,6.480718403427769,15.11803786711493,9.659961486213735,11.369681409522403,0.5678391959798995,-0.0021608040201005485,-0.0021608040201005485,0.4371859296482412,-0.002814070351758735,-0.002814070351758735,0.27638190954773867,-0.0036180904522613577,-0.0036180904522613577,0.38741721854304634,0.11468994581577363,0.18257140356507273,0.3687707641196013,0.3668341708542714,0.08362615080414604,0.15982248471069882,0.38888888888888884,0.3846153846153846,0.11416463336329774,0.18105587404808754,0.3657718120805369,17.0,-5.0,-5.0,25.0,-5.0,-5.0,34.0,-9.0,-9.0,0.0002684974698214203,-0.0002019905571992872,0.0002187246421207196,-0.016423401951864314,-0.016141498779636443,-0.01810047952724858,0.033112582781456956,-0.30212794580963354,10,-0.8396105766296387
486,1,test,2.314572115422158,1.0948112266448267,1.4948136722506304,3.9077191559075395,1.8483825904393174,2.5237113947088563,10.120591547104185,6.7342136312611265,7.85064009807542,17.08671300160447,11.369451585246058,13.25432743830915,2.47330275386463,1.166585475439632,1.594259477697034,4.021630494088829,1.896886951934361,2.592291833653714,11.86155803542906,8.167530712110482,9.452963791197352,19.287086236470014,13.280537743269075,15.370672831215206,2.314572115422158,1.0948112266448267,1.4948136722506304,3.9077191559075395,1.8483825904393174,2.5237113947088563,10.120591547104185,6.7342136312611265,7.85064009807542,17.08671300160447,11.369451585246058,13.25432743830915,0.5778894472361809,-0.002110552763819218,-0.002110552763819218,0.4321608040201005,-0.002839195979899567,-0.002839195979899567,0.33668341708542715,-0.0033165829145728187,-0.0033165829145728187,0.362934362934363,0.084942084942085,0.14800514800514808,0.3410852713178295,0.3919597989949749,0.11557788944723624,0.1792294807370185,0.36868686868686873,0.362934362934363,0.084942084942085,0.14800514800514808,0.3410852713178295,20.0,-2.0,-2.0,30.0,0.0,0.0,39.0,-3.0,-3.0,0.0003338888388138869,0.00018792816800693385,0.00017209514172032592,-0.004774716836593029,-0.005399665968949918,-0.004709325734200576,0.04247104247104247,0.39635556627007035,11,-0.45567941665649414
103,1,test,2.280466107228034,1.117597798167663,1.5009270941057988,3.201714004849955,1.5690777033877121,2.107261880466419,9.781238453119975,6.5821423278263165,7.600771585954853,13.732599682526057,9.241153466881979,10.671281961737938,2.2243406859686994,1.0754415758155467,1.4517689531810334,3.089362063845416,1.4936688552993704,2.0163457683069907,9.247383863635259,6.092665863356954,7.082056119893975,12.843588699493415,8.462035921329104,9.836189055408298,2.280466107228034,1.117597798167663,1.5009270941057988,3.201714004849955,1.5690777033877121,2.107261880466419,9.781238453119975,6.5821423278263165,7.600771585954853,13.732599682526057,9.241153466881979,10.671281961737938,0.5376884422110553,-0.0023115577889447625,-0.0023115577889447625,0.40201005025125625,-0.002989949748743781,-0.002989949748743781,0.31155778894472363,-0.003442211055276312,-0.003442211055276312,0.35545023696682465,0.09540295564294754,0.1554502369668247,0.3285714285714286,0.3517587939698492,0.09862596188964867,0.15643325139889763,0.31818181818181823,0.35545023696682465,0.09540295564294754,0.1554502369668247,0.3285714285714286,15.0,0.0,0.0,28.0,-1.0,-1.0,36.0,0.0,0.0,0.0004566747971972366,0.0003330733820080856,0.0002514070760694761,0.00022555060116058456,0.0001020431016458545,5.1605234147267254e-05,0.05687203791469194,0.506417026581369,12,-1.0792245864868164
414,1,test,2.85806025649302,1.3741393431082851,1.8656196627222037,4.294494685922155,2.0647689611471645,2.8032627056447623,17.427688882265812,13.017485030040849,14.729878178136644,26.186682776461584,19.559951599543247,22.13297757336594,2.780208017736666,1.3406444659240357,1.8202460118308457,4.0292869822270525,1.9429629940928055,2.6380376983055736,16.122374339052737,11.903520235159544,13.510777092786364,23.365759911670636,17.251478601680503,19.58083636635705,2.85806025649302,1.3741393431082851,1.8656196627222037,4.294494685922155,2.0647689611471645,2.8032627056447623,17.427688882265812,13.017485030040849,14.729878178136644,26.186682776461584,19.559951599543247,22.13297757336594,0.6130653266331658,-0.001934673366834172,-0.001934673366834172,0.48743718592964824,-0.002562814070351749,-0.002562814070351749,0.36180904522613067,-0.0031909547738693256,-0.0031909547738693256,0.39446366782006925,0.10258111168880846,0.1792737944023477,0.3715277777777778,0.38190954773869346,0.0886764650319265,0.16655061618610578,0.3434343434343434,0.39446366782006925,0.10258111168880846,0.1792737944023477,0.3715277777777778,16.0,0.0,0.0,29.0,0.0,0.0,38.0,0.0,0.0,0.00013925482609568863,0.00010367084364229498,-5.5904319648640455e-05,-0.0049905123455200595,-0.004101072051685861,-0.0041934606894384885,0.9619377162629758,-0.5212864028794706,278,-0.7710821628570557
327,1,test,2.1213073390732244,1.0068851586069318,1.3699442401601511,3.0459797689256556,1.4457838174868765,1.967099421768422,8.342036231874527,5.294229643765269,6.222148567212386,11.978308435512142,7.601970770534746,8.93436717343317,2.1213073390732244,1.0068851586069318,1.3699442401601511,3.0459797689256556,1.4457838174868765,1.967099421768422,8.342036231874527,5.294229643765269,6.222148567212386,11.978308435512142,7.601970770534746,8.93436717343317,2.1213073390732244,1.0068851586069318,1.3699442401601511,3.0459797689256556,1.4457838174868765,1.967099421768422,8.342036231874527,5.294229643765269,6.222148567212386,11.978308435512142,7.601970770534746,8.93436717343317,0.5568862275449102,0.07688622754491026,0.07688622754491026,0.4011976047904192,0.05119760479041924,0.05119760479041924,0.281437125748503,0.036437125748502996,0.036437125748502996,0.4011976047904192,0.12955581374564307,0.194438161450459,0.3313253012048193,0.4011976047904192,0.12955581374564307,0.194438161450459,0.3313253012048193,0.4011976047904192,0.12955581374564307,0.194438161450459,0.3313253012048193,19.0,2.0,2.0,30.0,1.0,1.0,34.0,3.0,3.0,0.0004083552523892043,0.00030877858298768255,0.0003551140721330389,-0.02635313388168825,-0.029654470467337823,-0.030226752396651513,0.059880239520958084,0.3170716309994387,10,-0.9695136547088623
104,1,test,2.667973549856817,1.2916202167774593,1.7481938940611021,4.252588143105108,2.0587643455301317,2.7865151159883017,14.410736944015456,10.450304061417807,11.901999400762932,22.96984131076403,16.657151322138684,18.971065711519095,2.625387221165282,1.2306418561617678,1.6862806853431318,3.9479507085192207,1.8505892573861167,2.535760429087416,13.809920644433761,9.775973386736963,11.252225456313244,20.766797961554527,14.70071185975483,16.92063978392969,2.667973549856817,1.2916202167774593,1.7481938940611021,4.252588143105108,2.0587643455301317,2.7865151159883017,14.410736944015456,10.450304061417807,11.901999400762932,22.96984131076403,16.657151322138684,18.971065711519095,0.6331658291457287,-0.0018341708542712887,-0.0018341708542712887,0.46733668341708545,-0.002663316582914521,-0.002663316582914521,0.3668341708542714,-0.0031658291457286047,-0.0031658291457286047,0.4007633587786259,0.11259541984732824,0.17684478371501267,0.3984674329501916,0.40201005025125625,0.11557788944723613,0.17252931323283083,0.398989898989899,0.4007633587786259,0.11259541984732824,0.17684478371501267,0.3984674329501916,23.0,-14.0,-14.0,35.0,-18.0,-18.0,43.0,-20.0,-20.0,-0.00027026984711358713,-0.00024942358544615507,7.266465607502596e-06,-0.00012787541372372146,-0.00017828449388890277,8.936283448512938e-05,0.9580152671755725,0.7232600095509946,251,-0.6892917156219482
844,1,test,2.31807724296046,1.1214862365623994,1.51919295288517,5.065428049432116,2.450655109525243,3.3197179340824086,10.156127754326208,6.847309818906876,7.933068499264236,22.193019907601716,14.962639974648358,17.33522375765148,2.4634301582387597,1.155170229903132,1.5871470830936225,4.783359530560698,2.2430489901031687,3.0818389962982966,11.745029833839883,8.045299521874645,9.343074627149614,22.805883172504625,15.621940819174066,18.14189247990216,2.31807724296046,1.1214862365623994,1.51919295288517,5.065428049432116,2.450655109525243,3.3197179340824086,10.156127754326208,6.847309818906876,7.933068499264236,22.193019907601716,14.962639974648358,17.33522375765148,0.6281407035175879,-0.0018592964824121205,-0.0018592964824121205,0.4773869346733668,-0.0026130653266331905,-0.0026130653266331905,0.31155778894472363,-0.003442211055276312,-0.003442211055276312,0.39148936170212767,0.11335772688259471,0.17791086099491404,0.2863247863247863,0.40201005025125625,0.10877696754448929,0.17997332237145658,0.297979797979798,0.39148936170212767,0.11335772688259471,0.17791086099491404,0.2863247863247863,22.0,-10.0,-10.0,32.0,-15.0,-15.0,38.0,-13.0,-13.0,0.00055305262233911,-8.760955882286003e-06,0.0003075640828144377,-0.02942923565441724,-0.031315421358904416,-0.033203484219072266,0.05531914893617021,-0.35126418236183415,13,-0.4002814292907715
906,1,test,2.2953918947301784,1.115818034894701,1.5073228999759674,4.321954108095561,2.1009546783152477,2.838112487342136,9.928326108662905,6.675338429883683,7.729180347115879,18.693875285680605,12.568880467078287,14.553141374299267,2.300969254951918,1.083925170152186,1.4892088072862315,4.30087711205966,2.0260283554246468,2.7835678640864145,9.983854667213048,6.6066643902033615,7.731985870792558,18.661410592921584,12.348905402249272,14.452310038864592,2.2953918947301784,1.115818034894701,1.5073228999759674,4.321954108095561,2.1009546783152477,2.838112487342136,9.928326108662905,6.675338429883683,7.729180347115879,18.693875285680605,12.568880467078287,14.553141374299267,0.5276381909547738,-0.002361809045226204,-0.002361809045226204,0.4120603015075377,-0.0029396984924623393,-0.0029396984924623393,0.29648241206030146,-0.0035175879396985854,-0.0035175879396985854,0.3846153846153846,0.12082641579044451,0.17854509707544852,0.33333333333333337,0.3869346733668342,0.1262830442941525,0.1882702326322766,0.33333333333333337,0.3846153846153846,0.12082641579044451,0.17854509707544852,0.33333333333333337,18.0,0.0,0.0,28.0,0.0,0.0,36.0,0.0,0.0,0.0005658778578445161,0.0002841217748182498,0.00013668592939650038,-0.032904835027837365,-0.03401706795323278,-0.0346434392118411,0.04807692307692308,0.8153999105187998,10,-0.583397626876831
841,1,test,2.5161818157417994,1.2054771659586874,1.6419644120404606,4.31572957003815,2.067622227688635,2.8162807320440812,12.381232471592948,8.67244628454845,9.984233794139511,21.236164555706893,14.874892045016646,17.124856697543088,2.552189505986937,1.2070737838189824,1.6539991917995196,4.149901635751117,1.9627215997056626,2.6894295801618204,12.835175733708342,8.996545004140145,10.3800197062804,20.870204445054213,14.628528462016494,16.878080823220163,2.5161818157417994,1.2054771659586874,1.6419644120404606,4.31572957003815,2.067622227688635,2.8162807320440812,12.381232471592948,8.67244628454845,9.984233794139511,21.236164555706893,14.874892045016646,17.124856697543088,0.6180904522613065,-0.0019095477386934512,-0.0019095477386934512,0.4371859296482412,-0.002814070351758735,-0.002814070351758735,0.31658291457286436,-0.003417085427135591,-0.003417085427135591,0.36296296296296293,0.08754706647497768,0.1437511403028644,0.3568773234200744,0.3668341708542714,0.0861324164683065,0.14312799389266873,0.36363636363636365,0.36296296296296293,0.08754706647497768,0.1437511403028644,0.3568773234200744,17.0,0.0,0.0,23.0,1.0,1.0,33.0,0.0,0.0,1.48415155734087e-05,3.0699713670797944e-07,5.525046806241184e-05,-0.01186029061334537,-0.010266386445066722,-0.011101578948915503,0.037037037037037035,-0.5907063742784682,10,-0.4294090270996094
443,1,test,2.4188418292066993,1.1719543471935816,1.5792433470986496,4.025880578748136,1.9505815504660298,2.6284666667463825,11.23284222853744,7.753346137021581,8.917405127848411,18.69575795571642,12.90454185819345,14.84198250730934,2.564101106941322,1.2268545008669578,1.6698040248126618,4.037954499120192,1.9320543320739496,2.629612637500255,12.988977418853226,9.180434781529087,10.54336130098974,20.45508254937516,14.457377608707223,16.603718584235814,2.4188418292066993,1.1719543471935816,1.5792433470986496,4.025880578748136,1.9505815504660298,2.6284666667463825,11.23284222853744,7.753346137021581,8.917405127848411,18.69575795571642,12.90454185819345,14.84198250730934,0.6532663316582914,-0.0017336683417086274,-0.0017336683417086274,0.5125628140703518,-0.0024371859296482556,-0.0024371859296482556,0.3316582914572864,-0.0033417085427135396,-0.0033417085427135396,0.40909090909090906,0.11012183692596056,0.1796953046953047,0.3775933609958506,0.39698492462311563,0.10124557625218833,0.15992315500708887,0.38888888888888884,0.40909090909090906,0.11012183692596056,0.1796953046953047,0.3775933609958506,18.0,-2.0,-2.0,27.0,-5.0,-5.0,35.0,-3.0,-3.0,4.449371704518377e-05,0.00012651492643088076,0.0001757470242753316,-0.004664806018077172,-0.005312845271915556,-0.005673109935096399,0.9545454545454546,0.5340483941139194,231,-0.3349435329437256
692,1,test,2.2496078033045164,1.084519922130793,1.47143292679619,3.697631216925814,1.7826017110885448,2.418562167032818,9.48401550731395,6.277810871465098,7.306521066978666,15.588669167194192,10.318700627810447,12.00956911009137,2.1085464667196003,0.9808070178612012,1.3536953607498554,3.194767373817576,1.4860712391836381,2.05105357689372,8.236260900467538,5.147594386590869,6.10896614218397,12.479183182526572,7.799385434228589,9.256009306339347,2.2496078033045164,1.084519922130793,1.47143292679619,3.697631216925814,1.7826017110885448,2.418562167032818,9.48401550731395,6.277810871465098,7.306521066978666,15.588669167194192,10.318700627810447,12.00956911009137,0.5879396984924623,-0.002060301507537776,-0.002060301507537776,0.3668341708542714,-0.0031658291457286047,-0.0031658291457286047,0.29145728643216084,-0.0035427135678391952,-0.0035427135678391952,0.3929824561403509,0.10226441761145422,0.1759462834449016,0.3838028169014085,0.35678391959798994,0.07106963388370424,0.14142498804540227,0.33333333333333337,0.3929824561403509,0.10226441761145422,0.1759462834449016,0.3838028169014085,19.0,-2.0,-2.0,31.0,-4.0,-4.0,37.0,1.0,1.0,-0.00029211882281120384,-0.00017596578331072974,4.706560260452891e-05,-0.0002872636165145437,0.00015787518124010802,8.758024202748516e-06,0.03508771929824561,0.6667661884431229,10,-0.5068306922912598
31,1,test,2.589806979000366,1.2395984154169037,1.6849013740874015,4.269681776189793,2.0436622524440846,2.777810373495446,13.327198925654415,9.468968792563357,10.85550032981332,21.971868499051872,15.611002603955804,17.89690594915169,2.6203814263774907,1.259833946389484,1.7123321038093098,4.06260686260076,1.9532309246348585,2.6547784555183096,13.740963751672545,9.842636777997159,11.261482606658264,21.303819770034952,15.259901981390943,17.459662956059322,2.589806979000366,1.2395984154169037,1.6849013740874015,4.269681776189793,2.0436622524440846,2.777810373495446,13.327198925654415,9.468968792563357,10.85550032981332,21.971868499051872,15.611002603955804,17.89690594915169,0.6432160804020101,-0.001783919597989958,-0.001783919597989958,0.48743718592964824,-0.002562814070351749,-0.002562814070351749,0.35678391959798994,-0.0032160804020100464,-0.0032160804020100464,0.411522633744856,0.11788813682493815,0.1775965051538847,0.39669421487603307,0.4120603015075377,0.1213334844649312,0.18501522638232903,0.398989898989899,0.411522633744856,0.11788813682493815,0.1775965051538847,0.39669421487603307,21.0,-6.0,-6.0,32.0,-10.0,-10.0,41.0,-11.0,-11.0,0.00023813901324938274,7.177291909447496e-05,-7.942385743200093e-05,3.793101625682027e-06,-7.384872300431056e-05,-9.33731963588258e-05,0.053497942386831275,0.31976638156052406,13,-0.5831394195556641
676,1,test,2.054651295846529,0.9713686321499664,1.331797969087144,3.1822038362501117,1.504436783939582,2.0626627082203326,7.8041160704236825,4.849754243564829,5.743812519507771,12.086862694436679,7.5112047430821125,8.895904755823011,2.0099947455982052,0.9309949935970283,1.28963898244851,2.977769993478822,1.3792518423659677,1.9105762702940885,7.463278132154156,4.52154251833764,5.408113899852838,11.056708343932081,6.6985815086483536,8.012020592374572,2.054651295846529,0.9713686321499664,1.331797969087144,3.1822038362501117,1.504436783939582,2.0626627082203326,7.8041160704236825,4.849754243564829,5.743812519507771,12.086862694436679,7.5112047430821125,8.895904755823011,0.507537688442211,-0.0024623115577889765,-0.0024623115577889765,0.37688442211055273,-0.003115577889447274,-0.003115577889447274,0.2160804020100503,-0.003919597989949675,-0.003919597989949675,0.34782608695652173,0.0854986707829517,0.14020453636519448,0.23412698412698407,0.371859296482412,0.11371393307389066,0.16818650850244543,0.20707070707070707,0.34782608695652173,0.0854986707829517,0.14020453636519448,0.23412698412698407,16.0,-2.0,-2.0,22.0,-2.0,-2.0,29.0,-4.0,-4.0,0.0002637631284389899,8.701202707686623e-06,0.0005139974990833697,-0.005740140745062128,-0.005373308086639383,-0.005463363467486992,0.04743083003952569,0.6873090180210831,12,-0.4226400852203369
383,1,test,3.294538545800357,1.6064100769390255,2.1661321994031493,4.779114557179531,2.3302862227201917,3.142228807776174,26.96496810072498,21.555620637192497,23.87424107575349,39.115848788088705,31.268955862594055,34.63238674569178,3.3259095264149448,1.624373992476768,2.190846269965738,4.785481332971144,2.3372287661536233,3.1522967913176085,27.82429406792913,22.34193478748868,24.71292371700819,40.03495549342321,32.14666875897652,35.55816362159452,3.294538545800357,1.6064100769390255,2.1661321994031493,4.779114557179531,2.3302862227201917,3.142228807776174,26.96496810072498,21.555620637192497,23.87424107575349,39.115848788088705,31.268955862594055,34.63238674569178,0.7587939698492463,-0.001206030150753712,-0.001206030150753712,0.6080402010050252,-0.001959798994974782,-0.001959798994974782,0.42211055276381915,-0.0028894472361808976,-0.0028894472361808976,0.3846153846153846,0.05412497949811379,0.14739947552447552,0.3862660944206009,0.38190954773869346,0.05108248006952054,0.1415088799590607,0.38383838383838387,0.3846153846153846,0.05412497949811379,0.14739947552447552,0.3862660944206009,19.0,0.0,0.0,28.0,0.0,0.0,40.0,0.0,0.0,0.0002977207809777839,-1.3045983726789331e-05,9.26297078406378e-05,6.616239837065052e-05,-2.437914732134061e-05,-5.259801277901488e-05,0.9358974358974359,0.25920937557253476,219,-0.24729681015014648
254,1,test,3.0336135931518546,1.4625214469739742,1.984660043156984,5.027618033594366,2.423841723917542,3.2891837793893837,20.772159263061262,15.960258639144168,17.917496969924578,34.425769565185796,26.450990441278254,29.694728124313205,3.136308215278313,1.4867398815062376,2.0343765698926477,4.512673691047933,2.1391940741096946,2.9271605322196375,23.018729606940507,17.813996972048134,20.008754991292577,33.12047425459066,25.63165031949372,28.789575527039684,3.0336135931518546,1.4625214469739742,1.984660043156984,5.027618033594366,2.423841723917542,3.2891837793893837,20.772159263061262,15.960258639144168,17.917496969924578,34.425769565185796,26.450990441278254,29.694728124313205,0.6532663316582914,-0.0017336683417086274,-0.0017336683417086274,0.5125628140703518,-0.0024371859296482556,-0.0024371859296482556,0.40201005025125625,-0.002989949748743781,-0.002989949748743781,0.391156462585034,0.10422946767841257,0.17056822729091636,0.3583617747440273,0.38190954773869346,0.09118273069608696,0.1615422689406968,0.3535353535353535,0.391156462585034,0.10422946767841257,0.17056822729091636,0.3583617747440273,19.0,1.0,1.0,31.0,0.0,0.0,40.0,0.0,0.0,3.5820168538379487e-05,7.939434001935618e-05,1.985738756755731e-05,-0.0003496329132595122,0.00012301345579235345,-2.278298851532412e-05,0.9625850340136054,0.5032917319717499,283,-0.7271244525909424
17,1,test,2.408432711025929,1.1429026275584169,1.5628598472816,4.664982278113286,2.213730314640177,3.0271609654553515,11.11652467808537,7.57155330922102,8.787212867365032,21.532007259354543,14.66562127461729,17.020277175526864,2.4330718258372612,1.142292655598999,1.5712008528375843,4.547797805303292,2.1351264590635495,2.9368240239954844,11.393828234227287,7.758210016278083,9.026241991919683,21.296875204163154,14.50132713323006,16.87148035872838,2.408432711025929,1.1429026275584169,1.5628598472816,4.664982278113286,2.213730314640177,3.0271609654553515,11.11652467808537,7.57155330922102,8.787212867365032,21.532007259354543,14.66562127461729,17.020277175526864,0.5728643216080402,-0.0021356783919597166,-0.0021356783919597166,0.4170854271356784,-0.0029145728643216184,-0.0029145728643216184,0.31658291457286436,-0.003417085427135591,-0.003417085427135591,0.3551401869158879,0.07242990654205617,0.14485981308411222,0.32863849765258213,0.36180904522613067,0.08291457286432158,0.15745393634840876,0.33333333333333337,0.3551401869158879,0.07242990654205617,0.14485981308411222,0.32863849765258213,20.0,-8.0,-8.0,25.0,-6.0,-6.0,35.0,-12.0,-12.0,0.0005743329596241492,0.00030365256128944224,0.00018249080864475377,0.00020476083557952052,8.555324308456846e-05,3.801350628762634e-05,0.056074766355140186,0.3442729920029061,12,-0.7185301780700684
24,1,test,3.048140537485585,1.4832746956754164,2.0046341419621543,4.792673801077964,2.332192917728642,3.151940474783262,21.076117712708708,16.29408436878702,18.23696293179503,33.13854986274954,25.619629510671416,28.674470018545644,3.105712233052762,1.494975711278904,2.0310619029102326,4.7415453939736825,2.2824056660746628,3.100857867038523,22.325113998219752,17.318616733729865,19.39614544878318,34.084143508732446,26.440636234702083,29.61243579966898,3.048140537485585,1.4832746956754164,2.0046341419621543,4.792673801077964,2.332192917728642,3.151940474783262,21.076117712708708,16.29408436878702,18.23696293179503,33.13854986274954,25.619629510671416,28.674470018545644,0.728643216080402,-0.001356783919598037,-0.001356783919598037,0.5577889447236181,-0.00221105527638199,-0.00221105527638199,0.42713567839195976,-0.002864321608040288,-0.002864321608040288,0.40963855421686746,0.09300528768380134,0.16798301349590616,0.36693548387096775,0.39698492462311563,0.07868918527474467,0.15324535867987688,0.36363636363636365,0.40963855421686746,0.09300528768380134,0.16798301349590616,0.36693548387096775,23.0,-5.0,-5.0,36.0,-9.0,-9.0,45.0,-9.0,-9.0,-5.211982502974826e-05,0.00019463473756246548,0.00030165504430427917,-3.7786429536446065e-05,-0.00010682844012599446,0.00013492207507859177,0.040160642570281124,0.4616167568248589,10,-0.31554484367370605
355,1,test,3.1417032649026666,1.4675105724036543,2.0211267318281427,4.188937686536889,1.9566807632048726,2.694835642437524,23.143252396738998,17.808765557736393,20.076630694167267,30.857669862318662,23.745020743648524,26.768840925556354,3.1417032649026666,1.4675105724036543,2.0211267318281427,4.188937686536889,1.9566807632048726,2.694835642437524,23.143252396738998,17.808765557736393,20.076630694167267,30.857669862318662,23.745020743648524,26.768840925556354,3.1417032649026666,1.4675105724036543,2.0211267318281427,4.188937686536889,1.9566807632048726,2.694835642437524,23.143252396738998,17.808765557736393,20.076630694167267,30.857669862318662,23.745020743648524,26.768840925556354,0.6754966887417219,0.14549668874172184,0.14549668874172184,0.543046357615894,0.123046357615894,0.123046357615894,0.3973509933774835,0.08735099337748342,0.08735099337748342,0.3973509933774835,0.10927152317880795,0.17660044150110377,0.3733333333333333,0.3973509933774835,0.10927152317880795,0.17660044150110377,0.3733333333333333,0.3973509933774835,0.10927152317880795,0.17660044150110377,0.3733333333333333,21.0,-10.0,-10.0,26.0,-6.0,-6.0,37.0,-10.0,-10.0,0.0006676969383970614,0.00011153616296259121,0.0001170028397097741,0.00020287305564714586,-5.320682006271227e-05,1.5101903453107468e-05,0.07947019867549669,-0.2012017248805173,12,-0.8044626712799072
679,1,test,2.35838422633173,1.1410985507228841,1.545534942327766,3.892478820159166,1.8833665400280615,2.550882914521556,10.573852689540445,7.195846415834524,8.31953064119283,17.45198987594054,11.876639715455038,13.731264165075544,2.35838422633173,1.1410985507228841,1.545534942327766,3.892478820159166,1.8833665400280615,2.550882914521556,10.573852689540445,7.195846415834524,8.31953064119283,17.45198987594054,11.876639715455038,13.731264165075544,2.35838422633173,1.1410985507228841,1.545534942327766,3.892478820159166,1.8833665400280615,2.550882914521556,10.573852689540445,7.195846415834524,8.31953064119283,17.45198987594054,11.876639715455038,13.731264165075544,0.6331360946745562,0.07813609467455629,0.07813609467455629,0.41420118343195267,0.04920118343195268,0.04920118343195268,0.29585798816568043,0.03585798816568042,0.03585798816568042,0.3550295857988166,0.03939536750973105,0.12320247381453364,0.25595238095238093,0.3550295857988166,0.03939536750973105,0.12320247381453364,0.25595238095238093,0.3550295857988166,0.03939536750973105,0.12320247381453364,0.25595238095238093,17.0,1.0,1.0,26.0,2.0,2.0,32.0,3.0,3.0,0.0004971640441125363,0.0003771035555517232,0.00037426623190688383,2.586617455246909e-05,6.094135913681242e-05,6.916311268323483e-05,0.05917159763313609,0.7224388674094779,10,-0.30420804023742676
378,1,test,2.234243243017603,1.0671297885022748,1.450644945292054,5.553070584587441,2.652283746180411,3.6054864659685997,9.339411512396065,6.126705892021398,7.150075520677278,23.21251793372226,15.227540857839594,17.771061488285277,1.7335337588827329,0.8058985270376462,1.1096907649876568,4.561930944428244,2.12078559746749,2.920238855230676,5.660621879500138,3.1320991474062345,3.794536244052307,14.896373367105626,8.242366177384827,9.985621694874492,2.234243243017603,1.0671297885022748,1.450644945292054,5.553070584587441,2.652283746180411,3.6054864659685997,9.339411512396065,6.126705892021398,7.150075520677278,23.21251793372226,15.227540857839594,17.771061488285277,0.4120603015075377,-0.0029396984924623393,-0.0029396984924623393,0.2814070351758794,-0.003592964824120637,-0.003592964824120637,0.2160804020100503,-0.003919597989949675,-0.003919597989949675,0.3411764705882353,0.09851502244733512,0.1599509164813253,0.3188976377952756,0.3065326633165829,0.08848755053462798,0.1429266532998884,0.2222222222222222,0.3411764705882353,0.09851502244733512,0.1599509164813253,0.3188976377952756,20.0,-3.0,-3.0,24.0,1.0,1.0,31.0,-2.0,-2.0,-0.0011203285011011832,-0.0005877131291318501,6.309403871640792e-05,-0.016243498597413364,-0.018827988634271264,-0.02013899665561869,0.9490196078431372,0.2624556901696035,242,-0.31612634658813477
782,1,test,2.079850270198192,0.9968605384326119,1.3561967115068185,3.692487798540268,1.7697886370723905,2.407740538544714,8.003270496473906,5.049773969786603,5.94131756501149,14.208704866928311,8.965178424621142,10.547991329187065,2.168053360344354,1.0193400296411315,1.3985246777589722,3.4968602586199258,1.644096822001825,2.255684964127375,8.74125140129604,5.587119428354909,6.582502843110371,14.098792582735548,9.01148294895953,10.616940069532856,2.079850270198192,0.9968605384326119,1.3561967115068185,3.692487798540268,1.7697886370723905,2.407740538544714,8.003270496473906,5.049773969786603,5.94131756501149,14.208704866928311,8.965178424621142,10.547991329187065,0.5477386934673367,-0.002261306532663321,-0.002261306532663321,0.36180904522613067,-0.0031909547738693256,-0.0031909547738693256,0.25125628140703515,-0.003743718592964851,-0.003743718592964851,0.35655737704918034,0.08866371651748295,0.14266091928351277,0.308641975308642,0.33668341708542715,0.06600672535610386,0.12466338369644547,0.297979797979798,0.35655737704918034,0.08866371651748295,0.14266091928351277,0.308641975308642,14.0,0.0,0.0,21.0,0.0,0.0,31.0,0.0,0.0,0.00027380698533566975,0.00018120724842490328,2.0877175416784045e-05,-0.004678665861796993,-0.0053238385109564135,-0.00568217108700253,0.06147540983606557,0.2536509767039191,15,-0.40168166160583496
769,1,test,2.7260394183243966,1.298230318904115,1.7708504385067712,4.317457024697558,2.0561161266967876,2.8046442080134266,15.272279967357468,11.102725868263615,12.67311824173855,24.187989353706694,17.584317185952642,20.071479161239974,2.896532773456281,1.3790735929045532,1.8809277531133137,4.355688381137265,2.0737948765482006,2.828462786636562,18.111240605760194,13.550617863205252,15.350207232261038,27.23494827933864,20.376868967225946,23.083018394377504,2.7260394183243966,1.298230318904115,1.7708504385067712,4.317457024697558,2.0561161266967876,2.8046442080134266,15.272279967357468,11.102725868263615,12.67311824173855,24.187989353706694,17.584317185952642,20.071479161239974,0.6733668341708543,-0.001633165829145744,-0.001633165829145744,0.49246231155778897,-0.002537688442211028,-0.002537688442211028,0.371859296482412,-0.003140703517587995,-0.003140703517587995,0.363013698630137,0.08438121999765835,0.14547383530439673,0.33676975945017185,0.371859296482412,0.0811324794398055,0.13980587411179435,0.3484848484848485,0.363013698630137,0.08438121999765835,0.14547383530439673,0.33676975945017185,20.0,0.0,0.0,28.0,0.0,0.0,36.0,1.0,1.0,0.0004726749793072864,6.939689409051297e-05,0.00021094974923227696,-0.000335773069539691,0.00013076050589333477,-1.577387457896151e-05,0.04794520547945205,0.25086783686304215,14,-0.6458103656768799
568,1,test,3.821536492380842,1.8521449117665507,2.499971741974648,4.960648331455901,2.4042265681585038,3.245155626601707,45.67433269845815,38.50801766176529,41.92504921590693,59.288797252806255,49.98636908017609,54.42193888603304,3.821536492380842,1.8521449117665507,2.499971741974648,4.960648331455901,2.4042265681585038,3.245155626601707,45.67433269845815,38.50801766176529,41.92504921590693,59.288797252806255,49.98636908017609,54.42193888603304,3.821536492380842,1.8521449117665507,2.499971741974648,4.960648331455901,2.4042265681585038,3.245155626601707,45.67433269845815,38.50801766176529,41.92504921590693,59.288797252806255,49.98636908017609,54.42193888603304,0.7686567164179104,0.23865671641791042,0.23865671641791042,0.6343283582089552,0.19932835820895511,0.19932835820895511,0.5149253731343284,0.16492537313432842,0.16492537313432842,0.4477611940298507,0.12434111968040829,0.20271168907935566,0.3984962406015038,0.4477611940298507,0.12434111968040829,0.20271168907935566,0.3984962406015038,0.4477611940298507,0.12434111968040829,0.20271168907935566,0.3984962406015038,16.0,2.0,2.0,23.0,4.0,4.0,30.0,4.0,4.0,0.00015695176610240797,0.0001813144330748019,2.0675082674480483e-05,-1.5738226426087465e-05,9.48436626417859e-05,-9.664159380307069e-06,0.9104477611940298,-0.7938159138904979,122,-0.04981184005737305
460,1,test,3.030430552269709,1.4381208239445404,1.9656049080624747,4.509993704260214,2.1402621673998166,2.925282598469448,20.706145748510316,15.791057401937834,17.805812498441327,30.815616908077118,23.500808957001603,26.499238600621503,2.9694005654968003,1.3851664171222937,1.9094694882761858,4.431941142532538,2.0674125628690954,2.84995446011371,19.480238968127114,14.604682972290849,16.594066908714595,29.07498353451808,21.798034287001265,24.767264042857605,3.030430552269709,1.4381208239445404,1.9656049080624747,4.509993704260214,2.1402621673998166,2.925282598469448,20.706145748510316,15.791057401937834,17.805812498441327,30.815616908077118,23.500808957001603,26.499238600621503,0.6432160804020101,-0.001783919597989958,-0.001783919597989958,0.49246231155778897,-0.002537688442211028,-0.002537688442211028,0.37688442211055273,-0.003115577889447274,-0.003115577889447274,0.4007936507936508,0.10376394782335374,0.17783850567491732,0.4143426294820717,0.3869346733668342,0.09871412198838803,0.1682368436506405,0.3939393939393939,0.4007936507936508,0.10376394782335374,0.17783850567491732,0.4143426294820717,18.0,-8.0,-8.0,28.0,-10.0,-10.0,34.0,-12.0,-12.0,-0.00019814102135226573,-4.958366336347898e-05,-0.00020997392871006124,-5.857619511928647e-05,-0.00012331829868550415,0.00012440840417138332,0.9563492063492064,-0.31062313045523543,241,-0.3552699089050293
19,1,test,2.1018075702594965,0.9989566790286855,1.3641664357441128,3.855633754714441,1.832523179410238,2.5024775013319154,8.180944187182623,5.168201392751772,6.089946876062852,15.007427416222429,9.480740303259873,11.171624401784172,2.485091021992167,1.177362948547031,1.611616796878148,3.654545620576716,1.7314161008044573,2.3700247012913946,12.002212670421192,8.304449554937968,9.606994729274167,17.6503127506194,12.212425816085243,14.127933425403185,2.1018075702594965,0.9989566790286855,1.3641664357441128,3.855633754714441,1.832523179410238,2.5024775013319154,8.180944187182623,5.168201392751772,6.089946876062852,15.007427416222429,9.480740303259873,11.171624401784172,0.5778894472361809,-0.002110552763819218,-0.002110552763819218,0.4120603015075377,-0.0029396984924623393,-0.0029396984924623393,0.3266331658291457,-0.0033668341708542604,-0.0033668341708542604,0.35144927536231885,0.10190135492832242,0.17072638379605376,0.27636363636363637,0.37688442211055273,0.10370146471706898,0.17154218504878316,0.297979797979798,0.35144927536231885,0.10190135492832242,0.17072638379605376,0.27636363636363637,17.0,0.0,0.0,27.0,0.0,0.0,34.0,1.0,1.0,0.0008436324538238075,0.0013117129321699409,8.768290771510134e-05,-0.052070796961397825,-0.05821245770560779,-0.0510082136428629,0.036231884057971016,0.6879007565624131,10,-0.9205236434936523
162,1,test,2.6383640643343367,1.252754364172891,1.7136259216685386,3.8881154632295485,1.8461643261495233,2.52534346351153,13.99029764960702,9.99303535613347,11.46908967249496,20.61728074678929,14.726578419565111,16.901816359466252,2.787803188898108,1.3167342244534888,1.8056702014871466,4.011227609925336,1.8945816179186892,2.598086620844816,16.24529273391558,11.89140592933725,13.575147174901236,23.374521919302996,17.109936588974463,19.53258586316725,2.6383640643343367,1.252754364172891,1.7136259216685386,3.8881154632295485,1.8461643261495233,2.52534346351153,13.99029764960702,9.99303535613347,11.46908967249496,20.61728074678929,14.726578419565111,16.901816359466252,0.6080402010050252,-0.001959798994974782,-0.001959798994974782,0.4623115577889447,-0.002688442211055242,-0.002688442211055242,0.40201005025125625,-0.002989949748743781,-0.002989949748743781,0.3763440860215054,0.11874122376748031,0.17133812654593927,0.35611510791366907,0.4120603015075377,0.1363710784498936,0.19837081903675302,0.38888888888888884,0.3763440860215054,0.11874122376748031,0.17133812654593927,0.35611510791366907,18.0,0.0,0.0,30.0,0.0,0.0,38.0,0.0,0.0,0.0005763040910603176,0.0003866029937722322,0.00011233700479028937,-0.004921213126914736,-0.005063376836893063,-0.004158415119751346,0.03942652329749104,0.4792317876820338,11,-0.5632491111755371
16,1,test,2.599972718378574,1.269734570092547,1.7081403341875512,4.354555534462275,2.1266106603390518,2.860873075050316,13.463370727408039,9.68142678360841,11.023774892409488,22.54908103424782,16.214904981135557,18.463132181765584,2.7005773387346155,1.3033163541126063,1.764511984536593,4.0307124458725605,1.945248289720308,2.6335999769202885,14.888324850691795,10.84421694132456,12.338396262371246,22.221380374166856,16.1853984198874,18.41551680950932,2.599972718378574,1.269734570092547,1.7081403341875512,4.354555534462275,2.1266106603390518,2.860873075050316,13.463370727408039,9.68142678360841,11.023774892409488,22.54908103424782,16.214904981135557,18.463132181765584,0.6331658291457287,-0.0018341708542712887,-0.0018341708542712887,0.44221105527638194,-0.0027889447236180143,-0.0027889447236180143,0.3467336683417085,-0.003266331658291488,-0.003266331658291488,0.36764705882352944,0.08874797625472208,0.1475981590680282,0.3321033210332104,0.3668341708542714,0.0861324164683065,0.14312799389266873,0.3232323232323232,0.36764705882352944,0.08874797625472208,0.1475981590680282,0.3321033210332104,18.0,0.0,0.0,31.0,1.0,1.0,36.0,0.0,0.0,0.00032408530656709517,0.000745839874287797,0.0003037250741571146,-0.00019717463232815646,0.00020823100688893703,5.431726479621091e-05,0.03676470588235294,0.8129842868495428,10,-0.33334970474243164
899,1,test,3.496502334056814,1.7155696562261764,2.3078495129578593,5.6972420384337505,2.795369381027358,3.760437147584277,32.999827495931896,27.064437851762957,29.717171593489375,53.770307155136095,44.09911344081377,48.42150900821505,3.563702630199844,1.7227600369188045,2.3338544325155803,5.358951323608788,2.5906165968703827,3.5095555376174143,35.293634792946975,28.991158659201844,31.872924567806262,53.07313502698793,43.59572730707043,47.929209876400385,3.496502334056814,1.7155696562261764,2.3078495129578593,5.6972420384337505,2.795369381027358,3.760437147584277,32.999827495931896,27.064437851762957,29.717171593489375,53.770307155136095,44.09911344081377,48.42150900821505,0.7386934673366834,-0.0013065326633165952,-0.0013065326633165952,0.5979899497487438,-0.0020100502512562235,-0.0020100502512562235,0.4623115577889447,-0.002688442211055242,-0.002688442211055242,0.40217391304347827,0.09114317163299002,0.1624148768989,0.38181818181818183,0.40703517587939697,0.09876449918766761,0.17498175350877931,0.38383838383838387,0.40217391304347827,0.09114317163299002,0.1624148768989,0.38181818181818183,17.0,0.0,0.0,27.0,0.0,0.0,35.0,0.0,0.0,-0.00030190593921823426,0.00013255600195259085,5.806595920770718e-05,-0.00022489431977135155,0.00019273690668875076,4.029903692170933e-05,0.9601449275362319,-0.4891900313678704,265,-0.18034768104553223
308,1,test,2.4073024891495383,1.1644477617402058,1.5743076997965884,4.835005846851191,2.338763724851091,3.1619569902694185,11.1039676361632,7.638475242811499,8.803770594962367,22.30203669297185,15.341683326663773,17.682149415305773,2.602486546765299,1.2487368883548555,1.6959324898181145,4.775204672963851,2.2912603456052394,3.111802733611219,13.497257906354427,9.625341196065651,11.021481473799351,24.76561083734757,17.66117650654248,20.222901786787798,2.4073024891495383,1.1644477617402058,1.5743076997965884,4.835005846851191,2.338763724851091,3.1619569902694185,11.1039676361632,7.638475242811499,8.803770594962367,22.30203669297185,15.341683326663773,17.682149415305773,0.6231155778894473,-0.0018844221105527303,-0.0018844221105527303,0.44723618090452266,-0.0027638190954772934,-0.0027638190954772934,0.321608040201005,-0.0033919597989949812,-0.0033919597989949812,0.35593220338983056,0.07897660085283265,0.14043924564335164,0.2978723404255319,0.371859296482412,0.0861450107681263,0.14481422135720334,0.3282828282828283,0.35593220338983056,0.07897660085283265,0.14043924564335164,0.2978723404255319,16.0,-2.0,-2.0,28.0,-3.0,-3.0,34.0,-3.0,-3.0,0.0006319801420603566,0.00016473013912424248,1.98221859499474e-05,5.230255464905298e-05,-3.5372386360421615e-05,-6.165916468603427e-05,0.046610169491525424,0.3440463321115329,11,-0.31442952156066895
968,1,test,3.0171527356454164,1.457506085957984,1.975714797231316,4.648520203174624,2.245576237086429,3.0439791934087137,20.43303054159828,15.675890530385091,17.59974236107833,31.481122636764795,24.151808084604937,27.11588212607999,3.1599308823132373,1.5030444116605917,2.0544660608158902,4.482171464274096,2.131977888880272,2.91413625647644,23.56896684030196,18.326005548901694,20.548338644841085,33.43115863872619,25.994334111917297,29.146579638072467,3.0171527356454164,1.457506085957984,1.975714797231316,4.648520203174624,2.245576237086429,3.0439791934087137,20.43303054159828,15.675890530385091,17.59974236107833,31.481122636764795,24.151808084604937,27.11588212607999,0.6834170854271358,-0.0015829145728643024,-0.0015829145728643024,0.5778894472361809,-0.002110552763819218,-0.002110552763819218,0.4170854271356784,-0.0029145728643216184,-0.0029145728643216184,0.40909090909090906,0.10096236466746855,0.18113121135791155,0.35741444866920147,0.40201005025125625,0.08622057656704574,0.1682871787988356,0.3535353535353535,0.40909090909090906,0.10096236466746855,0.18113121135791155,0.35741444866920147,19.0,-2.0,-2.0,32.0,-4.0,-4.0,38.0,0.0,0.0,0.00039753371135039476,0.0003157376789049982,0.00018016520126734362,-0.000141735257445319,-0.00018927773293242467,8.23537205478786e-05,0.03787878787878788,0.9341058311512778,10,-0.2780797481536865
495,1,test,2.3824103608403795,1.1377902187579398,1.5515540211391357,3.2623997734030423,1.558055074335197,2.1246505514698075,10.830977991287169,7.359362163204345,8.535694550032424,14.83160950158243,10.077685124387932,11.688518663107462,2.3824103608403795,1.1377902187579398,1.5515540211391357,3.2623997734030423,1.558055074335197,2.1246505514698075,10.830977991287169,7.359362163204345,8.535694550032424,14.83160950158243,10.077685124387932,11.688518663107462,2.3824103608403795,1.1377902187579398,1.5515540211391357,3.2623997734030423,1.558055074335197,2.1246505514698075,10.830977991287169,7.359362163204345,8.535694550032424,14.83160950158243,10.077685124387932,11.688518663107462,0.5629139072847682,0.11791390728476825,0.11791390728476825,0.4635761589403974,0.1085761589403974,0.1085761589403974,0.35761589403973515,0.08261589403973513,0.08261589403973513,0.42384105960264906,0.14991366686337515,0.22164325740484692,0.3866666666666667,0.42384105960264906,0.14991366686337515,0.22164325740484692,0.3866666666666667,0.42384105960264906,0.14991366686337515,0.22164325740484692,0.3866666666666667,15.0,1.0,1.0,23.0,3.0,3.0,29.0,3.0,3.0,0.00024675695769477054,4.1591804862564465e-06,1.3174124248683803e-05,0.00020287305564714586,-5.320682006271227e-05,1.5101903453107468e-05,0.07947019867549669,0.2765103541958463,12,-0.9981653690338135
325,1,test,2.93281751517702,1.404659689392641,1.9119581916321204,5.127303348211574,2.4556987576794422,3.3425842511051056,18.780470283322096,14.170793115961242,16.00489142359443,32.832990005807865,24.774113839093083,27.980579411878374,3.2299309006298955,1.5390211634568547,2.0993200582420286,4.93119221470213,2.349650631231839,3.2050687912092033,25.27791022294003,19.85349697143258,22.18036218695044,38.592229348000046,30.31068239913371,33.86314837702357,2.93281751517702,1.404659689392641,1.9119581916321204,5.127303348211574,2.4556987576794422,3.3425842511051056,18.780470283322096,14.170793115961242,16.00489142359443,32.832990005807865,24.774113839093083,27.980579411878374,0.7035175879396984,-0.001482412060301641,-0.001482412060301641,0.5829145728643217,-0.002085427135678275,-0.002085427135678275,0.4623115577889447,-0.002688442211055242,-0.002688442211055242,0.4257028112449799,0.12710561685620236,0.20273885930906532,0.3911290322580645,0.4170854271356784,0.10380221911562826,0.17668475935604566,0.4292929292929293,0.4257028112449799,0.12710561685620236,0.20273885930906532,0.3911290322580645,17.0,-3.0,-3.0,27.0,-4.0,-4.0,38.0,-5.0,-5.0,2.8175154463796707e-05,0.0004371263279072928,0.0003271751079787978,-0.012422442086045038,-0.014064121161965204,-0.014768273088348494,0.04417670682730924,0.3673534747889172,11,-0.526519775390625
73,1,test,2.2015135677298554,1.0471186403982922,1.4295499075219755,3.5654947999103093,1.695876928471147,2.315249306747547,9.038683811490204,5.8665803278731845,6.874672343939852,14.638737912087395,9.501309444055483,11.133980209206934,2.1477076433085,0.9875618418938799,1.3712070489267933,3.382216761115748,1.5552154990454803,2.1593811794122733,8.565201378642499,5.374802971834581,6.391349628033393,13.488506108098424,8.464256648558395,10.065117524462037,2.2015135677298554,1.0471186403982922,1.4295499075219755,3.5654947999103093,1.695876928471147,2.315249306747547,9.038683811490204,5.8665803278731845,6.874672343939852,14.638737912087395,9.501309444055483,11.133980209206934,0.5175879396984925,-0.002412060301507535,-0.002412060301507535,0.36180904522613067,-0.0031909547738693256,-0.0031909547738693256,0.27135678391959794,-0.0036432160804020786,-0.0036432160804020786,0.3535353535353535,0.09975384093031148,0.16204599183322577,0.347972972972973,0.3316582914572864,0.08103172504124634,0.13967164704994084,0.31313131313131315,0.3535353535353535,0.09975384093031148,0.16204599183322577,0.347972972972973,18.0,0.0,0.0,26.0,-2.0,-2.0,36.0,-4.0,-4.0,-0.0003647086137769845,0.0001939812755542459,-6.296121066164191e-05,-0.011563236464089854,-0.01182948552274965,-0.011481270516553899,0.03367003367003367,0.6045410778926121,10,-0.619473934173584
75,1,test,3.341176963399557,1.6361081077419841,2.2046945555255455,5.345883141439291,2.6177729723871748,3.527511288840873,28.252359137550243,22.750594655769454,25.136570146344464,45.20377462008039,36.40095144923113,40.21851223415114,3.341176963399557,1.6361081077419841,2.2046945555255455,5.345883141439291,2.6177729723871748,3.527511288840873,28.252359137550243,22.750594655769454,25.136570146344464,45.20377462008039,36.40095144923113,40.21851223415114,3.341176963399557,1.6361081077419841,2.2046945555255455,5.345883141439291,2.6177729723871748,3.527511288840873,28.252359137550243,22.750594655769454,25.136570146344464,45.20377462008039,36.40095144923113,40.21851223415114,0.729559748427673,0.14455974842767305,0.14455974842767305,0.5786163522012578,0.11361635220125788,0.11361635220125788,0.4528301886792453,0.0878301886792453,0.0878301886792453,0.37735849056603776,0.06387886674158638,0.13727498325914844,0.26582278481012656,0.37735849056603776,0.06387886674158638,0.13727498325914844,0.26582278481012656,0.37735849056603776,0.06387886674158638,0.13727498325914844,0.26582278481012656,22.0,0.0,0.0,32.0,1.0,1.0,36.0,3.0,3.0,0.0007801661921829872,0.0010287508002710213,0.00030352045794742,-0.006889090232126804,-0.008608822100083735,-0.008413879458847973,0.0880503144654088,-0.21431332108954937,14,-0.679107666015625
515,1,test,2.693691654340681,1.306774580060573,1.7642977204145822,4.152774633775216,2.0146108109267167,2.7199589856391473,14.786160683377643,10.783669055032409,12.253187120397362,22.795331053540533,16.624823126508296,18.89033014394593,2.693691654340681,1.306774580060573,1.7642977204145822,4.152774633775216,2.0146108109267167,2.7199589856391473,14.786160683377643,10.783669055032409,12.253187120397362,22.795331053540533,16.624823126508296,18.89033014394593,2.693691654340681,1.306774580060573,1.7642977204145822,4.152774633775216,2.0146108109267167,2.7199589856391473,14.786160683377643,10.783669055032409,12.253187120397362,22.795331053540533,16.624823126508296,18.89033014394593,0.6734693877551021,0.16846938775510212,0.16846938775510212,0.5306122448979591,0.1356122448979591,0.1356122448979591,0.38095238095238093,0.0959523809523809,0.0959523809523809,0.41496598639455784,0.09971174910642222,0.1734309976812396,0.410958904109589,0.41496598639455784,0.09971174910642222,0.1734309976812396,0.410958904109589,0.41496598639455784,0.09971174910642222,0.1734309976812396,0.410958904109589,15.0,3.0,3.0,23.0,4.0,4.0,33.0,4.0,4.0,-0.00016629966459678176,9.103758512223044e-05,-8.235756979232833e-06,-0.00018100337882831496,-1.837141236826767e-05,4.1392098335535366e-05,0.07482993197278912,0.5017884553382402,11,-0.4779214859008789
831,1,test,2.3578271219748683,1.1239834468206982,1.5335482593502032,4.095173422377402,1.9521817760570017,2.663531187292458,10.567963590711912,7.133558654699541,8.287727781697518,18.354884131236478,12.38986503184657,14.394474568211479,2.3011529715799197,1.092225328273203,1.4935778521647793,3.967505123413655,1.883147117712419,2.5751342278703095,9.985689035823816,6.635798587508863,7.743225354018467,17.216705234178995,11.441032047429076,13.350388541411153,2.3578271219748683,1.1239834468206982,1.5335482593502032,4.095173422377402,1.9521817760570017,2.663531187292458,10.567963590711912,7.133558654699541,8.287727781697518,18.354884131236478,12.38986503184657,14.394474568211479,0.6080402010050252,-0.001959798994974782,-0.001959798994974782,0.42211055276381915,-0.0028894472361808976,-0.0028894472361808976,0.29145728643216084,-0.0035427135678391952,-0.0035427135678391952,0.37262357414448666,0.09178865953348092,0.1539130810977104,0.3702290076335878,0.38190954773869346,0.0936889963602473,0.1615422689406968,0.36868686868686873,0.37262357414448666,0.09178865953348092,0.1539130810977104,0.3702290076335878,19.0,-4.0,-4.0,27.0,-7.0,-7.0,37.0,-11.0,-11.0,5.754834889459469e-05,-0.00014734730337091553,-7.169396840088844e-05,-0.00013480533558407615,-0.00018378111340844328,8.585827751517172e-05,0.03802281368821293,0.6663224852997659,10,-0.5192971229553223
997,1,test,2.120329409383865,0.9974125768627671,1.3701250885738232,3.670820289995816,1.7267705236936655,2.372029059593432,8.333882294612165,5.260075374466149,6.216449686649035,14.42803372254731,9.106505492044521,10.762228520011142,2.3604370722501544,1.068993202516192,1.4972167988478504,3.3720529603573635,1.5271331464517026,2.1388811412112148,10.595581475169892,6.957545860292404,8.224798491595152,15.136544964528419,9.93935122898915,11.749712130850217,2.119592421443281,0.9966755889221832,1.3693881006332393,3.6695443796236806,1.7254946133215299,2.3707531492212963,8.327742586586076,5.253935666440061,6.210309978622947,14.417404353027145,9.095876122524356,10.751599150490977,0.5527638190954773,-0.0022361809045226,-0.0022361809045226,0.4120603015075377,-0.0029396984924623393,-0.0029396984924623393,0.31658291457286436,-0.003417085427135591,-0.003417085427135591,0.3405797101449275,0.08199019839085875,0.13937489086781907,0.29454545454545455,0.371859296482412,0.10619513608140951,0.15983926309343033,0.3232323232323232,0.3442028985507246,0.08561338679665587,0.14299807927361619,0.2981818181818182,17.0,0.0,0.0,26.0,0.0,0.0,36.0,0.0,0.0,0.00015705211999980976,0.0007028129632237019,4.770449422531836e-05,-0.022465040807546188,-0.024079489130002685,-0.020539135030642086,0.04710144927536232,0.2659812618881259,13,-0.6248564720153809
577,1,test,3.0244121175301393,1.45726321648881,1.9765576027114342,4.382971571393945,2.1118627361950133,2.8644230499187096,20.581901414848545,15.788937933229064,17.730374772577168,29.827247504940942,22.881295079706295,25.69482119448349,3.058859377597364,1.4528189012779373,1.9831393372344084,4.161713438907978,1.9766243554801868,2.698148758142052,21.30324434104449,16.32020269783903,18.371140967637587,28.98400590618298,22.204357412025892,24.99474961583345,3.0244121175301393,1.45726321648881,1.9765576027114342,4.382971571393945,2.1118627361950133,2.8644230499187096,20.581901414848545,15.788937933229064,17.730374772577168,29.827247504940942,22.881295079706295,25.69482119448349,0.6381909547738693,-0.0018090452261306789,-0.0018090452261306789,0.5125628140703518,-0.0024371859296482556,-0.0024371859296482556,0.371859296482412,-0.003140703517587995,-0.003140703517587995,0.3851851851851852,0.09128500034230169,0.1635103083378946,0.38661710037174724,0.36180904522613067,0.07358849384768451,0.143111215509937,0.3737373737373737,0.3851851851851852,0.09128500034230169,0.1635103083378946,0.38661710037174724,17.0,1.0,1.0,27.0,0.0,0.0,34.0,-1.0,-1.0,0.0005641260507316949,-0.00011176924513766743,-8.972705043819877e-05,-0.007196608351452305,-0.00502851511144442,-0.005522940935954956,0.037037037037037035,0.7248169909339597,10,-0.5087418556213379
913,1,test,2.2125218438475356,1.0619420481887745,1.4447981746859209,3.753385270812784,1.801508831748814,2.4509969034850445,9.138733817318224,5.9787092701534705,6.983878314692856,15.503209154379132,10.142453226153211,11.84765071242538,2.5026406240539836,1.174037363283092,1.6152766385108497,3.8800629830294318,1.820212966330375,2.504304865908294,12.214705858331953,8.438939915924237,9.785986791099063,18.93752846253016,13.083627776626724,15.172072544339633,2.2125218438475356,1.0619420481887745,1.4447981746859209,3.753385270812784,1.801508831748814,2.4509969034850445,9.138733817318224,5.9787092701534705,6.983878314692856,15.503209154379132,10.142453226153211,11.84765071242538,0.5628140703517588,-0.0021859296482411583,-0.0021859296482411583,0.44221105527638194,-0.0027889447236180143,-0.0027889447236180143,0.3316582914572864,-0.0033417085427135396,-0.0033417085427135396,0.352112676056338,0.09727963563454534,0.14719464326945275,0.32155477031802115,0.38190954773869346,0.11373912167353051,0.17656731067692388,0.36868686868686873,0.352112676056338,0.09727963563454534,0.14719464326945275,0.32155477031802115,18.0,0.0,0.0,28.0,0.0,0.0,36.0,0.0,0.0,0.000842476342974599,0.0003535339543853408,-0.00011677105336614879,-0.035643092051365954,-0.033678760006487174,-0.034044284126998114,0.04225352112676056,0.2456392477702253,12,-0.3798792362213135
958,1,test,2.6678915949806017,1.3032970450200854,1.7579076524823705,3.94236210213694,1.92589117480675,2.59767245462363,14.409555962247307,10.49542021851178,11.925273320555682,21.293101804085193,15.509155991686198,17.622059938655532,2.668068991799373,1.2772584105113307,1.7385700833132494,3.838948189639386,1.8377818856278143,2.501539688220503,14.412112398380033,10.394006663739527,11.878872923657683,20.736852371769835,14.955405271567667,17.091903487277246,2.6678915949806017,1.3032970450200854,1.7579076524823705,3.94236210213694,1.92589117480675,2.59767245462363,14.409555962247307,10.49542021851178,11.925273320555682,21.293101804085193,15.509155991686198,17.622059938655532,0.6381909547738693,-0.0018090452261306789,-0.0018090452261306789,0.49246231155778897,-0.002537688442211028,-0.002537688442211028,0.36180904522613067,-0.0031909547738693256,-0.0031909547738693256,0.4069264069264069,0.11750956027413906,0.1824659752717307,0.4043478260869565,0.4120603015075377,0.126346015793252,0.18835412454593503,0.40909090909090906,0.4069264069264069,0.11750956027413906,0.1824659752717307,0.4043478260869565,18.0,-6.0,-6.0,27.0,-9.0,-9.0,36.0,-10.0,-10.0,0.00041748877402527897,7.785192836218919e-05,-8.60740306579479e-05,8.695216395082639e-05,-7.889288760054569e-06,-3.900628491937397e-05,0.04329004329004329,-0.37034153828773836,10,-0.5445046424865723
283,1,test,2.5481689133879373,1.212982723693755,1.6507734522643442,4.128033639688459,1.9650320123838836,2.674252992668238,12.783674323618035,8.982970791245044,10.330469009112887,20.709552404261217,14.552412681816973,16.73535979476288,2.6229238785571436,1.2121681045222026,1.674880459169482,4.13058878512936,1.9089261488538627,2.637607022314145,13.775943943803535,9.67689175290155,11.19528848778577,21.69439991150163,15.239199610868585,17.630375571316176,2.5481689133879373,1.212982723693755,1.6507734522643442,4.128033639688459,1.9650320123838836,2.674252992668238,12.783674323618035,8.982970791245044,10.330469009112887,20.709552404261217,14.552412681816973,16.73535979476288,0.6381909547738693,-0.0018090452261306789,-0.0018090452261306789,0.4623115577889447,-0.002688442211055242,-0.002688442211055242,0.3517587939698492,-0.0032412060301507672,-0.0032412060301507672,0.3842975206611571,0.07914288148589932,0.1603964217600582,0.36929460580912865,0.37688442211055273,0.06610747975466302,0.14650044882173807,0.36868686868686873,0.3842975206611571,0.07914288148589932,0.1603964217600582,0.36929460580912865,18.0,-7.0,-7.0,27.0,-9.0,-9.0,37.0,-12.0,-12.0,0.0003350047014194524,0.0002199729453579477,3.07925446751822e-05,-0.007002570539358821,-0.006096544703874329,-0.005673109935096399,0.9545454545454546,0.3314880855557868,231,-0.21219182014465332
574,1,test,2.164383532808167,1.0431277078589736,1.4148967517015145,4.448063795771114,2.143750643710174,2.9077799385361836,8.709231306252317,5.640525764788059,6.593317495290913,17.898498983715392,11.591946650469948,13.550046191109672,2.3292330296281034,1.0865923010103273,1.49405950844055,4.196816269600186,1.9578239657843732,2.691999114307297,10.270061678597239,6.805310817083575,7.964847661538953,18.504615637112142,12.261821292042479,14.351076867637754,2.164383532808167,1.0431277078589736,1.4148967517015145,4.448063795771114,2.143750643710174,2.9077799385361836,8.709231306252317,5.640525764788059,6.593317495290913,17.898498983715392,11.591946650469948,13.550046191109672,0.5678391959798995,-0.0021608040201005485,-0.0021608040201005485,0.4170854271356784,-0.0029145728643216184,-0.0029145728643216184,0.27638190954773867,-0.0036180904522613577,-0.0036180904522613577,0.3769230769230769,0.11972538018603274,0.1710407239819004,0.277992277992278,0.35678391959798994,0.0936260248611478,0.14643333529081126,0.2828282828282829,0.3769230769230769,0.11972538018603274,0.1710407239819004,0.277992277992278,20.0,-7.0,-7.0,29.0,-6.0,-6.0,37.0,-5.0,-5.0,0.0004038410800359296,0.0005311258991457565,0.00045834116659430164,-0.026223924172004587,-0.028342770932161088,-0.026830237087329678,0.9576923076923077,0.22993921799976638,249,-0.2811410427093506
456,1,test,3.067510147850427,1.477369224653286,2.0046266087328,5.151843966261614,2.481222672174108,3.3667446890256003,21.488333239982335,16.58389321098384,18.593627275720923,36.08938018509854,27.852436033831843,31.227758629736428,3.1401600033295196,1.514029161669265,2.052352308467195,4.945133863511054,2.3842978923925426,3.2320508794758966,23.107563850101933,18.02339867673363,20.139803151608568,36.38986433086919,28.383305002730133,31.716225435604045,3.067510147850427,1.477369224653286,2.0046266087328,5.151843966261614,2.481222672174108,3.3667446890256003,21.488333239982335,16.58389321098384,18.593627275720923,36.08938018509854,27.852436033831843,31.227758629736428,0.6884422110552764,-0.0015577889447235815,-0.0015577889447235815,0.5628140703517588,-0.0021859296482411583,-0.0021859296482411583,0.44221105527638194,-0.0027889447236180143,-0.0027889447236180143,0.4252873563218391,0.12318410584382766,0.19598799326451433,0.35769230769230764,0.42211055276381915,0.11383987607208979,0.18504878314779238,0.3434343434343434,0.4252873563218391,0.12318410584382766,0.19598799326451433,0.35769230769230764,20.0,0.0,0.0,31.0,1.0,1.0,43.0,0.0,0.0,0.00019636221591548485,0.00017765673247669943,0.00016964494783791668,-0.00012094549186336678,-0.00017278787436758591,9.286739145242251e-05,0.9578544061302682,-0.46171302339527887,250,-0.40450596809387207
862,1,test,2.491699695744774,1.174735508951273,1.6118323676680641,4.192929143184309,1.9767963047180044,2.7123248118000527,12.081794052324302,8.349719770572097,9.671214183390806,20.33074309494572,14.050562924273045,16.274319039636943,2.444837527567212,1.1407385382547832,1.5725170503168577,3.943286334785826,1.8399008681528763,2.5363178230917063,11.52867635457354,7.844308411733498,9.136220297443861,18.594639281570224,12.65211034150564,14.735839189425581,2.491699695744774,1.174735508951273,1.6118323676680641,4.192929143184309,1.9767963047180044,2.7123248118000527,12.081794052324302,8.349719770572097,9.671214183390806,20.33074309494572,14.050562924273045,16.274319039636943,0.6130653266331658,-0.001934673366834172,-0.001934673366834172,0.42211055276381915,-0.0028894472361808976,-0.0028894472361808976,0.31658291457286436,-0.003417085427135591,-0.003417085427135591,0.3868312757201646,0.0973035549809449,0.1583771033535436,0.3553719008264463,0.3869346733668342,0.10372665331670883,0.16155904732342852,0.3434343434343434,0.3868312757201646,0.0973035549809449,0.1583771033535436,0.3553719008264463,18.0,0.0,0.0,27.0,0.0,0.0,34.0,0.0,0.0,-3.371626063383347e-05,3.8064668301147535e-05,-9.774551813818854e-05,-0.007009500461218288,-0.006102041323394758,-0.005677640511048132,0.04526748971193416,0.25009124153853834,11,-0.46974611282348633
639,1,test,3.125585077018979,1.506969496404607,2.0438471646786214,5.175481783375582,2.4953066336569787,3.384292383071743,22.773215281388246,17.72711572083034,19.823413685849573,37.70889543346755,29.353340966309986,32.824483700595074,3.2266322105093224,1.5370644633071098,2.0968154898384848,5.002530558929182,2.3830456795459067,3.25087672843176,25.194663608098185,19.777524982442657,22.09957442582973,39.0614939660437,30.662829430143656,34.26290608655772,3.125585077018979,1.506969496404607,2.0438471646786214,5.175481783375582,2.4953066336569787,3.384292383071743,22.773215281388246,17.72711572083034,19.823413685849573,37.70889543346755,29.353340966309986,32.824483700595074,0.7185929648241206,-0.0014070351758793676,-0.0014070351758793676,0.5879396984924623,-0.002060301507537776,-0.002060301507537776,0.44221105527638194,-0.0027889447236180143,-0.0027889447236180143,0.40944881889763785,0.09707160868152787,0.17384672465680018,0.37154150197628455,0.4321608040201005,0.10885253334340872,0.18842123807686173,0.38888888888888884,0.40944881889763785,0.09707160868152787,0.17384672465680018,0.37154150197628455,23.0,-9.0,-9.0,33.0,-5.0,-5.0,44.0,-11.0,-11.0,1.3358220321539445e-05,6.170322490907852e-05,0.00032226663033174566,-7.243603883999583e-05,-0.00013431153772813786,0.00011739929023413254,0.9566929133858267,0.44928258266152776,243,-0.48555922508239746
466,1,test,2.5603489858120714,1.217840028784238,1.6624461051966606,4.099699909797243,1.950038328298688,2.6619535794866778,12.940332520079084,9.111695168428993,10.485882085507544,20.720409740740127,14.58989226355808,16.790277449800424,2.520151886052976,1.17771574484711,1.6227744707893,3.968743127642482,1.8546704643261571,2.5555503476996844,12.430484537436032,8.602125961011968,9.977323492730893,19.575566200686662,13.54665505671176,15.71232046099353,2.5603489858120714,1.217840028784238,1.6624461051966606,4.099699909797243,1.950038328298688,2.6619535794866778,12.940332520079084,9.111695168428993,10.485882085507544,20.720409740740127,14.58989226355808,16.790277449800424,0.5979899497487438,-0.0020100502512562235,-0.0020100502512562235,0.4371859296482412,-0.002814070351758735,-0.002814070351758735,0.3467336683417085,-0.003266331658291488,-0.003266331658291488,0.3884615384615384,0.11974752694522361,0.17618532362777883,0.359073359073359,0.4120603015075377,0.13386481278573314,0.20004026811855602,0.36363636363636365,0.3884615384615384,0.11974752694522361,0.17618532362777883,0.359073359073359,18.0,-5.0,-5.0,32.0,-10.0,-10.0,39.0,-8.0,-8.0,0.0002694133307819493,-9.731326455581625e-05,0.00015344882919810228,-0.00011401557000390028,-0.0001672912548489336,9.637194842149199e-05,0.9538461538461539,-0.45361560088670333,248,-0.27669620513916016
658,1,test,2.387678362028657,1.1482309484540614,1.5602729236018908,3.658539425689071,1.759386130695739,2.390740770035155,10.88818615023758,7.434481683075321,8.600809854299627,16.683511036654355,11.391544514389603,13.178660260620395,2.596480504787046,1.211132138498563,1.6700122013493366,3.904481962085783,1.8212513360880642,2.5112965433824606,13.416435762327312,9.420217952404752,10.890861914335243,20.175091371920768,14.165741281811654,16.377235961406377,2.387678362028657,1.1482309484540614,1.5602729236018908,3.658539425689071,1.759386130695739,2.390740770035155,10.88818615023758,7.434481683075321,8.600809854299627,16.683511036654355,11.391544514389603,13.178660260620395,0.6030150753768844,-0.0019849246231156137,-0.0019849246231156137,0.46733668341708545,-0.002663316582914521,-0.002663316582914521,0.3517587939698492,-0.0032412060301507672,-0.0032412060301507672,0.3943661971830986,0.1325032797841531,0.19179008477092063,0.3356890459363958,0.40201005025125625,0.1288270928577725,0.18665111869866857,0.3535353535353535,0.3943661971830986,0.1325032797841531,0.19179008477092063,0.3356890459363958,20.0,-5.0,-5.0,32.0,-4.0,-4.0,38.0,-5.0,-5.0,0.00035839876023916,0.00040247910885019277,0.00020346648896124906,-0.009615596071554933,-0.008314441768424885,-0.008980287266042275,0.035211267605633804,0.822138673432096,10,-0.8291749954223633
777,1,test,2.7838137862110024,1.324914353772365,1.807945478664028,4.715439678683943,2.2442426808797205,3.0624382597778435,16.180612822320146,11.879389686514305,13.527142583116259,27.407976821481064,20.122231509809943,22.913323150992845,2.932264180656232,1.398465412329559,1.9072616597402337,4.617738867175169,2.2023077359520618,3.0035616688822584,18.770081275361147,14.134327705362587,15.982978788752904,29.559183110804955,22.25878378797258,25.17004533661875,2.7838137862110024,1.324914353772365,1.807945478664028,4.715439678683943,2.2442426808797205,3.0624382597778435,16.180612822320146,11.879389686514305,13.527142583116259,27.407976821481064,20.122231509809943,22.913323150992845,0.7085427135678393,-0.0014572864321606982,-0.0014572864321606982,0.542713567839196,-0.0022864321608039306,-0.0022864321608039306,0.3869346733668342,-0.0030653266331658324,-0.0030653266331658324,0.4032258064516129,0.10543908612968134,0.16461990832828843,0.3522267206477733,0.39698492462311563,0.09623304492386753,0.15825370592528587,0.35858585858585856,0.4032258064516129,0.10543908612968134,0.16461990832828843,0.3522267206477733,16.0,0.0,0.0,30.0,0.0,0.0,37.0,0.0,0.0,0.0001334665832072894,0.00032760698426750374,0.00021422339696896482,-3.085650767697956e-05,-0.00010133182060556578,-0.00011602607612637428,0.9475806451612904,0.3484229517586961,235,-0.29558825492858887
739,1,test,2.5022245317519247,1.2033560883482672,1.6326202840116877,3.9250580890226274,1.8876173934874783,2.5609729945281376,12.209624470488885,8.544477471482601,9.823658055434587,19.152352110570803,13.40310191605114,15.409659694799355,2.414350340510812,1.1412309523376,1.5598450581220593,3.6581065765315333,1.729137806572121,2.363401603215241,11.182503177909794,7.610525591571669,8.832291775954875,16.943186633196657,11.531099381169195,13.382260266598296,2.5022245317519247,1.2033560883482672,1.6326202840116877,3.9250580890226274,1.8876173934874783,2.5609729945281376,12.209624470488885,8.544477471482601,9.823658055434587,19.152352110570803,13.40310191605114,15.409659694799355,0.6080402010050252,-0.001959798994974782,-0.001959798994974782,0.4371859296482412,-0.002814070351758735,-0.002814070351758735,0.31658291457286436,-0.003417085427135591,-0.003417085427135591,0.38912133891213385,0.09684576479939899,0.16380840428070131,0.365546218487395,0.37688442211055273,0.10119519905290864,0.15651714331255606,0.33838383838383834,0.38912133891213385,0.09684576479939899,0.16380840428070131,0.365546218487395,17.0,-6.0,-6.0,30.0,-17.0,-17.0,38.0,-17.0,-17.0,-0.00020788558625774547,1.924313018937392e-05,-3.5937300252285164e-05,3.151278906887711e-05,-5.1862244922595835e-05,-7.525089254567519e-05,0.04184100418410042,0.45433145140639775,10,-0.36753273010253906
27,1,test,3.211330306881798,1.547687382024098,2.096855887840448,5.16040361452682,2.4870352150445045,3.3695140856626855,24.812071949220556,19.533566890250484,21.76410614387948,39.87142197620413,31.389199973928527,34.973534728315,3.2244141541635525,1.532690361557492,2.0859374682098073,4.999091711881476,2.376264126445724,3.2340115786198567,25.138842354830885,19.71001153241526,22.016833413845585,38.9749493873347,30.558157414597297,34.134625447822614,3.211330306881798,1.547687382024098,2.096855887840448,5.16040361452682,2.4870352150445045,3.3695140856626855,24.812071949220556,19.533566890250484,21.76410614387948,39.87142197620413,31.389199973928527,34.973534728315,0.7236180904522613,-0.0013819095477386467,-0.0013819095477386467,0.5326633165829145,-0.0023366834170853723,-0.0023366834170853723,0.4321608040201005,-0.002839195979899567,-0.002839195979899567,0.4043321299638989,0.09566787003610111,0.16125150421179302,0.3695652173913043,0.4120603015075377,0.10050251256281406,0.16917922948073705,0.36363636363636365,0.4043321299638989,0.09566787003610111,0.16125150421179302,0.3695652173913043,20.0,-1.0,-1.0,32.0,-7.0,-7.0,38.0,-6.0,-6.0,2.7372912554714982e-05,0.00028184001481112205,0.00017602827942208289,-0.00023182424163081805,0.0001888633816387042,3.6794479953528025e-05,0.036101083032490974,0.7499838339375797,10,-0.26179051399230957
249,1,test,2.707878734167938,1.2870215555514053,1.7593994511838627,4.553375705862011,2.1641636348125544,2.958480605812355,14.997428216480138,10.856760004733639,12.415647701525906,25.218605408603544,18.25595312897886,20.877267472629548,2.6654765864400702,1.2487333802626048,1.719731122558029,4.369633748262411,2.0471039020698445,2.8192313484557854,14.374798747910724,10.25113013914142,11.800066714818461,23.565243849033973,16.805131375641672,19.34437166363682,2.707878734167938,1.2870215555514053,1.7593994511838627,4.553375705862011,2.1641636348125544,2.958480605812355,14.997428216480138,10.856760004733639,12.415647701525906,25.218605408603544,18.25595312897886,20.877267472629548,0.6432160804020101,-0.001783919597989958,-0.001783919597989958,0.4773869346733668,-0.0026130653266331905,-0.0026130653266331905,0.3668341708542714,-0.0031658291457286047,-0.0031658291457286047,0.3992395437262357,0.09183916421959437,0.16915104815101445,0.39312977099236646,0.4120603015075377,0.10880215614412914,0.18668467546413203,0.3939393939393939,0.3992395437262357,0.09183916421959437,0.16915104815101445,0.39312977099236646,21.0,-5.0,-5.0,32.0,-7.0,-7.0,36.0,-3.0,-3.0,-0.0002282718436466686,0.00012143471044217334,0.00017229698644470753,-0.00013480533558407615,-0.00018378111340844328,8.585827751517172e-05,0.04182509505703422,-0.2828211601253474,11,-0.47826552391052246
292,1,test,3.16774222529476,1.5465284017288685,2.086566516242454,5.00169825046541,2.4418869500982137,3.2945787098565065,23.753793054692622,18.694565453985412,20.80564938122177,37.50598903372519,29.517734927345384,32.851025338771215,3.265489263761901,1.598112993080934,2.1535954278628413,4.873864572778956,2.3852432732551248,3.214321534123643,26.192923104409175,20.89467472924222,23.152812688141974,39.09391508120772,31.186081685436143,34.556436847973096,3.16774222529476,1.5465284017288685,2.086566516242454,5.00169825046541,2.4418869500982137,3.2945787098565065,23.753793054692622,18.694565453985412,20.80564938122177,37.50598903372519,29.517734927345384,32.851025338771215,0.7135678391959799,-0.0014321608040201994,-0.0014321608040201994,0.5577889447236181,-0.00221105527638199,-0.00221105527638199,0.4321608040201005,-0.002839195979899567,-0.002839195979899567,0.3940520446096655,0.08421902049092711,0.16661075907196465,0.3694029850746269,0.4120603015075377,0.10629589047996879,0.18000687913692004,0.3787878787878788,0.3940520446096655,0.08421902049092711,0.16661075907196465,0.3694029850746269,17.0,0.0,0.0,29.0,0.0,0.0,38.0,1.0,1.0,0.00044946477009772415,0.00032052481180827244,9.199264603948686e-05,-0.00017638486674709242,0.00021985158203818855,6.483093570341936e-05,0.05204460966542751,0.30076630705229257,14,-0.257091760635376
477,1,test,2.474027815616137,1.1754045822162293,1.6058895149166192,4.32058480843108,2.0526993066239947,2.8044882108326465,11.870161516124302,8.205913137647514,9.487690239005932,20.72977482163737,14.330616421543848,16.56908222898862,2.521294616830556,1.1975420627926965,1.637174541867725,4.066604220694446,1.9315194561172526,2.6406040997866533,12.444697353861944,8.687202195800126,10.023844069262474,20.07209250622894,14.011616444838912,16.16749043429431,2.474027815616137,1.1754045822162293,1.6058895149166192,4.32058480843108,2.0526993066239947,2.8044882108326465,11.870161516124302,8.205913137647514,9.487690239005932,20.72977482163737,14.330616421543848,16.56908222898862,0.6633165829145728,-0.0016834170854271857,-0.0016834170854271857,0.49246231155778897,-0.002537688442211028,-0.002537688442211028,0.35678391959798994,-0.0032160804020100464,-0.0032160804020100464,0.4208333333333333,0.1152200277200277,0.18953139427516152,0.39748953974895396,0.42211055276381915,0.12135867306457104,0.1883876813113985,0.3939393939393939,0.4208333333333333,0.1152200277200277,0.18953139427516152,0.39748953974895396,22.0,-10.0,-10.0,34.0,-14.0,-14.0,46.0,-19.0,-19.0,0.00033076178651085167,2.8716115032573505e-05,-2.3038758624109697e-05,2.4582867206746073e-05,-5.7358864443912694e-05,-7.978146849918488e-05,0.041666666666666664,0.2133847369293505,10,-0.36031222343444824
265,1,test,2.993809455743883,1.4503263576231933,1.958777139635684,4.968449735064317,2.406924593502321,3.2507365296081567,19.961580592395542,15.28071476757982,17.14638338202381,33.127729493762814,25.359484082366507,28.45570008080547,2.8520345835169616,1.3333983052948557,1.8310068706357712,4.637454607344653,2.168127325682692,2.9772469441232046,17.322991082471088,12.75699688076459,14.546944805508474,28.167465174749736,20.74308435896681,23.653568789444673,2.993809455743883,1.4503263576231933,1.958777139635684,4.968449735064317,2.406924593502321,3.2507365296081567,19.961580592395542,15.28071476757982,17.14638338202381,33.127729493762814,25.359484082366507,28.45570008080547,0.6834170854271358,-0.0015829145728643024,-0.0015829145728643024,0.5175879396984925,-0.002412060301507535,-0.002412060301507535,0.35678391959798994,-0.0032160804020100464,-0.0032160804020100464,0.3862660944206009,0.08862155480603984,0.15374113008393897,0.35344827586206895,0.37688442211055273,0.08365133940378577,0.13982265249452597,0.31818181818181823,0.3862660944206009,0.08862155480603984,0.15374113008393897,0.35344827586206895,19.0,-2.0,-2.0,30.0,0.0,0.0,41.0,-4.0,-4.0,0.0002931161761464514,4.72913254720629e-05,-7.886780691545712e-05,7.309232023011702e-05,-1.888252780091193e-05,-4.806743682639336e-05,0.9313304721030042,-0.38236752276439256,217,-0.5153303146362305
819,1,test,2.3669764124234547,1.116945017742063,1.5326824194384863,4.076459376951505,1.9236275305557755,2.639619722366282,10.665096630671762,7.174644093284719,8.361909222993777,18.367666419490256,12.356331493990348,14.401065884044836,2.356504593013222,1.0920924623135884,1.511465686879982,3.9275076550220365,1.8201541038559808,2.5191094781333034,10.553996390846553,7.0129859180761684,8.225928001899348,17.589993984744257,11.688309863460283,13.709880003165582,2.3669764124234547,1.116945017742063,1.5326824194384863,4.076459376951505,1.9236275305557755,2.639619722366282,10.665096630671762,7.174644093284719,8.361909222993777,18.367666419490256,12.356331493990348,14.401065884044836,0.6582914572864322,-0.0017085427135676845,-0.0017085427135676845,0.44723618090452266,-0.0027638190954772934,-0.0027638190954772934,0.29648241206030146,-0.0035175879396985854,-0.0035175879396985854,0.368421052631579,0.07145135566188199,0.1355812141389814,0.3414634146341463,0.3668341708542714,0.07109482248334409,0.12643350307463863,0.33333333333333337,0.368421052631579,0.07145135566188199,0.1355812141389814,0.3414634146341463,19.0,0.0,0.0,25.0,0.0,0.0,35.0,0.0,0.0,0.00037876152046016355,4.433007428187823e-05,8.479766227393928e-05,-2.39265858157367e-05,-9.583520108336074e-05,-0.00011149550017286458,0.044534412955465584,0.40553099872055026,11,-0.5907022953033447
247,1,test,1.6551267794447448,0.7675140940047216,1.0597101316831345,4.017572695404338,1.8630256640798373,2.5722878410086345,5.233743411202404,2.8044202466715658,3.419956913568565,12.704129305824639,6.8073106842284155,8.301433875670703,2.353634312667283,1.0952005231300204,1.507645298195239,4.023306517379972,1.8721376463761032,2.577171449906392,10.523746895468388,7.00384263842233,8.19346553821819,17.989310932424598,11.97238057849971,14.005923996954174,1.6551267794447448,0.7675140940047216,1.0597101316831345,4.017572695404338,1.8630256640798373,2.5722878410086345,5.233743411202404,2.8044202466715658,3.419956913568565,12.704129305824639,6.8073106842284155,8.301433875670703,0.5628140703517588,-0.0021859296482411583,-0.0021859296482411583,0.40201005025125625,-0.002989949748743781,-0.002989949748743781,0.29648241206030146,-0.0035175879396985854,-0.0035175879396985854,0.32155477031802115,0.11167822710814457,0.17114348947195768,0.2021276595744681,0.36180904522613067,0.09113235349680737,0.1598057063279671,0.28787878787878785,0.32155477031802115,0.11167822710814457,0.17114348947195768,0.2021276595744681,18.0,-9.0,-9.0,31.0,-19.0,-19.0,36.0,-20.0,-20.0,0.0023636245598837244,0.0012159392971226328,0.00010640630831059992,-0.0212383115016328,-0.023941425113910064,-0.020444312166625345,0.038869257950530034,-0.19029588641901352,11,-0.45412755012512207
858,1,test,2.363095780103782,1.124570324423781,1.5356519935791784,4.185696248800848,1.991925095920846,2.720064435435459,10.623789512700895,7.173267748253343,8.336325498551052,18.817669721964883,12.705841277491293,14.765938250093086,2.483485038511013,1.1889636743459064,1.6182175809389503,4.084409278212328,1.9554030677259129,2.6613661041888523,11.982952784803839,8.333703890028094,9.607311400511453,19.70750086095838,13.705843587732154,15.800454286791561,2.4161150955500075,1.1356085306757224,1.5599031314734126,4.141911592371441,1.946757481158381,2.6741196539544214,11.202254980163922,7.603792861703066,8.848029090695004,19.20386568028101,13.035073477205255,15.168049869762864,0.5909090909090908,-0.004090909090909145,-0.004090909090909145,0.4545454545454546,-0.005454545454545379,-0.005454545454545379,0.3535353535353535,-0.006464646464646506,-0.006464646464646506,0.37951807228915657,0.1148564181538182,0.18011927469396616,0.34441087613293053,0.4040404040404041,0.1244434267104293,0.19095315571825644,0.35532994923857864,0.37792642140468224,0.11415346647980751,0.1743669108373852,0.34563758389261745,16.0,0.0,0.0,25.0,0.0,0.0,34.0,0.0,0.0,0.0006721243038225222,0.00024258378908068783,0.0002172158352314468,-0.03417895626458822,-0.030904540789070012,-0.03523018117043453,0.9668674698795181,0.5637471864533511,321,-0.5978083610534668
228,1,test,2.5739792772722816,1.230245675340715,1.6754360516379443,4.154207061420454,1.985523083619508,2.7040265390359224,13.117920562889399,9.284591617836744,10.661897929886885,21.17132749073922,14.984625712331455,17.207493494437696,2.658282561940979,1.266795792363273,1.729316092658041,3.9675859133447444,1.8907399886019003,2.5810687950120013,14.271757179732324,10.250933530239887,11.739866142005159,21.301130119003467,15.299900791402814,17.52218827164949,2.5739792772722816,1.230245675340715,1.6754360516379443,4.154207061420454,1.985523083619508,2.7040265390359224,13.117920562889399,9.284591617836744,10.661897929886885,21.17132749073922,14.984625712331455,17.207493494437696,0.6331658291457287,-0.0018341708542712887,-0.0018341708542712887,0.4623115577889447,-0.002688442211055242,-0.002688442211055242,0.36180904522613067,-0.0031909547738693256,-0.0031909547738693256,0.38976377952755903,0.10096220781832521,0.16725069052232344,0.32806324110671936,0.40201005025125625,0.10877696754448929,0.18164277145325958,0.33333333333333337,0.38976377952755903,0.10096220781832521,0.16725069052232344,0.32806324110671936,20.0,-7.0,-7.0,33.0,-10.0,-10.0,40.0,-9.0,-9.0,0.0004603651304480862,-5.664899287581636e-06,0.00021588817339373336,-7.243603883999583e-05,-0.00013431153772813786,0.00011739929023413254,0.04330708661417323,0.6224241418837224,11,-0.7442364692687988
696,1,test,2.8662182946569836,1.398923611609131,1.8875247659000012,4.299327441985476,2.0983854174136964,2.831287148850002,17.570446151151085,13.232961168526568,14.90946867173362,26.35566922672663,19.849441752789854,22.36420300760043,2.9747722958639877,1.434762611131951,1.9449764869232844,4.160520693516067,2.006660994590141,2.7202468348577407,19.58516311917348,14.920527672659762,16.784669178684517,27.39183653031256,20.867870870852812,23.475061788369956,2.8662182946569836,1.398923611609131,1.8875247659000012,4.299327441985476,2.0983854174136964,2.831287148850002,17.570446151151085,13.232961168526568,14.90946867173362,26.35566922672663,19.849441752789854,22.36420300760043,0.6331658291457287,-0.0018341708542712887,-0.0018341708542712887,0.5125628140703518,-0.0024371859296482556,-0.0024371859296482556,0.3919597989949749,-0.0030402010050251116,-0.0030402010050251116,0.3927272727272727,0.09327173733707306,0.17749148070792564,0.36496350364963503,0.40201005025125625,0.10376443621616849,0.18498166961686557,0.38888888888888884,0.3927272727272727,0.09327173733707306,0.17749148070792564,0.36496350364963503,22.0,0.0,0.0,34.0,0.0,0.0,40.0,2.0,2.0,0.0002690113061277386,0.00013159219508644172,2.8790190115571683e-05,-0.0002179643979092205,0.00019661043173790915,4.380359388900246e-05,0.96,-0.5167675687232532,264,-0.5125741958618164
655,1,test,2.3543209231033164,1.1189822482673477,1.5296856507192933,4.311527473634989,2.049220502851046,2.8013520350521994,10.530975091106301,7.091431880905299,8.249926438951928,19.285641130700697,12.986718625272356,15.108299020731241,2.4529986455360526,1.148996676744773,1.5818688067480622,3.9886156837984594,1.8682872792597935,2.5721444012163612,11.623148215982114,7.9391377151001095,9.233539013929681,18.899427993466855,12.909167016422943,15.013884575495418,2.362689467686034,1.1204814543803019,1.5325258563728168,4.321992928693965,2.049661197037138,2.8034009567795435,10.619473811919127,7.156221876828061,8.325779828068013,19.425866729120354,13.090649774685478,15.230085051343927,0.5678391959798995,-0.0021608040201005485,-0.0021608040201005485,0.44723618090452266,-0.0027638190954772934,-0.0027638190954772934,0.35678391959798994,-0.0032160804020100464,-0.0032160804020100464,0.3729372937293729,0.1093458604509544,0.174254527538374,0.3509933774834437,0.3869346733668342,0.11625798163751089,0.1815924363050646,0.36363636363636365,0.3712374581939799,0.10913395235090817,0.17323968288808445,0.3489932885906041,16.0,-4.0,-4.0,30.0,-13.0,-13.0,38.0,-16.0,-16.0,0.0003661761728750079,5.718755664168442e-05,-4.13051716216161e-05,-0.04443165671467586,-0.039862699633929743,-0.04483266720503831,0.033003300330033,0.6856786075788256,10,-0.6139190196990967
876,1,test,2.7277102318242465,1.313954200271603,1.784037930476848,4.472176077758358,2.154273746956931,2.9249924208980884,15.297818427961655,11.1864495575424,12.728418703575972,25.081306957472016,18.34057427457533,20.868686479118743,2.892795459973543,1.3513198912041469,1.8643534113640634,4.416481618280218,2.06308380336511,2.8463410860520053,18.043679549117428,13.372201273791134,15.246974241204079,27.547602365064776,20.41557446380326,23.27782326901386,2.7277102318242465,1.313954200271603,1.784037930476848,4.472176077758358,2.154273746956931,2.9249924208980884,15.297818427961655,11.1864495575424,12.728418703575972,25.081306957472016,18.34057427457533,20.868686479118743,0.6582914572864322,-0.0017085427135676845,-0.0017085427135676845,0.5025125628140703,-0.0024874371859296973,-0.0024874371859296973,0.42211055276381915,-0.0028894472361808976,-0.0028894472361808976,0.39857651245551606,0.10372748936492993,0.17372444144959887,0.3571428571428571,0.42211055276381915,0.11634614173625024,0.1917265794750045,0.3787878787878788,0.39857651245551606,0.10372748936492993,0.17372444144959887,0.3571428571428571,20.0,0.0,0.0,30.0,0.0,0.0,40.0,0.0,0.0,0.0006003213603235768,0.0002662658795810685,0.00023597169138102884,-0.00025954392907312496,0.0001733692814402943,2.277625207813827e-05,0.042704626334519574,0.7131269142589345,12,-0.46762847900390625
294,1,test,2.681496258070099,1.2761162848595153,1.7430012415973444,4.515293699072877,2.148815163537636,2.9349891874639153,14.60693269404129,10.529857067544253,12.05080110788301,24.596189891256625,17.73092061051,20.291994123596552,2.963174989241223,1.4068450307672142,1.9230987483818092,4.558730752678804,2.1643769704110984,2.958613459048937,19.35933997837545,14.61795179522386,16.529907253864387,29.783599966731458,22.489156608036705,25.43062654440675,2.681496258070099,1.2761162848595153,1.7430012415973444,4.515293699072877,2.148815163537636,2.9349891874639153,14.60693269404129,10.529857067544253,12.05080110788301,24.596189891256625,17.73092061051,20.291994123596552,0.6030150753768844,-0.0019849246231156137,-0.0019849246231156137,0.507537688442211,-0.0024623115577889765,-0.0024623115577889765,0.3668341708542714,-0.0031658291457286047,-0.0031658291457286047,0.36923076923076925,0.10243614351099961,0.17485736769624238,0.2857142857142857,0.37688442211055273,0.08365133940378577,0.16653383780337405,0.30808080808080807,0.36923076923076925,0.10243614351099961,0.17485736769624238,0.2857142857142857,18.0,-2.0,-2.0,31.0,-3.0,-3.0,35.0,-2.0,-2.0,0.0003604477827954783,0.0008377255632370879,0.0007295357334043974,-0.017174200268073925,-0.019369077145119817,-0.019558234294974497,0.038461538461538464,-0.42591652483755965,10,-0.3617563247680664
22,1,test,3.3178095208763567,1.5965281875405275,2.169292435722821,4.700230154574839,2.261748265682414,3.073164283940663,27.599827449569148,22.008138756466632,24.44631440025834,39.09975555355629,31.178196571661065,34.632278733699316,3.3178095208763567,1.5965281875405275,2.169292435722821,4.700230154574839,2.261748265682414,3.073164283940663,27.599827449569148,22.008138756466632,24.44631440025834,39.09975555355629,31.178196571661065,34.632278733699316,3.3178095208763567,1.5965281875405275,2.169292435722821,4.700230154574839,2.261748265682414,3.073164283940663,27.599827449569148,22.008138756466632,24.44631440025834,39.09975555355629,31.178196571661065,34.632278733699316,0.6842105263157895,0.13921052631578956,0.13921052631578956,0.5460526315789473,0.1160526315789473,0.1160526315789473,0.4276315789473685,0.09263157894736851,0.09263157894736851,0.42105263157894735,0.11613459879206212,0.18742817743047568,0.36423841059602646,0.42105263157894735,0.11613459879206212,0.18742817743047568,0.36423841059602646,0.42105263157894735,0.11613459879206212,0.18742817743047568,0.36423841059602646,14.0,0.0,0.0,24.0,2.0,2.0,28.0,4.0,4.0,0.0006979770025069004,0.0001352212525303985,6.244941667928503e-05,0.00019303934003112033,-6.19156719867675e-05,8.529354732722538e-06,0.9210526315789473,-0.4834918401132939,140,-0.367764949798584
210,1,test,2.6682086886573098,1.2758073336841707,1.7365311774387786,4.640362936795322,2.2187953629289927,3.020054221632659,14.414125865832581,10.389623147597886,11.875361452530871,25.068044984056666,18.06890982190937,20.65280252614065,2.7192189645480793,1.3073213458743502,1.7736697465660831,4.688308559565654,2.2540023204730177,3.058051287182902,15.168470504026402,11.064735159147823,12.59424370196297,26.15253535176966,19.077129584737627,21.7142132792465,2.6682086886573098,1.2758073336841707,1.7365311774387786,4.640362936795322,2.2187953629289927,3.020054221632659,14.414125865832581,10.389623147597886,11.875361452530871,25.068044984056666,18.06890982190937,20.65280252614065,0.6783919597989949,-0.0016080402010050232,-0.0016080402010050232,0.4723618090452262,-0.0026381909547738003,-0.0026381909547738003,0.36180904522613067,-0.0031909547738693256,-0.0031909547738693256,0.38912133891213385,0.08368200836820083,0.15481171548117156,0.3445378151260504,0.4120603015075377,0.1080402010050251,0.17420435510887777,0.35858585858585856,0.38912133891213385,0.08368200836820083,0.15481171548117156,0.3445378151260504,16.0,0.0,0.0,28.0,-1.0,-1.0,34.0,1.0,1.0,0.0002514120981401126,7.43567408724067e-05,4.7930958107306976e-05,3.151278906887711e-05,-5.1862244922595835e-05,-7.525089254567519e-05,0.9539748953974896,0.273148442781892,228,-0.10895228385925293
89,1,test,2.0418369353778227,0.9529878820562321,1.3128444165934239,3.096412055847687,1.4451904145468133,1.990906917471346,7.704749334274781,4.7338965233536765,5.631758278564828,11.684125364065052,7.1788760464044765,8.540468598263145,2.005043164051766,0.8832307019795456,1.2513697790956901,2.8240044564109383,1.2439869041965432,1.7624926466136481,7.426414443977213,4.3560002715893535,5.301623570704334,10.459738653489032,6.135211650125849,7.467075451696244,2.0418369353778227,0.9529878820562321,1.3128444165934239,3.096412055847687,1.4451904145468133,1.990906917471346,7.704749334274781,4.7338965233536765,5.631758278564828,11.684125364065052,7.1788760464044765,8.540468598263145,0.457286432160804,-0.0027135678391959628,-0.0027135678391959628,0.3316582914572864,-0.0033417085427135396,-0.0033417085427135396,0.24623115577889443,-0.0037688442211055717,-0.0037688442211055717,0.3563636363636363,0.09502062365946207,0.15805650214356382,0.36861313868613144,0.3316582914572864,0.08604425636956714,0.14801889245895583,0.3434343434343434,0.3563636363636363,0.09502062365946207,0.15805650214356382,0.36861313868613144,19.0,-5.0,-5.0,27.0,-7.0,-7.0,34.0,-8.0,-8.0,0.00013704765654358708,-0.0005065079518716302,-0.00026482862788036016,-0.05906330558584294,-0.050080575072263045,-0.05359732088312974,0.03636363636363636,0.7253695606254844,10,-0.8710367679595947
661,1,test,3.1132447075534064,1.4960579368717863,2.034049193145607,4.72233747774955,2.2693013649178786,3.085355517692775,22.493912286428056,17.455017494695593,19.551600734996505,34.11997931087402,26.476711930156238,29.65692246319695,3.2925815302598913,1.5739512835175327,2.144362934329898,4.771857290231727,2.281088816692077,3.1077723685940555,26.912248842133703,21.33536456739204,23.759676942015982,39.003259191498124,30.920818213611653,34.43431440871882,3.1132447075534064,1.4960579368717863,2.034049193145607,4.72233747774955,2.2693013649178786,3.085355517692775,22.493912286428056,17.455017494695593,19.551600734996505,34.11997931087402,26.476711930156238,29.65692246319695,0.7085427135678393,-0.0014572864321606982,-0.0014572864321606982,0.5628140703517588,-0.0021859296482411583,-0.0021859296482411583,0.44221105527638194,-0.0027889447236180143,-0.0027889447236180143,0.4163568773234201,0.11023442834382824,0.18273512207002085,0.41417910447761197,0.40703517587939697,0.10127076485182807,0.17498175350877931,0.4242424242424242,0.4163568773234201,0.11023442834382824,0.18273512207002085,0.41417910447761197,23.0,0.0,0.0,32.0,0.0,0.0,40.0,1.0,1.0,0.00024761103658950704,0.00012026513608889321,-9.862710065905892e-05,-0.00017638486674709242,0.00021985158203818855,6.483093570341936e-05,0.040892193308550186,0.44106775748099886,11,-0.2686951160430908
148,1,test,3.0858878850471227,1.4941257832691177,2.0195024533920174,4.849252390788336,2.347911945137185,3.1735038553303125,21.886891260952236,16.974493810369705,18.982030577486167,34.393686267210654,26.67420455915239,29.828905193192547,3.0160883338817737,1.4600671135004812,1.9675521479317686,4.6761059440027495,2.2636699434115983,3.0504684464058425,20.411293158559943,15.671368596603415,17.557822050228502,31.645415749705336,24.296695498609942,27.221429535237988,3.0858878850471227,1.4941257832691177,2.0195024533920174,4.849252390788336,2.347911945137185,3.1735038553303125,21.886891260952236,16.974493810369705,18.982030577486167,34.393686267210654,26.67420455915239,29.828905193192547,0.7135678391959799,-0.0014321608040201994,-0.0014321608040201994,0.5376884422110553,-0.0023115577889447625,-0.0023115577889447625,0.39698492462311563,-0.0030150753768843908,-0.0030150753768843908,0.3913043478260869,0.08327831745732339,0.14997486805730076,0.3668122270742358,0.39698492462311563,0.09623304492386753,0.15658425684348287,0.35858585858585856,0.3913043478260869,0.08327831745732339,0.14997486805730076,0.3668122270742358,23.0,0.0,0.0,34.0,0.0,0.0,43.0,0.0,0.0,0.0003731878470176847,4.9954385030021554e-05,-1.600827272954953e-05,9.388208581206925e-05,-2.3926692396258886e-06,-3.447570896586427e-05,0.04782608695652174,0.49304905818958616,11,-0.23933911323547363
485,1,test,3.423728248373922,1.6418641119172626,2.233571845393338,5.861837758579593,2.811070373434101,3.8241457352946546,30.683598112095456,24.74267732242697,27.396002755207874,52.534039191921,42.36246268839769,46.90527744452257,3.7861645291539654,1.794711715631929,2.4582371125072298,6.0578632466463445,2.8715387450110863,3.933179380011567,44.08698125153017,36.76081165878139,40.31376627622365,70.53917000244827,58.81729865405023,64.50202604195785,3.592462162899286,1.7353823542787359,2.3528688702935474,6.193900280860838,2.9920385418598894,4.056670466023357,36.323400044051304,29.918394450742646,32.86919171707712,62.62655180008846,51.58343870817698,56.67102020185711,0.6834170854271358,-0.0015829145728643024,-0.0015829145728643024,0.5879396984924623,-0.002060301507537776,-0.002060301507537776,0.507537688442211,-0.0024623115577889765,-0.0024623115577889765,0.41420118343195267,0.1261657329149659,0.19766575036108658,0.35014836795252224,0.42211055276381915,0.11634614173625024,0.1933960285568075,0.35858585858585856,0.4247491638795987,0.13259557456407278,0.20339210047581668,0.3657718120805369,21.0,-1.0,-1.0,38.0,-5.0,-5.0,47.0,-3.0,-3.0,0.0015421328972853217,0.00045284471337721005,0.00032248233328218616,0.0003530269377165496,-4.742164639548463e-05,0.0001727988995874341,0.029585798816568046,0.6873749805273403,10,-0.7475502490997314
196,1,test,2.7501845418791206,1.3049708487571663,1.7863608332606953,4.163262787154028,1.9754807323727266,2.7042147420631517,15.645518871247287,11.402760176941126,13.023816914674589,23.68437663382186,17.2616369529385,19.715612345971476,2.9395623799001127,1.3621529142540143,1.8867679911867012,4.291331941460018,1.9885444003708233,2.7544058265499283,18.907570168737877,14.065175010889664,16.04192249510471,27.602292217135584,20.53310220567834,23.41886495635724,2.7501845418791206,1.3049708487571663,1.7863608332606953,4.163262787154028,1.9754807323727266,2.7042147420631517,15.645518871247287,11.402760176941126,13.023816914674589,23.68437663382186,17.2616369529385,19.715612345971476,0.7135678391959799,-0.0014321608040201994,-0.0014321608040201994,0.542713567839196,-0.0022864321608039306,-0.0022864321608039306,0.4170854271356784,-0.0029145728643216184,-0.0029145728643216184,0.42490842490842495,0.11229416531061875,0.19104727996323612,0.36397058823529416,0.4170854271356784,0.09628342212314711,0.17668475935604566,0.36363636363636365,0.42490842490842495,0.11229416531061875,0.19104727996323612,0.36397058823529416,21.0,-6.0,-6.0,30.0,-4.0,-4.0,41.0,-6.0,-6.0,0.00027613441827721965,0.0005842387621083137,5.42599813307673e-05,-0.00020410455418851114,0.00020435748183800229,5.0812707827141423e-05,0.9597069597069597,-0.36272555877666285,262,-0.5156314373016357
682,1,test,3.491742341208671,1.7108067489502925,2.303169281320768,5.994157685741552,2.9368849190313355,3.9537739329339856,32.843121807918635,26.907714865460257,29.560727723644757,56.38069243692699,46.19157718570678,50.74591592559017,3.5230979456221267,1.6908996277846808,2.299340977295457,5.636956712995403,2.7054394044554892,3.678945563672731,33.88925307273849,27.64164727598751,30.489315847363493,54.222804916381584,44.22663564158002,48.78290535578159,3.431313229292831,1.683982779130425,2.2651038267075556,5.916057291884192,2.9034185847076297,3.905351425357855,30.917217497542744,25.177956533332996,27.70741501739238,53.30554740955646,43.41026988505689,47.77140520240066,0.7236180904522613,-0.0013819095477386467,-0.0013819095477386467,0.6180904522613065,-0.0019095477386934512,-0.0019095477386934512,0.4623115577889447,-0.002688442211055242,-0.002688442211055242,0.39610389610389607,0.08167926077164323,0.16284255701102346,0.3843648208469055,0.3919597989949749,0.0661452626541228,0.15489802937894814,0.3737373737373737,0.3946488294314381,0.08246185113427618,0.16439298960941362,0.3791946308724832,21.0,-2.0,-2.0,29.0,0.0,0.0,40.0,0.0,0.0,0.0007826062030243476,0.00014357554388766882,-4.9673213482848726e-05,0.00047149473440466494,6.878410509703059e-05,-7.1846786077856e-05,0.9383116883116883,0.398126026456966,289,-0.15363025665283203
917,1,test,3.1574663707763047,1.5166422898757808,2.060799369906674,5.221285171786515,2.5079671385655367,3.407802310013271,23.510952367643146,18.35153282773167,20.51678255850049,38.87844637330934,30.346668810103772,33.92719350455947,3.085611041327203,1.448649839110585,1.9926100445742532,4.859229986342052,2.2813383293080074,3.1379685741326817,21.880832851213118,16.741305078586652,18.897619585279617,34.4580044900994,26.36425996627819,29.760030842960028,3.1574663707763047,1.5166422898757808,2.060799369906674,5.221285171786515,2.5079671385655367,3.407802310013271,23.510952367643146,18.35153282773167,20.51678255850049,38.87844637330934,30.346668810103772,33.92719350455947,0.6884422110552764,-0.0015577889447235815,-0.0015577889447235815,0.5226130653266332,-0.002386934673366814,-0.002386934673366814,0.42713567839195976,-0.002864321608040288,-0.002864321608040288,0.4203389830508475,0.11577045513206574,0.18358588271262877,0.41496598639455784,0.42211055276381915,0.11634614173625024,0.18337933406598939,0.398989898989899,0.4203389830508475,0.11577045513206574,0.18358588271262877,0.41496598639455784,16.0,-1.0,-1.0,29.0,-4.0,-4.0,36.0,-4.0,-4.0,0.00017645193968064498,-8.745754878915939e-05,-5.779517042860327e-05,-0.00035656283511986686,0.00011913993074319507,-2.6287545484393604e-05,0.04067796610169491,0.3624069391206226,12,-0.39061594009399414
134,1,test,1.4532821369202475,0.6637045513583147,0.9218342179908894,4.075508601363302,1.8612584157657084,2.58514378523532,4.277129627892361,2.074663751546965,2.575735621284978,11.994559173872055,5.818078781512141,7.223258590125265,1.8762272687507349,0.8727326909115738,1.200849020813596,4.078754932066815,1.8972449802425517,2.610541349594774,6.528826830666925,3.801029137488604,4.564050822759155,14.193101805797662,8.2631068206274,9.921849614693812,1.4532821369202475,0.6637045513583147,0.9218342179908894,4.075508601363302,1.8612584157657084,2.58514378523532,4.277129627892361,2.074663751546965,2.575735621284978,11.994559173872055,5.818078781512141,7.223258590125265,0.44221105527638194,-0.0027889447236180143,-0.0027889447236180143,0.31658291457286436,-0.003417085427135591,-0.003417085427135591,0.24120603015075381,-0.0037939698492461815,-0.0037939698492461815,0.2996108949416343,0.10737788523289638,0.15213353401019836,0.16796875,0.3266331658291457,0.09355045906222836,0.1480021140762242,0.21717171717171713,0.2996108949416343,0.10737788523289638,0.15213353401019836,0.16796875,19.0,0.0,0.0,25.0,0.0,0.0,31.0,0.0,0.0,0.0010468971311605527,0.0011516524213765742,0.0009887311631063505,-0.016384156507614378,-0.019276983473960563,-0.02067865506518274,0.04669260700389105,-0.17121221471732256,12,-0.3283342123031616
524,1,test,1.3996039144341996,0.6579235873139595,0.9044137529487317,2.6282638393191844,1.2354900952613288,1.6983647574457101,4.05359407872692,1.9541337463510957,2.4127838504246,7.612092697456659,3.669594668720379,4.530876543545433,1.44433676173876,0.6523306486814774,0.9146308417926987,2.4902357961013104,1.1247080149680646,1.576949727228791,4.239039716938114,2.0312185916017254,2.540606956967274,7.3086891671346805,3.5021010200029754,4.380356822357369,1.3996039144341996,0.6579235873139595,0.9044137529487317,2.6282638393191844,1.2354900952613288,1.6983647574457101,4.05359407872692,1.9541337463510957,2.4127838504246,7.612092697456659,3.669594668720379,4.530876543545433,0.40201005025125625,-0.002989949748743781,-0.002989949748743781,0.2361809045226131,-0.0038190954773869024,-0.0038190954773869024,0.19095477386934678,-0.004045226130653168,-0.004045226130653168,0.3224489795918367,0.10859969242279399,0.15826987511422475,0.23360655737704916,0.31658291457286436,0.10355033311923023,0.15297690455616986,0.21717171717171713,0.3224489795918367,0.10859969242279399,0.15826987511422475,0.23360655737704916,15.0,-4.0,-4.0,21.0,-7.0,-7.0,30.0,-14.0,-14.0,0.00012896949482816357,0.00021773253628762943,0.0002576270231270471,-0.11435508384486592,-0.1183626959195836,-0.12530832722566476,0.04081632653061224,0.6304798871780439,10,-0.32241523265838623
882,1,test,2.7629953869370785,1.328619042453435,1.8010270067795244,3.98630632161151,1.9168625879671697,2.5984282769567186,15.84724054306472,11.650213849505032,13.23039819526874,22.86357605068116,16.808323798140847,19.088131747372458,2.7629953869370785,1.328619042453435,1.8010270067795244,3.98630632161151,1.9168625879671697,2.5984282769567186,15.84724054306472,11.650213849505032,13.23039819526874,22.86357605068116,16.808323798140847,19.088131747372458,2.7629953869370785,1.328619042453435,1.8010270067795244,3.98630632161151,1.9168625879671697,2.5984282769567186,15.84724054306472,11.650213849505032,13.23039819526874,22.86357605068116,16.808323798140847,19.088131747372458,0.6914893617021276,0.026489361702127567,0.026489361702127567,0.5319148936170213,0.016914893617021254,0.016914893617021254,0.3670212765957447,0.0070212765957446965,0.0070212765957446965,0.4042553191489362,0.08860545177493084,0.16220584918427183,0.34224598930481287,0.4042553191489362,0.08860545177493084,0.16220584918427183,0.34224598930481287,0.4042553191489362,0.08860545177493084,0.16220584918427183,0.34224598930481287,15.0,1.0,1.0,26.0,1.0,1.0,34.0,2.0,2.0,0.0003525585980724806,0.00014609497309941852,8.451717720047012e-05,-0.00016097442215734503,-7.406976964929868e-05,-3.633676485748083e-05,0.05319148936170213,0.4685418557107559,10,-0.3563249111175537
67,1,test,2.2582597337393087,1.0746569788180131,1.4685017980324737,4.043860453440158,1.9243857527671402,2.6296427546162904,9.566426542920572,6.300306481335541,7.363563415714187,17.13057776290428,11.281944164252014,13.18591588395331,2.1276571237648563,0.9880463090695646,1.3669393249384094,3.668374351318718,1.7035281190854565,2.356791939548982,8.395174896832609,5.269623187177826,6.255363273184733,14.474439477297603,9.085557219272115,10.785109091697816,2.2339473596929684,1.0720319680231676,1.4585481600985077,4.013079089268806,1.925805930580541,2.620146395386541,9.336648545045785,6.140599442073173,7.1651897453892905,16.772422536010392,11.031016961808096,12.871598345010701,0.5125628140703518,-0.0024371859296482556,-0.0024371859296482556,0.371859296482412,-0.003140703517587995,-0.003140703517587995,0.2361809045226131,-0.0038190954773869024,-0.0038190954773869024,0.37133550488599354,0.1062948544794895,0.17415240629444428,0.34967320261437906,0.35678391959798994,0.10114482185362905,0.15978892794523536,0.31313131313131315,0.36454849498327757,0.10244498914020583,0.1665507196773821,0.3422818791946308,18.0,-6.0,-6.0,23.0,-4.0,-4.0,30.0,-7.0,-7.0,-5.491209042064995e-06,0.00014263819436029717,-5.240354454600185e-05,-0.04686501420207634,-0.04769452334446456,-0.04990292511548766,0.035830618892508145,0.7821357928140309,11,-0.7535610198974609
494,1,test,2.816574410632978,1.365648957337591,1.8469742455125484,4.06391450677044,1.970436352729953,2.6649199828109635,16.719478393902104,12.45241673919168,14.08258846591991,24.123818825487323,17.967058437976565,20.319163357970158,2.8393360112735735,1.3374934262175053,1.8352941504360598,4.085375555789315,1.9244509729748285,2.640711007821669,17.104404633958275,12.61445005770295,14.375113654891814,24.610654149580252,18.150287852810003,20.68361676962851,2.816574410632978,1.365648957337591,1.8469742455125484,4.06391450677044,1.970436352729953,2.6649199828109635,16.719478393902104,12.45241673919168,14.08258846591991,24.123818825487323,17.967058437976565,20.319163357970158,0.6482412060301508,-0.0017587939698492372,-0.0017587939698492372,0.5125628140703518,-0.0024371859296482556,-0.0024371859296482556,0.3517587939698492,-0.0032412060301507672,-0.0032412060301507672,0.3731343283582089,0.07536757897855628,0.1499938324904403,0.30500000000000005,0.371859296482412,0.07862621377564505,0.14648367043900634,0.30808080808080807,0.3731343283582089,0.07536757897855628,0.1499938324904403,0.30500000000000005,20.0,-4.0,-4.0,29.0,-4.0,-4.0,35.0,-1.0,-1.0,0.0004874143302303775,0.0002962714574743051,0.00020320091592866926,0.00029484981976501956,0.00015700929684925313,9.691099368058786e-05,0.06965174129353234,0.47589763187166867,14,-0.32071352005004883
866,1,test,2.456020931821395,1.161248058643563,1.5868154470663072,3.839148509215549,1.8152140706165172,2.48044309357207,11.658329835110571,8.008163005918561,9.27331466547307,18.223810321199156,12.51802322504112,14.495655029713168,2.0073644893334874,0.9225489362210282,1.2788539089735877,3.0414613474749808,1.3978014185167091,1.9376574378387692,7.443673591876588,4.484779582262583,5.371681349507428,11.278293321025133,6.795120579185731,8.138911135617315,2.456020931821395,1.161248058643563,1.5868154470663072,3.839148509215549,1.8152140706165172,2.48044309357207,11.658329835110571,8.008163005918561,9.27331466547307,18.223810321199156,12.51802322504112,14.495655029713168,0.39698492462311563,-0.0030150753768843908,-0.0030150753768843908,0.3015075376884422,-0.0034924623115578646,-0.0034924623115578646,0.2562814070351759,-0.00371859296482413,-0.00371859296482413,0.33783783783783783,0.09331844492046848,0.1558153659277255,0.3593220338983051,0.3015075376884422,0.09348748756312886,0.14791822216256567,0.28787878787878785,0.33783783783783783,0.09331844492046848,0.1558153659277255,0.3593220338983051,19.0,-2.0,-2.0,31.0,-7.0,-7.0,35.0,-4.0,-4.0,-0.002618743009395697,-0.00039647035196440326,0.00015451374870628743,-0.031860937704656145,-0.03572293976638363,-0.03846555105581562,0.9459459459459459,0.3454027729870185,280,-0.9266357421875
497,1,test,3.0760259210356726,1.471848665275485,2.0023321777134404,4.558448051655274,2.1811733232395745,2.967311540466906,21.67210437808374,16.69833859634405,18.74593630169727,32.11649203017229,24.74573069096769,27.78012247118993,2.8817470296557963,1.3407626119279532,1.849138772245411,4.237863278905582,1.97170972342346,2.7193217238903094,17.845422444575675,13.17623800731331,15.037041173032332,26.24326830084658,19.37682059899016,22.113295842694605,3.0760259210356726,1.471848665275485,2.0023321777134404,4.558448051655274,2.1811733232395745,2.967311540466906,21.67210437808374,16.69833859634405,18.74593630169727,32.11649203017229,24.74573069096769,27.78012247118993,0.7085427135678393,-0.0014572864321606982,-0.0014572864321606982,0.5025125628140703,-0.0024874371859296973,-0.0024874371859296973,0.38190954773869346,-0.0030904522613065533,-0.0030904522613065533,0.3755102040816326,0.07815786192277319,0.1326336776230166,0.4180327868852459,0.40201005025125625,0.09373937355952688,0.1582704843080175,0.40909090909090906,0.3755102040816326,0.07815786192277319,0.1326336776230166,0.4180327868852459,20.0,-1.0,-1.0,31.0,-4.0,-4.0,40.0,-5.0,-5.0,-0.0001948578914223937,-0.00035081643851036013,-0.00029388319350795477,-1.0066742095027337e-05,-8.484196204427974e-05,-0.00010243434826673337,0.07755102040816327,-0.2722677745402139,19,-0.4503023624420166
989,1,test,3.144935352225087,1.5178664483681827,2.0592879954497754,4.827900756929322,2.3301301153327776,3.1612853551769513,23.21817442145116,18.12923774729984,20.25681816905265,35.643035328065565,27.830829839098136,31.0969532973565,3.1380808101814877,1.4638911059150799,2.020424904652096,4.827816631048442,2.2521401629462767,3.1083460071570705,23.059568674587563,17.725097776248642,20.001890365313148,35.47625949936548,27.269381194228682,30.77213902355869,3.144935352225087,1.5178664483681827,2.0592879954497754,4.827900756929322,2.3301301153327776,3.1612853551769513,23.21817442145116,18.12923774729984,20.25681816905265,35.643035328065565,27.830829839098136,31.0969532973565,0.6733668341708543,-0.001633165829145744,-0.001633165829145744,0.49246231155778897,-0.002537688442211028,-0.002537688442211028,0.40703517587939697,-0.00296482412060306,-0.00296482412060306,0.40636042402826855,0.11359146459264247,0.1772182383643438,0.4042553191489362,0.39698492462311563,0.11628317023715073,0.16993984949790697,0.38888888888888884,0.40636042402826855,0.11359146459264247,0.1772182383643438,0.4042553191489362,23.0,-3.0,-3.0,33.0,-4.0,-4.0,45.0,-6.0,-6.0,-0.0006513901010774885,-0.00010523496115432639,8.966081362346613e-05,-0.0002734037727947225,0.00016562223134020115,1.5767138139999304e-05,0.0353356890459364,0.30399605032655397,10,-0.44069910049438477
519,1,test,2.883049255159065,1.392380738865117,1.8823777802913748,4.381583331286941,2.1161040607611104,2.860788829934349,17.86867634642548,13.428613565048444,15.148568647090727,27.156349927618386,20.40845790394368,23.02240093823393,3.0873306752873577,1.4838559637407776,2.013795966359071,4.507052080711471,2.1662130857529602,2.9398481260716363,21.91849224536674,16.948219526837505,18.99278949334461,31.997798898345604,24.741926316551105,27.726699990284104,2.883049255159065,1.392380738865117,1.8823777802913748,4.381583331286941,2.1161040607611104,2.860788829934349,17.86867634642548,13.428613565048444,15.148568647090727,27.156349927618386,20.40845790394368,23.02240093823393,0.6934673366834171,-0.0015326633165829717,-0.0015326633165829717,0.5628140703517588,-0.0021859296482411583,-0.0021859296482411583,0.39698492462311563,-0.0030150753768843908,-0.0030150753768843908,0.3880597014925373,0.08079713166013514,0.1572904707233066,0.35580524344569286,0.3869346733668342,0.07615773101094447,0.14486455650539842,0.3787878787878788,0.3880597014925373,0.08079713166013514,0.1572904707233066,0.35580524344569286,19.0,0.0,0.0,30.0,1.0,1.0,38.0,1.0,1.0,0.0001669725245424931,0.00032118496243189397,-4.552486469607802e-05,-0.00016945494488584956,0.00022372510708557058,6.833549267337702e-05,0.9477611940298507,0.3702404575164322,254,-0.3684072494506836
759,1,test,2.7576225802770455,1.3044122456796166,1.7857222166137299,4.795865357003557,2.26854303596455,3.1056038549803997,15.76232470599167,11.485502174916324,13.119362426509701,27.41273861911595,19.974786391158823,22.81628248088644,2.6373717537814936,1.2409921757372142,1.7064593260553564,4.395619589635823,2.0683202928953572,2.8440988767589275,13.976421815318902,9.935876838837128,11.439599025913981,23.294036358864837,16.559794731395215,19.0659983765233,2.7576225802770455,1.3044122456796166,1.7857222166137299,4.795865357003557,2.26854303596455,3.1056038549803997,15.76232470599167,11.485502174916324,13.119362426509701,27.41273861911595,19.974786391158823,22.81628248088644,0.6432160804020101,-0.001783919597989958,-0.001783919597989958,0.5025125628140703,-0.0024874371859296973,-0.0024874371859296973,0.3517587939698492,-0.0032412060301507672,-0.0032412060301507672,0.39330543933054396,0.08224072116770476,0.15686594002595422,0.38235294117647056,0.3869346733668342,0.08117026233926528,0.16155904732342852,0.36363636363636365,0.39330543933054396,0.08224072116770476,0.15686594002595422,0.38235294117647056,21.0,-7.0,-7.0,27.0,-5.0,-5.0,38.0,-12.0,-12.0,-0.0003036042199460842,-0.00010436103963358873,-6.596833153963813e-05,3.151278906887711e-05,-5.1862244922595835e-05,-7.525089254567519e-05,0.04602510460251046,0.5853114084724889,11,-0.2511286735534668
625,1,test,2.4374361123998667,1.1733703976910201,1.592841004390162,3.6660624454794744,1.7648253949011279,2.395736470017723,11.443662832821127,7.9038788102588065,9.11662740702589,17.212013203836655,11.887947804047798,13.712000571543005,2.4374361123998667,1.1733703976910201,1.592841004390162,3.6660624454794744,1.7648253949011279,2.395736470017723,11.443662832821127,7.9038788102588065,9.11662740702589,17.212013203836655,11.887947804047798,13.712000571543005,2.4374361123998667,1.1733703976910201,1.592841004390162,3.6660624454794744,1.7648253949011279,2.395736470017723,11.443662832821127,7.9038788102588065,9.11662740702589,17.212013203836655,11.887947804047798,13.712000571543005,0.6086956521739131,0.02869565217391301,0.02869565217391301,0.40217391304347827,0.022173913043478266,0.022173913043478266,0.29891304347826086,0.018913043478260838,0.018913043478260838,0.3586956521739131,0.07956286084599984,0.13667399152409354,0.3278688524590164,0.3586956521739131,0.07956286084599984,0.13667399152409354,0.3278688524590164,0.3586956521739131,0.07956286084599984,0.13667399152409354,0.3278688524590164,21.0,1.0,1.0,29.0,1.0,1.0,36.0,1.0,1.0,0.00024850327371558884,0.00015996362037976614,4.978752288494287e-05,-0.008182949394953454,-0.007842183812427628,-0.007646655591866391,0.059782608695652176,0.6051173603712771,11,-0.20139813423156738
957,1,test,2.5258332540948043,1.2191625945243405,1.653653745125808,4.177339612541408,2.016307367867179,2.734888886169606,12.501307690729293,8.807452574719063,10.109188870247818,20.675239642359987,14.566171565881529,16.7190431315637,2.5448045001468387,1.2063047331718126,1.65053826732828,3.9762570314794354,1.8848511455809573,2.5789660427004373,12.740737030354342,8.927418684568032,10.295196356897156,19.90740160992866,13.949091694637548,16.086244307651807,2.5258332540948043,1.2191625945243405,1.653653745125808,4.177339612541408,2.016307367867179,2.734888886169606,12.501307690729293,8.807452574719063,10.109188870247818,20.675239642359987,14.566171565881529,16.7190431315637,0.6130653266331658,-0.001934673366834172,-0.001934673366834172,0.4522613065326633,-0.0027386934673366836,-0.0027386934673366836,0.3417085427135679,-0.003291457286432098,-0.003291457286432098,0.377431906614786,0.0861697706924559,0.16139050946084033,0.34765625,0.3869346733668342,0.09620785632422768,0.1732451908960495,0.3484848484848485,0.377431906614786,0.0861697706924559,0.16139050946084033,0.34765625,22.0,-7.0,-7.0,34.0,-8.0,-8.0,40.0,-9.0,-9.0,0.0004000043303733584,6.937058559657753e-05,9.522598824164791e-05,-9.322580442105988e-05,-0.00015080139628764755,0.00010688561932692409,0.9571984435797666,-0.48180980083367336,246,-0.2552378177642822
537,1,test,2.6833400003967305,1.288260957752086,1.7505873432738763,4.395409693901392,2.110218869446668,2.867526507080521,14.633888956676516,10.598595436377952,12.092393533359763,23.970848781795272,17.360889457134434,19.807785726423656,2.7856620270362527,1.3131880392260176,1.7981656034966873,4.06665989348358,1.9170628309868865,2.6250592751776454,16.21054614498942,11.850537728222381,13.52604095676111,23.66503086859769,17.300055077696904,19.746045192351982,2.6833400003967305,1.288260957752086,1.7505873432738763,4.395409693901392,2.110218869446668,2.867526507080521,14.633888956676516,10.598595436377952,12.092393533359763,23.970848781795272,17.360889457134434,19.807785726423656,0.6381909547738693,-0.0018090452261306789,-0.0018090452261306789,0.5025125628140703,-0.0024874371859296973,-0.0024874371859296973,0.3869346733668342,-0.0030653266331658324,-0.0030653266331658324,0.4135338345864662,0.1321079434044774,0.20353383458646623,0.4,0.42211055276381915,0.13138373572121265,0.20174327396582248,0.4191919191919192,0.4135338345864662,0.1321079434044774,0.20353383458646623,0.4,21.0,-3.0,-3.0,33.0,-5.0,-5.0,42.0,-4.0,-4.0,0.00010045849159852338,7.020913162271535e-05,-0.00012710197776464653,-0.00015559510116602837,0.0002314721571865519,7.534460660885145e-05,0.03759398496240601,0.2781313986741499,10,-0.3674583435058594
604,1,test,2.4414156312623163,1.17130215046161,1.594180072651106,4.003396599650572,1.920683633821457,2.6141124847235875,11.489293839425729,7.92803716574123,9.156105872374711,18.83997108077875,13.000275997586424,15.014044575668208,2.5806672008490645,1.2323154081562895,1.6812259797691032,3.9101018194682795,1.8671445578125598,2.547312090559247,13.205946239496129,9.354873309106686,10.747717118795153,20.009009453782014,14.174050468343463,16.284419876962353,2.4504049552255016,1.175201322735105,1.598047181331565,3.973629657122435,1.9057318747055758,2.5914278616187545,11.593040431089694,8.013610206904994,9.247870712618434,18.799525023388693,12.995043578764857,14.996547101543406,0.6432160804020101,-0.001783919597989958,-0.001783919597989958,0.4773869346733668,-0.0026130653266331905,-0.0026130653266331905,0.3266331658291457,-0.0033668341708542604,-0.0033668341708542604,0.3782894736842105,0.08929111572033532,0.1529065415179085,0.3366336633663366,0.371859296482412,0.06860115111900345,0.13646697594818835,0.3434343434343434,0.37792642140468224,0.08744228117095942,0.15100762273949875,0.3355704697986577,20.0,0.0,0.0,32.0,0.0,0.0,38.0,0.0,0.0,0.0007291801630525517,7.294072538077974e-05,-6.992159872196711e-06,-0.008863767642497855,-0.006908379351947325,-0.008434229529735937,0.944078947368421,-0.2331286606926915,287,-0.4291388988494873
358,1,test,2.099117639611164,0.9946312695719428,1.3617345588799454,3.8037702194296266,1.802351964996138,2.467572690587821,8.158967585699552,5.141293482847192,6.06850979473299,14.784706363348182,9.316437854823771,10.99662848710005,1.9423483414780207,0.8767708308183793,1.2272589547100425,3.264450994080707,1.4735644215434947,2.0626200919496513,6.975111696944217,4.072596963614426,4.930742283278226,11.72287680158692,6.844700779183911,8.286961820635675,2.099117639611164,0.9946312695719428,1.3617345588799454,3.8037702194296266,1.802351964996138,2.467572690587821,8.158967585699552,5.141293482847192,6.06850979473299,14.784706363348182,9.316437854823771,10.99662848710005,0.5276381909547738,-0.002361809045226204,-0.002361809045226204,0.37688442211055273,-0.003115577889447274,-0.003115577889447274,0.2562814070351759,-0.00371859296482413,-0.00371859296482413,0.3754646840148699,0.10088212371802385,0.17027308945368325,0.34328358208955223,0.37688442211055273,0.09868893338874818,0.16987273596698016,0.30808080808080807,0.3754646840148699,0.10088212371802385,0.17027308945368325,0.34328358208955223,17.0,0.0,0.0,24.0,0.0,0.0,36.0,0.0,0.0,-0.0001333963728358022,-5.7472406478041874e-05,0.00010759200393858218,-0.005841433963362341,-0.005018019751584113,-0.005514583500842107,0.03717472118959108,0.6819340713649469,10,-0.6402950286865234
722,1,test,1.9734918155646566,0.9337958689476733,1.2719298769712102,3.251128135467787,1.5383342349716005,2.0953758088832073,7.195758934269895,4.367402022157713,5.178858411020453,11.85428494951977,7.194853042282938,8.531645359195544,2.063510809083659,0.9624578715342618,1.3272016061091862,3.275413982672475,1.527710907197241,2.1066692160463276,7.873563922885917,4.866233033817986,5.785349823101843,12.49772051251733,7.724179418758708,9.183094957304512,1.9734918155646566,0.9337958689476733,1.2719298769712102,3.251128135467787,1.5383342349716005,2.0953758088832073,7.195758934269895,4.367402022157713,5.178858411020453,11.85428494951977,7.194853042282938,8.531645359195544,0.4974874371859297,-0.002512562814070307,-0.002512562814070307,0.36180904522613067,-0.0031909547738693256,-0.0031909547738693256,0.2814070351758794,-0.003592964824120637,-0.003592964824120637,0.34507042253521125,0.09550978984628333,0.15420391199656958,0.31095406360424027,0.36180904522613067,0.11619501013841138,0.17650019714599707,0.3282828282828283,0.34507042253521125,0.09550978984628333,0.15420391199656958,0.31095406360424027,19.0,-7.0,-7.0,27.0,-7.0,-7.0,36.0,-10.0,-10.0,0.00019950799000297145,0.00011302467954189452,3.8061262917685555e-05,-0.03241093258202987,-0.03316676897889259,-0.03563429880825897,0.035211267605633804,0.26389193197491256,10,-0.7851372957229614
489,1,test,2.833697191480895,1.3723634621184337,1.8556949032938794,4.099817213206402,1.9855471366819897,2.6848351792336977,17.00822739646133,12.696521051962762,14.349088657054345,24.60764814807171,18.36943471347804,20.76038358892969,2.867723798435499,1.3649441179521766,1.8657336234989368,4.15612144700797,1.9781798810901114,2.7039617731868653,17.596918446291973,13.102754382096759,14.873221374614142,25.50278035694489,18.989499104488054,21.555393296542235,2.833697191480895,1.3723634621184337,1.8556949032938794,4.099817213206402,1.9855471366819897,2.6848351792336977,17.00822739646133,12.696521051962762,14.349088657054345,24.60764814807171,18.36943471347804,20.76038358892969,0.7035175879396984,-0.001482412060301641,-0.001482412060301641,0.5226130653266332,-0.002386934673366814,-0.002386934673366814,0.371859296482412,-0.003140703517587995,-0.003140703517587995,0.3990147783251231,0.07960445891480372,0.1616989027113751,0.3267326732673267,0.39698492462311563,0.07367665394642386,0.15658425684348287,0.3282828282828283,0.3990147783251231,0.07960445891480372,0.1616989027113751,0.3267326732673267,22.0,0.0,0.0,31.0,-1.0,-1.0,43.0,1.0,1.0,0.0007385187333191781,0.0003739376665621954,0.00027767613341176333,0.0002809899760443102,0.0001460160578075076,8.784984177356847e-05,0.054187192118226604,0.3083675045204378,11,-0.3283090591430664
233,1,test,2.791063318883215,1.3474910231346426,1.8274102189916535,4.247270267865762,2.0505298178135867,2.7808416375959943,16.298340924888294,12.062540571295521,13.677086215395411,24.80182314656914,18.35603999979753,20.81295728429736,2.8285999465394283,1.334277326227207,1.8314119117042145,4.159705803734453,1.9621725385694218,2.693252811329727,16.921752873544648,12.465435961861434,14.211104022033071,24.884930696389187,18.33152347332564,20.898682385342752,2.791063318883215,1.3474910231346426,1.8274102189916535,4.247270267865762,2.0505298178135867,2.7808416375959943,16.298340924888294,12.062540571295521,13.677086215395411,24.80182314656914,18.35603999979753,20.81295728429736,0.6180904522613065,-0.0019095477386934512,-0.0019095477386934512,0.48743718592964824,-0.002562814070351749,-0.002562814070351749,0.3869346733668342,-0.0030653266331658324,-0.0030653266331658324,0.3978494623655914,0.12414642122068975,0.18569213221064507,0.35611510791366907,0.39698492462311563,0.11377690457299028,0.17995654398872496,0.3434343434343434,0.3978494623655914,0.12414642122068975,0.18569213221064507,0.35611510791366907,22.0,-3.0,-3.0,30.0,0.0,0.0,40.0,-5.0,-5.0,-0.00019064619620466432,0.0003247505088655824,-4.519504180983535e-05,-0.0002456840853515274,0.00018111633153772289,2.978536601450088e-05,0.956989247311828,-0.5007610719884462,267,-0.762040376663208
109,1,test,1.4063488497379262,0.6140392929601146,0.8647343717703786,3.13344392836345,1.3681226351918345,1.9266888634182122,4.081027723609653,1.8725365471604696,2.362248168530103,9.092816156112736,4.172142833147012,5.26325469128637,1.7876326170207446,0.7624355664151223,1.0993990356605736,4.469081542551861,1.9060889160378056,2.7484975891514343,5.975289909271969,3.187645195744149,3.9850930037096512,14.938224773179922,7.969112989360373,9.962732509274128,1.4063488497379262,0.6140392929601146,0.8647343717703786,3.13344392836345,1.3681226351918345,1.9266888634182122,4.081027723609653,1.8725365471604696,2.362248168530103,9.092816156112736,4.172142833147012,5.26325469128637,0.37688442211055273,-0.003115577889447274,-0.003115577889447274,0.29648241206030146,-0.0035175879396985854,-0.0035175879396985854,0.2361809045226131,-0.0038190954773869024,-0.0038190954773869024,0.26877470355731226,0.09520468383344638,0.14393896111315985,0.13888888888888884,0.3065326633165829,0.10352514451959038,0.1596211441179185,0.1767676767676768,0.26877470355731226,0.09520468383344638,0.14393896111315985,0.13888888888888884,15.0,-5.0,-5.0,20.0,-7.0,-7.0,27.0,-12.0,-12.0,0.0005507202014209015,0.0008770124707472922,0.001057258687220844,-0.10092793694399926,-0.11344164382677446,-0.11910103413774831,0.039525691699604744,1.1116522337560977,10,-1.3222018480300903
930,1,test,3.2132791905005176,1.5281303995493558,2.0876003088767234,4.950186861041337,2.354146831738196,3.216032908269546,24.860474940367016,19.467221600420178,21.77816627886673,38.29856950272757,29.99004408713379,33.550148051227126,3.147671267027843,1.475339782453146,2.0282023602646326,4.880110491516035,2.287348499927358,3.1444997833560193,23.281784344530948,17.957216860850423,20.218557432417143,36.09578968144333,27.840646295892125,31.346600670414173,3.2132791905005176,1.5281303995493558,2.0876003088767234,4.950186861041337,2.354146831738196,3.216032908269546,24.860474940367016,19.467221600420178,21.77816627886673,38.29856950272757,29.99004408713379,33.550148051227126,0.7437185929648241,-0.0012814070351758744,-0.0012814070351758744,0.5577889447236181,-0.00221105527638199,-0.00221105527638199,0.457286432160804,-0.0027135678391959628,-0.0027135678391959628,0.4295774647887324,0.12202034703829301,0.17782102450770199,0.4028268551236749,0.44221105527638194,0.13143411292049223,0.1884547948423252,0.3939393939393939,0.4295774647887324,0.12202034703829301,0.17782102450770199,0.4028268551236749,21.0,0.0,0.0,32.0,0.0,0.0,42.0,0.0,0.0,0.0001996692518501282,7.063638161424283e-05,7.988973922718353e-05,-0.0002803336946550772,0.00016174870629104277,1.2262581172706177e-05,0.035211267605633804,0.5308910180121154,10,-0.5223567485809326
412,1,test,1.4434472098115956,0.648084062410234,0.8992442099610345,3.2447738931301986,1.4568501237651543,2.0214415298297634,4.235270547673024,2.020025236341966,2.5120361308369663,9.52060817328151,4.5408831759092125,5.646891137088057,1.856557395346906,0.8591034676614265,1.1829980673306033,3.0942623255781765,1.4318391127690442,1.9716634455510054,6.401660407229833,3.6902907177404733,4.440454921311626,10.669434012049722,6.150484529567456,7.400758202186044,1.4434472098115956,0.648084062410234,0.8992442099610345,3.2447738931301986,1.4568501237651543,2.0214415298297634,4.235270547673024,2.020025236341966,2.5120361308369663,9.52060817328151,4.5408831759092125,5.646891137088057,0.4723618090452262,-0.0026381909547738003,-0.0026381909547738003,0.3065326633165829,-0.0034673366834171437,-0.0034673366834171437,0.22613065326633164,-0.003869346733668344,-0.003869346733668344,0.29889298892988925,0.07974013441791872,0.1295678355556561,0.22592592592592597,0.3316582914572864,0.08103172504124634,0.12965495255912285,0.28787878787878785,0.29889298892988925,0.07974013441791872,0.1295678355556561,0.22592592592592597,18.0,-2.0,-2.0,24.0,-1.0,-1.0,32.0,-2.0,-2.0,0.0007589248592218924,0.0006856533139039741,0.00014688536525897766,-0.061116563187883166,-0.0667260331344286,-0.06553683438630298,0.055350553505535055,0.29821909380832967,15,-0.5808168649673462
291,1,test,3.038922859179576,1.4741520924641924,1.994259450041575,5.06487143196596,2.4569201541069874,3.323765750069292,20.882737467359895,16.101158754099277,18.040295844617123,34.80456244559983,26.835264590165465,30.06715974102854,3.1815240088737173,1.509368828478022,2.056757400553174,4.820490922535935,2.2869224673909425,3.116299091747233,24.08342895758513,18.759800134656015,21.0039309217648,36.49004387512898,28.423939597963656,31.82413776024969,3.038922859179576,1.4741520924641924,1.994259450041575,5.06487143196596,2.4569201541069874,3.323765750069292,20.882737467359895,16.101158754099277,18.040295844617123,34.80456244559983,26.835264590165465,30.06715974102854,0.6432160804020101,-0.001783919597989958,-0.001783919597989958,0.5276381909547738,-0.002361809045226204,-0.002361809045226204,0.4371859296482412,-0.002814070351758735,-0.002814070351758735,0.4013605442176871,0.1054421768707483,0.1802721088435374,0.3481228668941979,0.42211055276381915,0.13567839195979903,0.20100502512562823,0.3484848484848485,0.4013605442176871,0.1054421768707483,0.1802721088435374,0.3481228668941979,24.0,-8.0,-8.0,33.0,-8.0,-8.0,41.0,-6.0,-6.0,0.001234817737627088,0.0008314244986572399,0.0002049547856667137,-0.011396868461557297,-0.011026099787502908,-0.009928204303062849,0.9625850340136054,0.5472133861125213,283,-0.9182007312774658
181,1,test,2.6534319585225603,1.269073837316373,1.7217061864703174,4.371359059873705,2.0907177960917167,2.8364005764286637,14.202698169907718,10.210435636349525,11.66381123076225,23.398034805553102,16.82103819578095,19.215381322473707,2.5641014607037924,1.228455475307333,1.6713652319338959,4.0700023185774485,1.9499293258846557,2.652960685609359,12.98898201386678,9.186530532525058,10.54718016660219,20.617431768042508,14.58179449607152,16.741555820003477,2.6534319585225603,1.269073837316373,1.7217061864703174,4.371359059873705,2.0907177960917167,2.8364005764286637,14.202698169907718,10.210435636349525,11.66381123076225,23.398034805553102,16.82103819578095,19.215381322473707,0.6281407035175879,-0.0018592964824121205,-0.0018592964824121205,0.4623115577889447,-0.002688442211055242,-0.002688442211055242,0.3467336683417085,-0.003266331658291488,-0.003266331658291488,0.41796875,0.11387518274853803,0.19718952922077926,0.44313725490196076,0.40703517587939697,0.11129582750846967,0.1883373461632033,0.4242424242424242,0.41796875,0.11387518274853803,0.19718952922077926,0.44313725490196076,16.0,0.0,0.0,27.0,0.0,0.0,33.0,0.0,0.0,-0.00043241416614478635,-0.00010862000410210726,-0.000150607515758298,-0.012696642916464995,-0.012730478198307082,-0.009945691277179591,0.04296875,0.2779191835259465,11,-0.6120045185089111
587,1,test,2.075800523102425,0.9896218396363805,1.3507491696478011,3.4681057520125878,1.6533925857339526,2.2567394663627893,7.970924815145653,5.007994697048075,5.906087681381736,13.317276825304322,8.367015530433978,9.867487955479243,1.9747679197553276,0.9209788724482539,1.2670782277733443,3.159628671608524,1.4735661959172062,2.027325164437351,7.2049473338316705,4.336447901085277,5.175649797438531,11.527915734130673,6.938316641736444,8.281039675901651,2.075800523102425,0.9896218396363805,1.3507491696478011,3.4681057520125878,1.6533925857339526,2.2567394663627893,7.970924815145653,5.007994697048075,5.906087681381736,13.317276825304322,8.367015530433978,9.867487955479243,0.5175879396984925,-0.002412060301507535,-0.002412060301507535,0.33668341708542715,-0.0033165829145728187,-0.0033165829145728187,0.22613065326633164,-0.003869346733668344,-0.003869346733668344,0.3516483516483516,0.07559716334853439,0.14701984982131144,0.31985294117647056,0.33668341708542715,0.07603178801274546,0.13468007818726357,0.28787878787878785,0.3516483516483516,0.07559716334853439,0.14701984982131144,0.31985294117647056,14.0,-2.0,-2.0,23.0,-4.0,-4.0,30.0,-3.0,-3.0,-2.3938321960984505e-05,-5.3032904116398566e-05,0.00013460462885961827,-0.012814451588094578,-0.009234522584067761,-0.010005268745646667,0.03663003663003663,0.4920720734902974,10,-0.83925461769104
838,1,test,2.8534496821053126,1.3802090502226716,1.8687571450492566,4.311190280572157,2.0853158476190368,2.8234482952374638,17.347522175561878,12.98416990257649,14.670533492507698,26.20984328699023,19.61738713541448,22.16526255933228,2.8534496821053126,1.3802090502226716,1.8687571450492566,4.311190280572157,2.0853158476190368,2.8234482952374638,17.347522175561878,12.98416990257649,14.670533492507698,26.20984328699023,19.61738713541448,22.16526255933228,2.8534496821053126,1.3802090502226716,1.8687571450492566,4.311190280572157,2.0853158476190368,2.8234482952374638,17.347522175561878,12.98416990257649,14.670533492507698,26.20984328699023,19.61738713541448,22.16526255933228,0.6739130434782609,0.19391304347826088,0.19391304347826088,0.5579710144927537,0.16797101449275365,0.16797101449275365,0.34782608695652173,0.10282608695652173,0.10282608695652173,0.37681159420289856,0.05190184691047983,0.14123467112597543,0.43795620437956206,0.37681159420289856,0.05190184691047983,0.14123467112597543,0.43795620437956206,0.37681159420289856,0.05190184691047983,0.14123467112597543,0.43795620437956206,14.0,1.0,1.0,24.0,2.0,2.0,31.0,3.0,3.0,6.207919777339891e-05,-0.00010916088665354463,-1.3357445213583867e-05,-6.658904255019138e-05,6.000825494645312e-05,-4.002896295141056e-05,0.9202898550724637,-0.3453459198038181,127,-0.37854599952697754
405,1,test,2.5793818864009,1.2426128514889858,1.686879540588811,3.895393052931971,1.876599000207856,2.547532367419837,13.18898334965179,9.382259128216141,10.747752531446034,19.918056487229233,14.169126030367233,16.23129974136748,2.850856101179063,1.3481897706750452,1.8474252786796448,3.959522362748699,1.8724857926042295,2.5658684426106175,17.302588267980404,12.808933588318947,14.57496448092698,24.031372594417228,17.79018553933187,20.243006223509692,2.5793818864009,1.2426128514889858,1.686879540588811,3.895393052931971,1.876599000207856,2.547532367419837,13.18898334965179,9.382259128216141,10.747752531446034,19.918056487229233,14.169126030367233,16.23129974136748,0.6030150753768844,-0.0019849246231156137,-0.0019849246231156137,0.457286432160804,-0.0027135678391959628,-0.0027135678391959628,0.3869346733668342,-0.0030653266331658324,-0.0030653266331658324,0.36610169491525424,0.09368206716567729,0.16768004891750898,0.326530612244898,0.39698492462311563,0.11377690457299028,0.18663434031593695,0.36363636363636365,0.36610169491525424,0.09368206716567729,0.16768004891750898,0.326530612244898,23.0,0.0,0.0,34.0,0.0,0.0,43.0,0.0,0.0,0.0009809894343815804,0.0002879296382586506,0.00016526794405187015,-0.005032091876683076,-0.005125353237687591,-0.004214488031250241,0.9627118644067797,0.7998716241237379,284,-0.7911534309387207
391,1,test,3.00311820213432,1.4348842557276975,1.9560488877343003,4.863946045174604,2.3239843160252276,3.168079180134081,20.148265436555917,15.35009854966981,17.298976935388286,32.632773467796085,24.86150930744067,28.017974913757712,2.9478661005579037,1.3751686566718657,1.897639585804041,4.9963832212845825,2.330794333342145,3.216338281023798,19.06522701304185,14.245595652674709,16.206928521522,32.31394408990144,24.145077377414765,27.46937037546102,3.00311820213432,1.4348842557276975,1.9560488877343003,4.863946045174604,2.3239843160252276,3.168079180134081,20.148265436555917,15.35009854966981,17.298976935388286,32.632773467796085,24.86150930744067,28.017974913757712,0.6482412060301508,-0.0017587939698492372,-0.0017587939698492372,0.507537688442211,-0.0024623115577889765,-0.0024623115577889765,0.40703517587939697,-0.00296482412060306,-0.00296482412060306,0.4144486692015209,0.11653595572903508,0.18688861863262074,0.3244274809160306,0.40703517587939697,0.10628329618014887,0.1799901007541883,0.28787878787878785,0.4144486692015209,0.11653595572903508,0.18688861863262074,0.3244274809160306,17.0,0.0,0.0,28.0,0.0,0.0,35.0,0.0,0.0,0.00012148248296394217,7.085299968984678e-05,0.0003243820091277536,-0.00013480533558407615,-0.00018378111340844328,8.585827751517172e-05,0.057034220532319393,0.3595429702444721,15,-0.44077277183532715
165,1,test,2.40422654557016,1.1480815563651565,1.5643467724116256,3.8837505736133355,1.8545932833590988,2.5270217092803184,11.069864934089216,7.558007822408726,8.753776430053133,17.88208950891335,12.209089559275636,14.140715771624292,2.433649912222137,1.147017689641625,1.5752579691488546,3.715496049194102,1.7511720452543895,2.404973998700542,11.400416755384812,7.779844037875932,9.041053104852477,17.405216420434826,11.877624485306765,13.803134511225153,2.40422654557016,1.1480815563651565,1.5643467724116256,3.8837505736133355,1.8545932833590988,2.5270217092803184,11.069864934089216,7.558007822408726,8.753776430053133,17.88208950891335,12.209089559275636,14.140715771624292,0.5728643216080402,-0.0021356783919597166,-0.0021356783919597166,0.42713567839195976,-0.002864321608040288,-0.002864321608040288,0.29648241206030146,-0.0035175879396985854,-0.0035175879396985854,0.39590443686006827,0.1045926821752301,0.1745650497999094,0.3356164383561644,0.38190954773869346,0.1037140590168889,0.17155896343151478,0.30808080808080807,0.39590443686006827,0.1045926821752301,0.1745650497999094,0.3356164383561644,21.0,-1.0,-1.0,32.0,-7.0,-7.0,38.0,-6.0,-6.0,9.94452533650429e-05,0.0002759301147765114,-3.685391659567637e-06,-0.005018232032962366,-0.0041165661518860475,-0.004207478917314766,0.051194539249146756,0.24862867864018084,15,-0.5285735130310059
449,1,test,2.6477519134743543,1.2781888700572712,1.7312227890273424,4.462877439063692,2.1544315545619415,2.9180358959706147,14.122254881525267,10.18862338781165,11.621658829048705,23.80354910848284,17.173277156814606,19.588707963428007,2.7010753194095267,1.2570416676598462,1.7346168897282612,4.321720511055243,2.011266668255754,2.775387023565218,14.895740795094486,10.657985778726056,12.267122277552973,23.833185272151177,17.05277724596169,19.627395644084757,2.6477519134743543,1.2781888700572712,1.7312227890273424,4.462877439063692,2.1544315545619415,2.9180358959706147,14.122254881525267,10.18862338781165,11.621658829048705,23.80354910848284,17.173277156814606,19.588707963428007,0.6381909547738693,-0.0018090452261306789,-0.0018090452261306789,0.4773869346733668,-0.0026130653266331905,-0.0026130653266331905,0.371859296482412,-0.003140703517587995,-0.003140703517587995,0.41198501872659177,0.12039623367986274,0.18658028647254443,0.3984962406015038,0.39698492462311563,0.11377690457299028,0.16993984949790697,0.3939393939393939,0.41198501872659177,0.12039623367986274,0.18658028647254443,0.3984962406015038,18.0,-2.0,-2.0,28.0,-1.0,-1.0,36.0,-3.0,-3.0,0.0001404425423248379,4.594535292440134e-05,-2.3092194768609425e-05,-0.00016252502302549487,0.00022759863213561715,7.184004964067014e-05,0.0449438202247191,0.5682538950768895,12,-0.3394961357116699
846,1,test,2.286852927810365,1.1004074604903666,1.4952892425959066,3.6134803168716263,1.7387653795593636,2.362722228632206,9.843909389168658,6.568491478294516,7.637064849319858,15.554464559680863,10.378942335868683,12.067406336494361,2.3562933205965617,1.1054583699043383,1.521555271689878,3.543298226460995,1.6623434133899824,2.288053040135155,10.551766858051321,7.058508419348886,8.247556479254754,15.867318583535821,10.61429837496073,12.402340570307903,2.286852927810365,1.1004074604903666,1.4952892425959066,3.6134803168716263,1.7387653795593636,2.362722228632206,9.843909389168658,6.568491478294516,7.637064849319858,15.554464559680863,10.378942335868683,12.067406336494361,0.5527638190954773,-0.0022361809045226,-0.0022361809045226,0.42211055276381915,-0.0028894472361808976,-0.0028894472361808976,0.2864321608040201,-0.003567839195979916,-0.003567839195979916,0.368421052631579,0.09871877592404832,0.16071976908432106,0.31338028169014087,0.3919597989949749,0.13381443558645356,0.19162590917861433,0.3232323232323232,0.368421052631579,0.09871877592404832,0.16071976908432106,0.31338028169014087,22.0,-12.0,-12.0,29.0,-14.0,-14.0,34.0,-11.0,-11.0,0.0003241110110342412,0.0005139509184553286,7.186631831486193e-05,-0.0002872636165145437,0.00015787518124010802,8.758024202748516e-06,0.07017543859649122,0.33770860538681124,20,-0.49753642082214355
209,1,test,2.5426451453327736,1.22346097702299,1.6594586127777242,3.778848309914454,1.8182928332551622,2.4662672200950713,12.713254940982756,8.972886320074288,10.294660571027116,18.89428496753791,13.335394586187755,15.299799412189472,2.77248734589993,1.3281054301469608,1.8013661776859782,3.932606164397064,1.883837489570157,2.5551293300510327,15.998378060776899,11.75914692985765,13.357474363352903,22.69273483798142,16.67964103525908,18.946772146599862,2.5426451453327736,1.22346097702299,1.6594586127777242,3.778848309914454,1.8182928332551622,2.4662672200950713,12.713254940982756,8.972886320074288,10.294660571027116,18.89428496753791,13.335394586187755,15.299799412189472,0.6180904522613065,-0.0019095477386934512,-0.0019095477386934512,0.507537688442211,-0.0024623115577889765,-0.0024623115577889765,0.40703517587939697,-0.00296482412060306,-0.00296482412060306,0.40671641791044777,0.12366241418605295,0.20572386207918225,0.3932584269662921,0.42713567839195976,0.13640886134935326,0.2117767468393721,0.4242424242424242,0.40671641791044777,0.12366241418605295,0.20572386207918225,0.3932584269662921,19.0,0.0,0.0,29.0,0.0,0.0,37.0,2.0,2.0,0.0004643017971632776,0.00019899259100291468,-0.00015729970187287429,-0.011277364395017031,-0.012238140569360567,-0.010510508236540872,0.9477611940298507,-0.2422638102780924,254,-0.6487479209899902
401,1,test,0.8643012220115639,0.36439090612550656,0.5288439238481447,1.9299930200258222,0.8136884311540438,1.1809136163599347,2.3733470637134566,0.7247736504892972,0.974767256728202,5.299707035476651,1.6184265981799841,2.1766647480338492,0.8210800479781933,0.3102681882764976,0.47745029218559304,1.658747571673118,0.6268044207606014,0.9645460448193799,2.2729534110414664,0.6063096843240843,0.8628969374329925,4.5918250728110435,1.2248680491395643,1.7432261362282677,0.8643012220115639,0.36439090612550656,0.5288439238481447,1.9299930200258222,0.8136884311540438,1.1809136163599347,2.3733470637134566,0.7247736504892972,0.974767256728202,5.299707035476651,1.6184265981799841,2.1766647480338492,0.15577889447236182,-0.004221105527638214,-0.004221105527638214,0.12562814070351758,-0.004371859296482428,-0.004371859296482428,0.10552763819095479,-0.0044723618090452,-0.0044723618090452,0.1834061135371179,0.0505085100512791,0.08906649089560847,0.14912280701754388,0.17085427135678388,0.048047253812924184,0.07903457185761864,0.1262626262626263,0.1834061135371179,0.0505085100512791,0.08906649089560847,0.14912280701754388,14.0,-4.0,-4.0,18.0,-1.0,-1.0,21.0,-3.0,-3.0,0.0007347639184301321,0.00016944448265437885,-3.1668557919886e-05,-0.1739414258764409,-0.1697388946283631,-0.1677315129533441,0.043668122270742356,0.5268753734624877,10,-0.31621766090393066
649,1,test,2.2299099825164785,1.052841256456834,1.4402396662968067,3.8605316572316535,1.8227314252408937,2.4934149222763464,9.299028966619986,6.054180258285886,7.0963588446954615,16.09894389846085,10.48129957215744,12.285571249879016,2.15161909097531,0.990961838442274,1.3595456397163113,3.3358435518997056,1.5363749433213552,2.1078226972345915,8.598769322420933,5.406738765432721,6.390799521374532,13.331425306078966,8.382540721601117,9.908216312208577,2.2299099825164785,1.052841256456834,1.4402396662968067,3.8605316572316535,1.8227314252408937,2.4934149222763464,9.299028966619986,6.054180258285886,7.0963588446954615,16.09894389846085,10.48129957215744,12.285571249879016,0.5728643216080402,-0.0021356783919597166,-0.0021356783919597166,0.371859296482412,-0.003140703517587995,-0.003140703517587995,0.2562814070351759,-0.00371859296482413,-0.00371859296482413,0.35507246376811596,0.06031658673375795,0.13218089750305573,0.34545454545454546,0.3467336683417085,0.07355071094822474,0.1363830840345298,0.3232323232323232,0.35507246376811596,0.06031658673375795,0.13218089750305573,0.34545454545454546,18.0,0.0,0.0,27.0,0.0,0.0,33.0,0.0,0.0,-0.00016926576405263433,-8.439716277307441e-05,-2.512358119986104e-05,-0.00022489431977135155,0.00019273690668875076,4.029903692170933e-05,0.036231884057971016,-0.17375056674405112,10,-0.6339554786682129
473,1,test,2.6515666634523183,1.262970374688125,1.7199678351868675,4.485733077268959,2.1366040173295344,2.90972002193267,14.176230639578273,10.167012323122876,11.63766597589923,23.982345066955723,17.19983287746351,19.68778078629569,2.6841236620709776,1.2606802484741015,1.730665456551888,4.511132205161307,2.118790333569919,2.908681439583005,14.645361469294144,10.493970656970692,12.050694415234645,24.61405288956999,17.636925473900323,20.25326792476411,2.6515666634523183,1.262970374688125,1.7199678351868675,4.485733077268959,2.1366040173295344,2.90972002193267,14.176230639578273,10.167012323122876,11.63766597589923,23.982345066955723,17.19983287746351,19.68778078629569,0.5778894472361809,-0.002110552763819218,-0.002110552763819218,0.4623115577889447,-0.002688442211055242,-0.002688442211055242,0.3668341708542714,-0.0031658291457286047,-0.0031658291457286047,0.375,0.09660356347438748,0.17025222551928787,0.3452914798206278,0.38190954773869346,0.10120779335272856,0.17656731067692388,0.3484848484848485,0.375,0.09660356347438748,0.17025222551928787,0.3452914798206278,22.0,0.0,0.0,31.0,0.0,0.0,42.0,0.0,0.0,0.00038011411309806463,7.4283758018094e-05,0.00020109225884014636,0.00013546161697419734,3.058704788116984e-05,-7.2922532465824474e-06,0.044642857142857144,0.5806094682740736,10,-0.6677837371826172
149,1,test,2.5254900829655362,1.2129830665351096,1.6469192928112357,3.652456087729727,1.7542604564405615,2.3818348912162493,12.49701833888469,8.781541531650522,10.089561852936482,18.073644801935384,12.700186408677368,14.59189321741889,2.5255593251483455,1.1903726382280941,1.632307678118047,3.5823536526926887,1.6884718272738923,2.3153300398837544,12.497883689672125,8.69717826748979,10.054822968751807,17.727494595279612,12.336423074453602,14.262160239364267,2.5254900829655362,1.2129830665351096,1.6469192928112357,3.652456087729727,1.7542604564405615,2.3818348912162493,12.49701833888469,8.781541531650522,10.089561852936482,18.073644801935384,12.700186408677368,14.59189321741889,0.6080402010050252,-0.001959798994974782,-0.001959798994974782,0.4321608040201005,-0.002839195979899567,-0.002839195979899567,0.3668341708542714,-0.0031658291457286047,-0.0031658291457286047,0.4029850746268657,0.1292420578670892,0.18710418132661755,0.39700374531835203,0.40201005025125625,0.13133335852193295,0.18665111869866857,0.3939393939393939,0.4029850746268657,0.1292420578670892,0.18710418132661755,0.39700374531835203,18.0,0.0,0.0,27.0,0.0,0.0,37.0,1.0,1.0,-0.00012121961085146338,0.00022406730057887258,9.805175263858729e-05,-0.00016945494488584956,0.00022372510708557058,6.833549267337702e-05,0.9552238805970149,0.2923225946525952,256,-0.539423942565918
959,1,test,2.2912299338729745,1.1071899641115803,1.499152059479596,4.099275323867975,1.9808908881724192,2.6821564057356038,9.887090673677315,6.619542303715759,7.679111106462179,17.689148620252613,11.843126706647922,13.738817829928934,2.249271792494639,1.0800504361017722,1.4697487587677627,3.7178046156936184,1.7852073323996236,2.429336791351674,9.480829310910643,6.2613444798815205,7.300397286009278,15.67079224943908,10.349329718812431,12.066772373569055,2.2912299338729745,1.1071899641115803,1.499152059479596,4.099275323867975,1.9808908881724192,2.6821564057356038,9.887090673677315,6.619542303715759,7.679111106462179,17.689148620252613,11.843126706647922,13.738817829928934,0.5829145728643217,-0.002085427135678275,-0.002085427135678275,0.4120603015075377,-0.0029396984924623393,-0.0029396984924623393,0.2864321608040201,-0.003567839195979916,-0.003567839195979916,0.3549618320610687,0.07877135587059247,0.14557096911690626,0.3448275862068966,0.36180904522613067,0.08611982216848657,0.15312791000075499,0.3434343434343434,0.3549618320610687,0.07877135587059247,0.14557096911690626,0.3448275862068966,15.0,0.0,0.0,22.0,0.0,0.0,32.0,0.0,0.0,0.00020031881705906673,-0.00031154736846654885,-7.438779024198866e-05,-0.005802510041807096,-0.005422777662320577,-0.004724692283249787,0.03816793893129771,0.7372753079421523,10,-0.5941598415374756
70,1,test,2.7554653239697955,1.3152569347305076,1.7898928666290972,4.7610255281250256,2.272564197350813,3.0926629910743255,15.728357982240004,11.50678252600239,13.102067316640447,27.176213475642538,19.881972339231975,22.63838213571419,2.621162467860516,1.2338116665396848,1.6931913326993635,4.262052793269132,2.006197831771845,2.7531566385355504,13.751700206641912,9.747472212920108,11.222327992713655,22.36048814088116,15.849548313691233,18.247687793030334,2.7554653239697955,1.3152569347305076,1.7898928666290972,4.7610255281250256,2.272564197350813,3.0926629910743255,15.728357982240004,11.50678252600239,13.102067316640447,27.176213475642538,19.881972339231975,22.63838213571419,0.6783919597989949,-0.0016080402010050232,-0.0016080402010050232,0.48743718592964824,-0.002562814070351749,-0.002562814070351749,0.3266331658291457,-0.0033668341708542604,-0.0033668341708542604,0.40808823529411764,0.09616162978953047,0.16236696390047456,0.3763837638376384,0.40201005025125625,0.09624563922368734,0.1582704843080175,0.33333333333333337,0.40808823529411764,0.09616162978953047,0.16236696390047456,0.3763837638376384,20.0,-5.0,-5.0,29.0,-7.0,-7.0,37.0,-8.0,-8.0,-0.0002229081020339591,8.970385645226556e-05,0.00022059006039721688,-0.00019717463232815646,0.00020823100688893703,5.431726479621091e-05,0.04779411764705882,0.34267429399247995,13,-0.4232141971588135
255,1,test,2.7069618499010986,1.3034449844153446,1.7662241461481876,4.667175603277756,2.2473189386471457,3.045214045083082,14.983683612573829,10.914196945451604,12.421812989593871,25.833937263058328,18.8175809404338,21.41691894757564,2.7481656444904536,1.3035296381706736,1.7825033715455718,4.580276074150756,2.1725493969511227,2.970838952575953,15.613964037757237,11.373655621338845,12.987437479681534,26.023273396262063,18.95609270223141,21.645729132802558,2.7069618499010986,1.3034449844153446,1.7662241461481876,4.667175603277756,2.2473189386471457,3.045214045083082,14.983683612573829,10.914196945451604,12.421812989593871,25.833937263058328,18.8175809404338,21.41691894757564,0.6934673366834171,-0.0015326633165829717,-0.0015326633165829717,0.5175879396984925,-0.002412060301507535,-0.002412060301507535,0.36180904522613067,-0.0031909547738693256,-0.0031909547738693256,0.38152610441767065,0.0729088699487328,0.14120567718135557,0.342741935483871,0.3919597989949749,0.0761703253107644,0.14988968213353915,0.3434343434343434,0.38152610441767065,0.0729088699487328,0.14120567718135557,0.342741935483871,14.0,-2.0,-2.0,21.0,-3.0,-3.0,31.0,-4.0,-4.0,4.550767953441636e-05,-5.195598456599813e-06,0.00017960351076330128,-3.7786429536446065e-05,-0.00010682844012599446,0.00013492207507859177,0.9558232931726908,-0.5797252191585881,238,-0.3894362449645996
37,1,test,2.7533093302182086,1.322524378647566,1.7933758921865364,4.428002634165367,2.126946423391962,2.8841921565061828,15.694484269585274,11.512503713480585,13.082961630034676,25.24061387685879,18.51495442580383,21.040639322529994,2.7533093302182086,1.322524378647566,1.7933758921865364,4.428002634165367,2.126946423391962,2.8841921565061828,15.694484269585274,11.512503713480585,13.082961630034676,25.24061387685879,18.51495442580383,21.040639322529994,2.7533093302182086,1.322524378647566,1.7933758921865364,4.428002634165367,2.126946423391962,2.8841921565061828,15.694484269585274,11.512503713480585,13.082961630034676,25.24061387685879,18.51495442580383,21.040639322529994,0.6645161290322581,0.12951612903225818,0.12951612903225818,0.4903225806451613,0.0953225806451613,0.0953225806451613,0.3548387096774194,0.06483870967741934,0.06483870967741934,0.3935483870967742,0.08808214915465207,0.15800234855287698,0.36363636363636365,0.3935483870967742,0.08808214915465207,0.15800234855287698,0.36363636363636365,0.3935483870967742,0.08808214915465207,0.15800234855287698,0.36363636363636365,21.0,2.0,2.0,29.0,3.0,3.0,36.0,3.0,3.0,0.00014392483303137817,2.1710549482907828e-05,2.350899014309063e-05,0.00016353819318304375,-8.804222775715687e-05,-1.118829142932043e-05,0.9032258064516129,-0.26394495945310215,140,-0.2966446876525879
428,1,test,3.019228773006202,1.4345985662613796,1.9594559022041353,4.394655214042361,2.088137913113786,2.8520969243193526,20.475494339360697,15.59800695631655,17.589778854775524,29.80321953840279,22.70376568086075,25.60290033306215,3.019228773006202,1.4345985662613796,1.9594559022041353,4.394655214042361,2.088137913113786,2.8520969243193526,20.475494339360697,15.59800695631655,17.589778854775524,29.80321953840279,22.70376568086075,25.60290033306215,3.019228773006202,1.4345985662613796,1.9594559022041353,4.394655214042361,2.088137913113786,2.8520969243193526,20.475494339360697,15.59800695631655,17.589778854775524,29.80321953840279,22.70376568086075,25.60290033306215,0.7153846153846154,0.24038461538461542,0.24038461538461542,0.5153846153846153,0.17538461538461536,0.17538461538461536,0.41538461538461535,0.14038461538461533,0.14038461538461533,0.41538461538461535,0.11923076923076925,0.18205128205128207,0.3798449612403101,0.41538461538461535,0.11923076923076925,0.18205128205128207,0.3798449612403101,0.41538461538461535,0.11923076923076925,0.18205128205128207,0.3798449612403101,13.0,1.0,1.0,22.0,3.0,3.0,24.0,5.0,5.0,7.482598318020568e-05,0.0001433524587010923,3.3380380238323624e-05,3.511258969890463e-05,-7.827792770243036e-05,2.070064419257278e-05,0.9153846153846154,-0.2995395540705952,119,-0.4167625904083252
886,1,test,2.6428309968367434,1.2588435590731364,1.7165826642456201,4.4158695137019,2.1033841746538484,2.868214071904074,14.052931150560614,10.06214820837509,11.527912794087793,23.480846985746847,16.812703335512808,19.261828972399858,2.716185419029144,1.2813354921465017,1.7579368619265303,4.277457352801802,2.0178511687346488,2.7684045069709144,15.122525980934197,10.923511178674826,12.515399741329519,23.815001544778262,17.202379808936733,19.70929093122759,2.6428309968367434,1.2588435590731364,1.7165826642456201,4.4158695137019,2.1033841746538484,2.868214071904074,14.052931150560614,10.06214820837509,11.527912794087793,23.480846985746847,16.812703335512808,19.261828972399858,0.6281407035175879,-0.0018592964824121205,-0.0018592964824121205,0.4773869346733668,-0.0026130653266331905,-0.0026130653266331905,0.36180904522613067,-0.0031909547738693256,-0.0031909547738693256,0.376425855513308,0.0823082084544845,0.15897958496969233,0.33587786259541985,0.371859296482412,0.06358861979068264,0.15149201768441534,0.3282828282828283,0.376425855513308,0.0823082084544845,0.15897958496969233,0.33587786259541985,20.0,0.0,0.0,29.0,0.0,0.0,41.0,1.0,1.0,0.00024068312854681073,0.00011546863966871166,0.00010300981409972392,-0.00480243652403356,-0.005421652447031633,-0.005492779735443598,0.03802281368821293,0.29850325469334865,10,-0.5914270877838135
566,1,test,3.2343943507634227,1.577503787680692,2.1286553577828395,5.929722976399609,2.892090277414603,3.902534822601873,25.390989087904014,20.148006340007317,22.369532608789793,46.55014666115736,36.93801162334675,41.010809782781294,3.4793313578238894,1.6724122695411971,2.2728880184038984,6.213091710399802,2.986450481323566,4.058728604292675,32.438025391126644,26.34637473751197,29.096446759857965,57.925045341297576,47.04709774555708,51.95794064260351,3.2343943507634227,1.577503787680692,2.1286553577828395,5.929722976399609,2.892090277414603,3.902534822601873,25.390989087904014,20.148006340007317,22.369532608789793,46.55014666115736,36.93801162334675,41.010809782781294,0.728643216080402,-0.001356783919598037,-0.001356783919598037,0.5678391959798995,-0.0021608040201005485,-0.0021608040201005485,0.4522613065326633,-0.0027386934673366836,-0.0027386934673366836,0.375438596491228,0.07596399053676217,0.14440009007349175,0.323943661971831,0.38190954773869346,0.07614513671112455,0.1498561253680758,0.33838383838383834,0.375438596491228,0.07596399053676217,0.14440009007349175,0.323943661971831,19.0,0.0,0.0,31.0,0.0,0.0,37.0,1.0,1.0,0.0009919694392467792,0.0005008516987605975,4.492797830888322e-05,-0.0002872636165145437,0.00015787518124010802,8.758024202748516e-06,0.03508771929824561,0.3832985861037295,10,-0.16672682762145996
318,1,test,2.178230794822189,1.0675102391783242,1.4365608254688844,3.534733804771337,1.7323070348342866,2.3311855311501057,8.830669164576204,5.794123558164575,6.731230577808574,14.330008045509889,9.402440025524552,10.92313465021631,2.2727186824328176,1.0815220495854443,1.4776644492840827,3.5235948564849884,1.676778371450301,2.2909526345489652,9.705751834824317,6.414734843722069,7.491190738655645,15.047677263293515,9.945325339103984,11.614249207218055,2.178230794822189,1.0675102391783242,1.4365608254688844,3.534733804771337,1.7323070348342866,2.3311855311501057,8.830669164576204,5.794123558164575,6.731230577808574,14.330008045509889,9.402440025524552,10.92313465021631,0.5477386934673367,-0.002261306532663321,-0.002261306532663321,0.38190954773869346,-0.0030904522613065533,-0.0030904522613065533,0.29145728643216084,-0.0035427135678391952,-0.0035427135678391952,0.3481481481481481,0.0949133976860409,0.15233534026637474,0.3159851301115242,0.3668341708542714,0.1212201357665521,0.1681697301197138,0.3232323232323232,0.3481481481481481,0.0949133976860409,0.15233534026637474,0.3159851301115242,18.0,-1.0,-1.0,28.0,-1.0,-1.0,34.0,0.0,0.0,0.00015250101764190078,0.00029278166266190114,0.0002167610626464249,-0.017566926112590586,-0.01747713711827359,-0.016474142373493095,0.9518518518518518,-0.27853828832175914,257,-0.3569047451019287
681,1,test,2.482026373697395,1.185298619251243,1.6163809371848323,4.3240333680137,2.064954198318203,2.815959242768544,11.965486415099793,8.308176963932862,9.588946918670919,20.84553293699775,14.473993830247814,16.705272304854365,2.8021521627084787,1.3030560447207835,1.8013223091408732,4.378362754231998,2.0360250698762243,2.814566108032614,16.48007643816075,12.002436455733566,13.75953789758781,25.75011943462617,18.753806962083697,21.49927796498095,2.482026373697395,1.185298619251243,1.6163809371848323,4.3240333680137,2.064954198318203,2.815959242768544,11.965486415099793,8.308176963932862,9.588946918670919,20.84553293699775,14.473993830247814,16.705272304854365,0.5979899497487438,-0.0020100502512562235,-0.0020100502512562235,0.4773869346733668,-0.0026130653266331905,-0.0026130653266331905,0.3919597989949749,-0.0030402010050251116,-0.0030402010050251116,0.37681159420289856,0.09109730848861286,0.1659682207089227,0.3490909090909091,0.40201005025125625,0.12632082719361215,0.19165946594407757,0.38888888888888884,0.37681159420289856,0.09109730848861286,0.1659682207089227,0.3490909090909091,22.0,-7.0,-7.0,30.0,-4.0,-4.0,40.0,-6.0,-6.0,0.001023967071957246,0.0006212603433797703,8.19341210680665e-05,-0.004892525508221723,-0.0032991773153918658,-0.004143679472548456,0.9601449275362319,0.40287048981456974,265,-0.6731472015380859
770,1,test,2.2992694027411136,1.1307327288465272,1.5203217676287246,3.298951751758989,1.622355654431974,2.181331231815127,9.96689800577687,6.749616745205884,7.787720237558233,14.30033192133203,9.684232721382356,11.173685558235725,2.2992694027411136,1.1307327288465272,1.5203217676287246,3.298951751758989,1.622355654431974,2.181331231815127,9.96689800577687,6.749616745205884,7.787720237558233,14.30033192133203,9.684232721382356,11.173685558235725,2.2992694027411136,1.1307327288465272,1.5203217676287246,3.298951751758989,1.622355654431974,2.181331231815127,9.96689800577687,6.749616745205884,7.787720237558233,14.30033192133203,9.684232721382356,11.173685558235725,0.6219512195121951,0.1069512195121951,0.1069512195121951,0.4512195121951219,0.07621951219512191,0.07621951219512191,0.29268292682926833,0.047682926829268335,0.047682926829268335,0.4085365853658537,0.11978278597375647,0.1838402290905501,0.3190184049079755,0.4085365853658537,0.11978278597375647,0.1838402290905501,0.3190184049079755,0.4085365853658537,0.11978278597375647,0.1838402290905501,0.3190184049079755,19.0,2.0,2.0,29.0,3.0,3.0,35.0,2.0,2.0,0.0004696797506684009,0.0002484058992062828,0.00012779249905792308,7.503475263437309e-05,9.647060355266746e-05,-7.034122991722569e-05,0.07926829268292683,0.21429901885990377,13,-0.493701696395874
322,1,test,2.3647922972544038,1.1150307000246829,1.524502913469845,3.930879911330168,1.8534616271933468,2.5341074919266955,10.641828251001693,7.152317301789658,8.324790858179345,17.689396629148508,11.888951276484795,13.837897386774937,2.324549780260808,1.0571883616192612,1.4707734499612566,3.576230431170474,1.6264436332604015,2.2627283845557793,10.222076868857295,6.67060752106158,7.873578034148327,15.7262721059343,10.262473109325509,12.113196975612809,2.3647922972544038,1.1150307000246829,1.524502913469845,3.930879911330168,1.8534616271933468,2.5341074919266955,10.641828251001693,7.152317301789658,8.324790858179345,17.689396629148508,11.888951276484795,13.837897386774937,0.6331658291457287,-0.0018341708542712887,-0.0018341708542712887,0.40703517587939697,-0.00296482412060306,-0.00296482412060306,0.26633165829145733,-0.0036683417085426884,-0.0036683417085426884,0.368,0.08199999999999996,0.13866666666666672,0.3092369477911646,0.35678391959798994,0.07537688442211055,0.12395309882747063,0.2777777777777778,0.368,0.08199999999999996,0.13866666666666672,0.3092369477911646,20.0,-9.0,-9.0,29.0,-14.0,-14.0,37.0,-16.0,-16.0,0.00027547446138960724,-5.507114843953573e-05,0.00016031784435368868,-0.005709765448013826,-0.0053501963932678365,-0.0054472204948492475,0.952,0.34122583570282494,238,-0.6741983890533447
727,1,test,2.3075572561723328,1.1062461940365078,1.500396140114526,3.6920916098757326,1.7699939104584126,2.4006338241832417,10.049845448944215,6.725372791928528,7.80830996248058,16.079752718310743,10.760596467085646,12.49329593996893,2.3075572561723328,1.1062461940365078,1.500396140114526,3.6920916098757326,1.7699939104584126,2.4006338241832417,10.049845448944215,6.725372791928528,7.80830996248058,16.079752718310743,10.760596467085646,12.49329593996893,2.3075572561723328,1.1062461940365078,1.500396140114526,3.6920916098757326,1.7699939104584126,2.4006338241832417,10.049845448944215,6.725372791928528,7.80830996248058,16.079752718310743,10.760596467085646,12.49329593996893,0.6331658291457287,-0.0018341708542712887,-0.0018341708542712887,0.44221105527638194,-0.0027889447236180143,-0.0027889447236180143,0.3065326633165829,-0.0034673366834171437,-0.0034673366834171437,0.40703517587939697,0.10552763819095479,0.1675041876046901,0.4191919191919192,0.40703517587939697,0.10552763819095479,0.1675041876046901,0.4191919191919192,0.40703517587939697,0.10552763819095479,0.1675041876046901,0.4191919191919192,18.0,0.0,0.0,25.0,0.0,0.0,34.0,0.0,0.0,-0.00024041169415626963,-0.00011876079498044983,-0.00010397196558220078,0.0003087096634875053,0.00016800253588922232,0.00010597214558671908,0.05025125628140704,0.3591093280821093,10,-0.2750132083892822
965,1,test,2.4718260926801583,1.167522072338124,1.6004733893445218,4.039670071465859,1.908064643935449,2.61563079630019,11.844055458958836,8.158932028919516,9.453913638383847,19.356570635784156,13.334026058691322,15.450396003301602,2.427044782102817,1.1620965508300474,1.5820528497330013,3.8524520350838367,1.844597699730234,2.5111949995761926,11.325363659898034,7.782454340442795,8.997404626516126,17.976767714123863,12.353102127686975,14.281594645263688,2.4718260926801583,1.167522072338124,1.6004733893445218,4.039670071465859,1.908064643935449,2.61563079630019,11.844055458958836,8.158932028919516,9.453913638383847,19.356570635784156,13.334026058691322,15.450396003301602,0.5829145728643217,-0.002085427135678275,-0.002085427135678275,0.42211055276381915,-0.0028894472361808976,-0.0028894472361808976,0.29145728643216084,-0.0035427135678391952,-0.0035427135678391952,0.3649122807017544,0.09345869050910993,0.15604413601097267,0.33098591549295775,0.3668341708542714,0.0861324164683065,0.14980579021988072,0.31313131313131315,0.3649122807017544,0.09345869050910993,0.15604413601097267,0.33098591549295775,18.0,0.0,0.0,26.0,0.0,0.0,34.0,0.0,0.0,1.1935562731101065e-05,0.0003918359310406802,0.00012311160945545412,-0.010637427286161127,-0.01033111115562324,-0.009763709776253293,0.03508771929824561,0.5436119757167213,10,-0.675490140914917
949,1,test,2.7615179561944387,1.2997376054182082,1.7838574553696875,3.914679300539369,1.8424851769115258,2.528764964205381,15.823844629876808,11.510212154901362,13.16561459518472,22.43160392586932,16.316674373431603,18.663343766800317,2.7615179561944387,1.2997376054182082,1.7838574553696875,3.914679300539369,1.8424851769115258,2.528764964205381,15.823844629876808,11.510212154901362,13.16561459518472,22.43160392586932,16.316674373431603,18.663343766800317,2.7615179561944387,1.2997376054182082,1.7838574553696875,3.914679300539369,1.8424851769115258,2.528764964205381,15.823844629876808,11.510212154901362,13.16561459518472,22.43160392586932,16.316674373431603,18.663343766800317,0.71875,0.23875000000000002,0.23875000000000002,0.5078125,0.17281250000000004,0.17281250000000004,0.359375,0.12437500000000001,0.12437500000000001,0.4140625,0.0872142509727627,0.16535783678756477,0.3700787401574803,0.4140625,0.0872142509727627,0.16535783678756477,0.3700787401574803,0.4140625,0.0872142509727627,0.16535783678756477,0.3700787401574803,15.0,-1.0,-1.0,24.0,-3.0,-3.0,28.0,-1.0,-1.0,0.00030444850714442717,0.00012832489659820898,0.0001155323952129826,6.0537997760512496e-05,-5.7660885422805563e-05,3.588304597812453e-05,0.1171875,-0.3632668222027603,15,-0.4047582149505615
158,1,test,2.897459109823816,1.3870433946022673,1.8898032244904313,4.754394229931897,2.2759772828556546,3.1009478324511504,18.12802547961377,13.599412463197385,15.38885293073032,29.74598656047121,22.315058019721675,25.251322212303343,3.2134132889228413,1.5447518165066578,2.088699154334,4.79613923719827,2.3055997261293397,3.1174614243791043,24.86380891437007,19.558746843648937,21.784472467063832,37.110162558761296,29.192159468132743,32.514138010543036,2.897459109823816,1.3870433946022673,1.8898032244904313,4.754394229931897,2.2759772828556546,3.1009478324511504,18.12802547961377,13.599412463197385,15.38885293073032,29.74598656047121,22.315058019721675,25.251322212303343,0.6783919597989949,-0.0016080402010050232,-0.0016080402010050232,0.5025125628140703,-0.0024874371859296973,-0.0024874371859296973,0.42713567839195976,-0.002864321608040288,-0.002864321608040288,0.3885135135135135,0.10183560457590812,0.17390677194047977,0.3355932203389831,0.4120603015075377,0.126346015793252,0.19002357362773803,0.35858585858585856,0.3885135135135135,0.10183560457590812,0.17390677194047977,0.3355932203389831,22.0,-10.0,-10.0,31.0,-13.0,-13.0,42.0,-15.0,-15.0,0.0011564409956687242,0.0004973958802167044,0.0001044878618834808,-0.03733971675814107,-0.03351602141688126,-0.03412318209459286,0.956081081081081,0.41987404732349987,283,-0.6659672260284424
999,1,test,2.35883600451436,1.1373021618083214,1.5439555743518396,4.1080851764014135,1.9806947761830314,2.6889113935341022,10.578630804734756,7.186243671402936,8.319725245504022,18.423458143077383,12.515368191769157,14.489409135428353,2.3911948721807907,1.1404912298603018,1.5557337198064833,4.052872664713205,1.9330359828140713,2.6368368132313282,10.926541967157847,7.433742192419178,8.620664803289834,18.519562656199742,12.599563037998607,14.611296276762431,2.3611230825018144,1.1305948135871406,1.5400737290572166,4.070901866382439,1.9493014027364497,2.65529953285727,10.602852646448019,7.179815303482366,8.329969001580665,18.28078042491038,12.378991902555805,14.362015519966663,0.5879396984924623,-0.002060301507537776,-0.002060301507537776,0.42211055276381915,-0.007889447236180902,-0.007889447236180902,0.3015075376884422,-0.0034924623115578646,-0.0034924623115578646,0.37540453074433655,0.10238352912882764,0.15581357272496088,0.32792207792207795,0.3668341708542714,0.0911449477966273,0.14813634113807772,0.30808080808080807,0.3712374581939799,0.09410891061468107,0.15099274184247824,0.32885906040268453,18.0,-5.0,-5.0,28.0,-9.0,-9.0,36.0,-10.0,-10.0,0.0007302784293644693,0.0001789815288822125,2.0134222954485587e-05,0.0004675458078473582,6.49105800478722e-05,-7.53513430460373e-05,0.032362459546925564,0.781474504634172,10,-0.6218206882476807
95,1,test,1.2507518087429341,0.5486673802475572,0.7776631065060007,3.1630582931846103,1.3875389946756405,1.9666521536432742,3.4929680144598567,1.4750134057032818,1.888024275697549,8.833456301030713,3.73019919128268,4.774672961681405,1.8976300601628386,0.8777173359728423,1.2135762000719719,3.1627167669380647,1.462862226621404,2.0226270001199533,6.670068035916484,3.897115294210011,4.688172238446347,11.116780059860806,6.495192157016685,7.813620397410579,1.2758477281692502,0.558556819304123,0.7916429845197154,3.163258830171695,1.3848516181093962,1.9627512012885506,3.581736462364147,1.53286136639947,1.958852575555423,8.880338336440033,3.800482726610256,4.856659278236585,0.4623115577889447,-0.002688442211055242,-0.002688442211055242,0.36180904522613067,-0.0031909547738693256,-0.0031909547738693256,0.24120603015075381,-0.0037939698492461815,-0.0037939698492461815,0.29508196721311475,0.11668589520002148,0.1609489246831256,0.16776315789473684,0.3668341708542714,0.1262326670948729,0.1848642209377438,0.25757575757575757,0.2976588628762542,0.11401946387792361,0.1630648695503365,0.17114093959731547,18.0,0.0,0.0,30.0,0.0,0.0,36.0,1.0,1.0,0.002455595087505056,0.00042412335443352495,0.00043179460460953284,-0.052003528996038995,-0.05096874881075042,-0.04972947975578368,0.036065573770491806,0.5762243610765809,11,-0.5842112302780151
348,1,test,2.611123043861238,1.238680862975463,1.6938426317414197,4.142787399198835,1.9652813691901199,2.687437471589738,13.614331761368502,9.669358482388594,11.11185633601661,21.600392291780192,15.341328541890281,17.629984354350373,2.6562249198035004,1.2579614256579703,1.7155314938685522,3.935148029338519,1.8636465565303264,2.5415281390645217,14.24242120260523,10.19425700364996,11.680664011155091,21.09988326311886,15.102602968370311,17.304687423933466,2.611123043861238,1.238680862975463,1.6938426317414197,4.142787399198835,1.9652813691901199,2.687437471589738,13.614331761368502,9.669358482388594,11.11185633601661,21.600392291780192,15.341328541890281,17.629984354350373,0.6482412060301508,-0.0017587939698492372,-0.0017587939698492372,0.5025125628140703,-0.0024874371859296973,-0.0024874371859296973,0.35678391959798994,-0.0032160804020100464,-0.0032160804020100464,0.4134275618374559,0.1365316182748456,0.19251099309480013,0.36170212765957444,0.40703517587939697,0.12883968715759242,0.1833289989177943,0.3434343434343434,0.4134275618374559,0.1365316182748456,0.19251099309480013,0.36170212765957444,20.0,-10.0,-10.0,30.0,-12.0,-12.0,39.0,-15.0,-15.0,0.00014750487325130744,4.211578147411957e-05,9.710197891064093e-05,-0.0002734037727947225,0.00016562223134020115,1.5767138139999304e-05,0.0353356890459364,0.5925503099945241,10,-0.4809901714324951
487,1,test,2.774629292376255,1.3431057561357653,1.8152969581927523,4.74607642116991,2.297417740758546,3.1051132179612866,16.032682456265093,11.8476120125007,13.42272914131193,27.424325254137656,20.265652126645932,22.959931425928296,2.774629292376255,1.3431057561357653,1.8152969581927523,4.74607642116991,2.297417740758546,3.1051132179612866,16.032682456265093,11.8476120125007,13.42272914131193,27.424325254137656,20.265652126645932,22.959931425928296,2.774629292376255,1.3431057561357653,1.8152969581927523,4.74607642116991,2.297417740758546,3.1051132179612866,16.032682456265093,11.8476120125007,13.42272914131193,27.424325254137656,20.265652126645932,22.959931425928296,0.6701030927835052,0.005103092783505181,0.005103092783505181,0.5051546391752577,0.005154639175257714,0.005154639175257714,0.3711340206185567,0.006134020618556724,0.006134020618556724,0.4020618556701031,0.09100787109426767,0.16576048580708946,0.37305699481865284,0.4020618556701031,0.09100787109426767,0.16576048580708946,0.37305699481865284,0.4020618556701031,0.09100787109426767,0.16576048580708946,0.37305699481865284,26.0,0.0,0.0,36.0,0.0,0.0,46.0,0.0,0.0,4.616431754486135e-05,3.0080382530399802e-05,9.477742923300913e-05,-0.00021997671585616274,-0.00011670486294867999,-6.965251566004582e-05,0.08247422680412371,-0.20972955368792992,16,-0.5202422142028809
175,1,test,2.136700326568923,1.0069025544720174,1.3756855235561778,4.394020832863511,2.0706463821803585,2.8290307137647206,8.471438479791365,5.376407944493464,6.33099122874605,17.421103325377405,11.056322789079303,13.019377123630992,1.9882589067875327,0.9164597844985836,1.2587265333055768,4.057671238341904,1.8703260908134358,2.5688296598073,7.302807817872965,4.382178472515973,5.228697346069762,14.903689424230542,8.943221372481577,10.670810910346454,2.136700326568923,1.0069025544720174,1.3756855235561778,4.394020832863511,2.0706463821803585,2.8290307137647206,8.471438479791365,5.376407944493464,6.33099122874605,17.421103325377405,11.056322789079303,13.019377123630992,0.46733668341708545,-0.002663316582914521,-0.002663316582914521,0.3517587939698492,-0.0032412060301507672,-0.0032412060301507672,0.24120603015075381,-0.0037939698492461815,-0.0037939698492461815,0.3779527559055118,0.10879754961867483,0.18292657789504063,0.3320158102766798,0.35678391959798994,0.1036510875177894,0.16813617335425035,0.2727272727272727,0.3779527559055118,0.10879754961867483,0.18292657789504063,0.3320158102766798,24.0,-10.0,-10.0,29.0,-3.0,-3.0,36.0,-9.0,-9.0,-0.0003545999596148893,-0.0003747649293326572,1.6368209241585098e-05,-0.03913786703672795,-0.03663813905585478,-0.03895701730482415,0.03937007874015748,0.1831730497560345,10,-0.4246397018432617
341,1,test,2.552377622441741,1.2360910470777347,1.6724451969204972,5.153526791809121,2.4958016683034514,3.3768479453745073,12.837590468582714,9.10804422640856,10.426853671952165,25.920485213635164,18.39012751446824,21.052946586043547,3.057503058019927,1.4629779724378582,1.9926383751305272,4.740314818635546,2.268182903004431,3.0893618219077936,21.274369919579826,16.348380826304535,18.373923442112805,32.98351925516252,25.346326862487647,28.4867030110276,2.539648409571323,1.2281251386776324,1.662100291732392,5.079296819142646,2.456250277355265,3.324200583464784,12.675213703493943,8.96339018273898,10.270217998143806,25.350427406987887,17.92678036547796,20.540435996287613,0.6834170854271358,-0.0015829145728643024,-0.0015829145728643024,0.5175879396984925,-0.002412060301507535,-0.002412060301507535,0.4120603015075377,-0.0029396984924623393,-0.0029396984924623393,0.3987341772151899,0.13807067010618512,0.20399733510992668,0.3301587301587302,0.4120603015075377,0.12885228145741234,0.18668467546413203,0.3737373737373737,0.3946488294314381,0.13254532358836635,0.1999880952823836,0.3221476510067114,23.0,-7.0,-7.0,32.0,-6.0,-6.0,42.0,-10.0,-10.0,0.0024177679393186987,0.00016904440943700131,0.00044831452089195013,-0.015084024610644953,-0.011786618610801547,-0.014418390395486647,0.04430379746835443,0.36650565908065363,14,-0.7067043781280518
804,1,test,2.7384775166442377,1.3036095451656606,1.7769632423348054,4.23528510338146,2.016141470473599,2.7482226542942017,15.463424359265902,11.264333786797481,12.8477700651122,23.915482394144156,17.421236726165045,19.87015370318595,2.8245911164016633,1.3118967044489807,1.8098795156787884,4.0351301662880905,1.8741381492128295,2.5855421652554123,16.854052231494943,12.3151081131477,14.095484517784978,24.077217473564207,17.593011590211002,20.136406453978545,2.7384775166442377,1.3036095451656606,1.7769632423348054,4.23528510338146,2.016141470473599,2.7482226542942017,15.463424359265902,11.264333786797481,12.8477700651122,23.915482394144156,17.421236726165045,19.87015370318595,0.7035175879396984,-0.001482412060301641,-0.001482412060301641,0.5678391959798995,-0.0021608040201005485,-0.0021608040201005485,0.40703517587939697,-0.00296482412060306,-0.00296482412060306,0.42741935483870963,0.09542740312844811,0.1888134567153852,0.368421052631579,0.4371859296482412,0.09382753365826624,0.19010746554139646,0.3939393939393939,0.42741935483870963,0.09542740312844811,0.1888134567153852,0.368421052631579,12.0,0.0,0.0,23.0,0.0,0.0,29.0,0.0,0.0,0.0004605930506000164,0.00017266726232096282,0.0001236000541544326,-3.085650767697956e-05,-0.00010133182060556578,-0.00011602607612637428,0.04435483870967742,0.2653896356300312,11,-0.39999938011169434
186,1,test,2.2824232042611006,1.0865676049162827,1.4810911477859627,3.841151246195511,1.828613774127403,2.4925680292007666,9.800400030293108,6.494014528397367,7.571892580247679,16.493356148542063,10.92895127949801,12.74294117163634,2.3204521728240346,1.109099305307066,1.511012635295384,3.8354581368992307,1.8332219922430841,2.4975415459427834,10.1802765098781,6.8222519666310895,7.933628038278771,16.826903322112564,11.276449531621639,13.1134347740145,2.2824232042611006,1.0865676049162827,1.4810911477859627,3.841151246195511,1.828613774127403,2.4925680292007666,9.800400030293108,6.494014528397367,7.571892580247679,16.493356148542063,10.92895127949801,12.74294117163634,0.5879396984924623,-0.002060301507537776,-0.002060301507537776,0.4170854271356784,-0.0029145728643216184,-0.0029145728643216184,0.2814070351758794,-0.003592964824120637,-0.003592964824120637,0.36363636363636365,0.08181818181818179,0.1454545454545455,0.3065693430656934,0.35678391959798994,0.07286432160804024,0.14070351758793964,0.2828282828282829,0.36363636363636365,0.08181818181818179,0.1454545454545455,0.3065693430656934,20.0,0.0,0.0,29.0,0.0,0.0,37.0,0.0,0.0,0.00023129970387666493,0.00041011623978349853,0.00020063518918997603,-0.005883013494525358,-0.005041260901883504,-0.005534834419069767,0.04727272727272727,0.314167532309185,13,-0.35235095024108887
920,1,test,2.41639931449446,1.1575288167887872,1.5747483388261885,4.072924630720222,1.9510548610024845,2.654292797518356,11.205439325754107,7.683997562070557,8.885244924832872,18.887155593094974,12.951643689527732,14.976387672045345,2.3346161533953813,1.1062448233074678,1.5144008244725595,3.4845017214856435,1.65111167657831,2.2602997380187455,10.325495762112842,6.9098337443756055,8.05450696765476,15.411187704646032,10.313184693097918,12.02165219052949,2.41639931449446,1.1575288167887872,1.5747483388261885,4.072924630720222,1.9510548610024845,2.654292797518356,11.205439325754107,7.683997562070557,8.885244924832872,18.887155593094974,12.951643689527732,14.976387672045345,0.5477386934673367,-0.002261306532663321,-0.002261306532663321,0.4120603015075377,-0.0029396984924623393,-0.0029396984924623393,0.3015075376884422,-0.0034924623115578646,-0.0034924623115578646,0.36329588014981273,0.08292204837411177,0.14287246794557862,0.3533834586466166,0.35678391959798994,0.0936260248611478,0.15311113161802337,0.3232323232323232,0.36329588014981273,0.08292204837411177,0.14287246794557862,0.3533834586466166,20.0,-3.0,-3.0,27.0,-4.0,-4.0,34.0,-4.0,-4.0,-0.00044831163422029115,-0.0001450977192714089,-3.042805049908879e-06,-0.00016252502302549487,0.00022759863213561715,7.184004964067014e-05,0.06367041198501873,0.27197290264655904,17,-0.5275042057037354
263,1,test,2.425651426086009,1.1727528145355066,1.5882618090564005,3.7789095901129404,1.8270254373816315,2.4743447130562872,11.309594384958293,7.80911960206555,8.999266127971875,17.619157568145553,12.165786327428439,14.019909336208817,2.5632601831094877,1.2152492644401778,1.6613959670666174,3.7419856687729744,1.7740865174309164,2.425395572360025,12.97805926949995,9.128298846122464,10.51386665017587,18.9460719262773,13.325983716967102,15.348710438212951,2.425651426086009,1.1727528145355066,1.5882618090564005,3.7789095901129404,1.8270254373816315,2.4743447130562872,11.309594384958293,7.80911960206555,8.999266127971875,17.619157568145553,12.165786327428439,14.019909336208817,0.5829145728643217,-0.002085427135678275,-0.002085427135678275,0.4773869346733668,-0.0026130653266331905,-0.0026130653266331905,0.3869346733668342,-0.0030653266331658324,-0.0030653266331658324,0.41694915254237286,0.1445295247927959,0.21965490226052398,0.37414965986394555,0.4321608040201005,0.1514590496341356,0.22514911787652792,0.38383838383838387,0.41694915254237286,0.1445295247927959,0.21965490226052398,0.37414965986394555,17.0,0.0,0.0,29.0,-4.0,-4.0,37.0,-3.0,-3.0,0.00036535667039622194,0.0002507996094240469,1.242504897537371e-05,-0.005032091876683076,-0.004124313201983476,-0.004214488031250241,0.05084745762711865,0.4592321239630464,15,-0.6239824295043945
411,1,test,2.457800251837269,1.161474434847635,1.5916706959314562,4.150589829261613,1.9614303369943502,2.6879207116723265,11.67909220070642,8.023252463811595,9.301401896876886,19.72297027271614,13.549201180608987,15.707665454990767,2.685185278252372,1.2496402646033336,1.7257803922563921,4.007739221272197,1.8651347232885578,2.5757916302334216,14.660917477806487,10.45898298132331,12.050774799140587,21.8819663847858,15.610422360184042,17.98623104349341,2.457800251837269,1.161474434847635,1.5916706959314562,4.150589829261613,1.9614303369943502,2.6879207116723265,11.67909220070642,8.023252463811595,9.301401896876886,19.72297027271614,13.549201180608987,15.707665454990767,0.6683417085427136,-0.0016582914572863539,-0.0016582914572863539,0.542713567839196,-0.0022864321608039306,-0.0022864321608039306,0.3467336683417085,-0.003266331658291488,-0.003266331658291488,0.3976377952755905,0.09311913122843929,0.17381580574679467,0.35573122529644263,0.39698492462311563,0.06615785695394272,0.15825370592528587,0.3737373737373737,0.3976377952755905,0.09311913122843929,0.17381580574679467,0.35573122529644263,20.0,0.0,0.0,27.0,0.0,0.0,38.0,0.0,0.0,0.0003226664334837731,0.00037066602437204607,0.00028177659402781996,-7.243603883999583e-05,-0.00013431153772813786,0.00011739929023413254,0.03937007874015748,0.637894713271908,10,-0.349576473236084
257,1,test,1.9581119481405196,0.9061246721022169,1.2547934995430046,3.3441911923298764,1.5475387658374942,2.143018111579064,7.08593581315735,4.222600106949356,5.065489470739856,12.101822961796824,7.211631643329238,8.651173028679306,2.095428742891533,0.9317554520211928,1.3097721914303018,3.3260773696690995,1.4789769079701471,2.0790034784607965,8.128925442187095,4.927253065925765,5.935078600840625,12.903056257439832,7.8210366125805795,9.420759683874007,1.939105239482367,0.9011136541251887,1.2432016354292128,3.3052930218449434,1.5359891831679353,2.11909369675434,6.952527339761515,4.128986863959593,4.9470068879188265,11.850898874593492,7.038045790840216,8.432398104407092,0.4974874371859297,-0.002512562814070307,-0.002512562814070307,0.3517587939698492,-0.0032412060301507672,-0.0032412060301507672,0.27135678391959794,-0.0036432160804020786,-0.0036432160804020786,0.34983498349834985,0.0961282289678721,0.16103147087485914,0.3112582781456954,0.3417085427135679,0.09609450762584859,0.15473024555163128,0.303030303030303,0.34448160535117056,0.09072534491711381,0.15538260646351765,0.30536912751677847,14.0,0.0,0.0,27.0,0.0,0.0,32.0,0.0,0.0,0.0007896221723061097,0.00013541047261620117,0.00011692634897992404,-0.012543033210286936,-0.010235349261050075,-0.011738005540966157,0.036303630363036306,-0.2868564631360729,11,-0.5464308261871338
811,1,test,2.373761156949364,1.1286419699408239,1.5429389168438772,4.0430512608685945,1.922332129447597,2.6279733809469907,10.737702614660286,7.2643538619454295,8.442497440308593,18.288732195292358,12.372834964861894,14.379479511235282,2.3625620127593847,1.09344400318424,1.5135227170893748,3.9050611781146856,1.8073454598086611,2.501690441470041,10.618120393915103,7.060407084824737,8.280720171504258,17.550612221347276,11.670094355082208,13.687140779345881,2.373761156949364,1.1286419699408239,1.5429389168438772,4.0430512608685945,1.922332129447597,2.6279733809469907,10.737702614660286,7.2643538619454295,8.442497440308593,18.288732195292358,12.372834964861894,14.379479511235282,0.6231155778894473,-0.0018844221105527303,-0.0018844221105527303,0.4170854271356784,-0.0029145728643216184,-0.0029145728643216184,0.29145728643216084,-0.0035427135678391952,-0.0035427135678391952,0.3802281368821293,0.08611048982330582,0.17163142386063757,0.33206106870229013,0.37688442211055273,0.06861374541882337,0.15651714331255606,0.31313131313131315,0.3802281368821293,0.08611048982330582,0.17163142386063757,0.33206106870229013,21.0,-2.0,-2.0,30.0,-3.0,-3.0,37.0,-1.0,-1.0,-5.951791877427023e-05,0.00012126578950080215,0.00018232541005720968,-0.00013480533558407615,-0.00018378111340844328,8.585827751517172e-05,0.053231939163498096,0.2681030976097492,14,-0.42217087745666504
316,1,test,3.0638456363684523,1.4914062224421343,2.0120742510526166,4.705191512994409,2.2903738416075634,3.089971171259376,21.409733099612115,16.591345188100327,18.547015494294875,32.87923297440432,25.479565824582647,28.48291665195284,3.0638456363684523,1.4914062224421343,2.0120742510526166,4.705191512994409,2.2903738416075634,3.089971171259376,21.409733099612115,16.591345188100327,18.547015494294875,32.87923297440432,25.479565824582647,28.48291665195284,3.0638456363684523,1.4914062224421343,2.0120742510526166,4.705191512994409,2.2903738416075634,3.089971171259376,21.409733099612115,16.591345188100327,18.547015494294875,32.87923297440432,25.479565824582647,28.48291665195284,0.672514619883041,0.08751461988304099,0.08751461988304099,0.5380116959064327,0.07301169590643275,0.07301169590643275,0.42690058479532167,0.056900584795321674,0.056900584795321674,0.4093567251461988,0.1090651799566944,0.18411400669959688,0.3647058823529412,0.4093567251461988,0.1090651799566944,0.18411400669959688,0.3647058823529412,0.4093567251461988,0.1090651799566944,0.18411400669959688,0.3647058823529412,25.0,2.0,2.0,37.0,2.0,2.0,40.0,4.0,4.0,0.00046653949541746343,0.0002083867769159837,0.00014142281532803557,6.198743319529854e-06,4.672966136887169e-05,5.8057862415417105e-05,0.06432748538011696,-0.5890017920752977,11,-0.18258357048034668
251,1,test,2.4207343736665523,1.1585203101824384,1.5779870618660192,4.236285153916467,2.0274105428192675,2.761477358265534,11.254121011035197,7.720885369363806,8.93138150226644,19.694711769311596,13.511549396386663,15.629917628966268,2.275655745462003,1.0788496303995514,1.4758966841076036,3.7927595757700057,1.798082717332586,2.459827806846006,9.734300143277203,6.424770375893201,7.509295369009044,16.223833572128672,10.707950626488667,12.515492281681741,2.4207343736665523,1.1585203101824384,1.5779870618660192,4.236285153916467,2.0274105428192675,2.761477358265534,11.254121011035197,7.720885369363806,8.93138150226644,19.694711769311596,13.511549396386663,15.629917628966268,0.5678391959798995,-0.0021608040201005485,-0.0021608040201005485,0.3919597989949749,-0.0030402010050251116,-0.0030402010050251116,0.29648241206030146,-0.0035175879396985854,-0.0035175879396985854,0.38351254480286734,0.09549823353274212,0.170163319534691,0.3453237410071942,0.36180904522613067,0.09113235349680737,0.15312791000075499,0.2828282828282829,0.38351254480286734,0.09549823353274212,0.170163319534691,0.3453237410071942,20.0,1.0,1.0,27.0,2.0,2.0,36.0,-2.0,-2.0,-0.00042975481921925495,0.0004411165216691795,0.0002063444050695679,-0.005920318713434014,-0.004062336801191613,-0.004784269751719528,0.035842293906810034,0.6637260288863696,10,-0.4899582862854004
942,1,test,3.542116288834209,1.7110068057600645,2.320235688290416,5.750729974813186,2.7778698728810456,3.7669708821656167,34.53993838469042,28.299131496202804,31.14637471055584,56.076605848085634,45.9444723114822,50.56705541243184,3.48014110417062,1.6719184319973517,2.2734553619749907,5.313192525451328,2.5525472244234373,3.4709242167557104,32.464302601183874,26.36470579179506,29.121913863797943,49.56382076516622,40.2514592241146,44.460937196638085,3.542116288834209,1.7110068057600645,2.320235688290416,5.750729974813186,2.7778698728810456,3.7669708821656167,34.53993838469042,28.299131496202804,31.14637471055584,56.076605848085634,45.9444723114822,50.56705541243184,0.7487437185929648,-0.0012562814070351536,-0.0012562814070351536,0.6030150753768844,-0.0019849246231156137,-0.0019849246231156137,0.48743718592964824,-0.002562814070351749,-0.002562814070351749,0.4545454545454546,0.13090909090909097,0.21212121212121215,0.4197080291970803,0.4623115577889447,0.14321608040201006,0.21105527638190957,0.4040404040404041,0.4545454545454546,0.13090909090909097,0.21212121212121215,0.4197080291970803,22.0,-4.0,-4.0,38.0,-12.0,-12.0,46.0,-9.0,-9.0,6.971284866739504e-05,-2.23655279492406e-05,0.00017050389958834678,-0.0002179643979092205,0.00019661043173790915,4.380359388900246e-05,0.04727272727272727,0.650149289083217,13,-0.37737488746643066
600,1,test,2.4292904098268937,1.1776367182198215,1.5900274320566425,4.054401925366264,1.965435074546185,2.6537009555703968,11.350824787925736,7.854705104464152,9.036164396126003,18.944135163296746,13.109231967450516,15.08104678525857,2.396658877098006,1.149430620385585,1.5544479194312062,3.9289489788491907,1.8843124924353858,2.548275277756076,10.986408051540781,7.5057260337352485,8.664914019670938,18.01050500252587,12.304468907762704,14.204777081427768,2.4292904098268937,1.1776367182198215,1.5900274320566425,4.054401925366264,1.965435074546185,2.6537009555703968,11.350824787925736,7.854705104464152,9.036164396126003,18.944135163296746,13.109231967450516,15.08104678525857,0.5979899497487438,-0.0020100502512562235,-0.0020100502512562235,0.40703517587939697,-0.00296482412060306,-0.00296482412060306,0.2814070351758794,-0.003592964824120637,-0.003592964824120637,0.36929460580912865,0.08565071346958408,0.1499842609815425,0.33333333333333337,0.33668341708542715,0.060994194027783055,0.12132448553283948,0.29292929292929293,0.36929460580912865,0.08565071346958408,0.1499842609815425,0.33333333333333337,20.0,-3.0,-3.0,27.0,-3.0,-3.0,31.0,0.0,0.0,9.831110311778975e-05,4.114068090923284e-05,2.723326970954501e-06,1.765294534639139e-05,-6.285548396256502e-05,-8.431204445269458e-05,0.04149377593360996,0.5521271880796861,10,-0.3767216205596924
506,1,test,2.8324282518163453,1.373113572069074,1.855819518258382,4.399303454948791,2.1327083140647316,2.882443081550253,16.986658669694908,12.683649091676099,14.331223004570084,26.383533678462303,19.7001358232416,22.259133602842894,2.6299675305738277,1.2546272244068197,1.7086175715369651,3.9253246724982502,1.8725779468758503,2.550175479905918,13.873319436095564,9.916896547133875,11.360639319439933,20.706446919545616,14.80133813005056,16.956178088716317,2.8324282518163453,1.373113572069074,1.855819518258382,4.399303454948791,2.1327083140647316,2.882443081550253,16.986658669694908,12.683649091676099,14.331223004570084,26.383533678462303,19.7001358232416,22.259133602842894,0.6180904522613065,-0.0019095477386934512,-0.0019095477386934512,0.46733668341708545,-0.002663316582914521,-0.002663316582914521,0.38190954773869346,-0.0030904522613065533,-0.0030904522613065533,0.415807560137457,0.12249709701567313,0.19523613156602848,0.4172413793103448,0.4321608040201005,0.1564715809624564,0.2184713215493158,0.40909090909090906,0.415807560137457,0.12249709701567313,0.19523613156602848,0.4172413793103448,20.0,-8.0,-8.0,32.0,-12.0,-12.0,41.0,-15.0,-15.0,-0.00044671659803332723,-1.4309141889008756e-05,-2.0593357262806477e-05,-0.00032884314767755995,0.00013463403094249315,-1.2269317609892028e-05,0.03436426116838488,0.38655353863819786,10,-0.42475342750549316
78,1,test,2.7064292970805908,1.3056640821388823,1.7709765255022978,4.334356693820796,2.091025936057007,2.8362255633984175,14.975706134007254,10.917401879984347,12.42733910927927,23.983649673259738,17.48426015365914,19.902430302830712,2.7189946188219944,1.2947020207988638,1.7685437189142492,4.248429091909366,2.0229719074982246,2.7633495608035146,15.165067904191217,11.010150298205453,12.578192085737763,23.695418600298776,17.20335984094602,19.653425133965257,2.7064292970805908,1.3056640821388823,1.7709765255022978,4.334356693820796,2.091025936057007,2.8362255633984175,14.975706134007254,10.917401879984347,12.42733910927927,23.983649673259738,17.48426015365914,19.902430302830712,0.6582914572864322,-0.0017085427135676845,-0.0017085427135676845,0.5025125628140703,-0.0024874371859296973,-0.0024874371859296973,0.371859296482412,-0.003140703517587995,-0.003140703517587995,0.4056603773584906,0.09742508324084354,0.17995504820488561,0.35545023696682465,0.40703517587939697,0.09625823352350726,0.1783206516723853,0.35858585858585856,0.4056603773584906,0.09742508324084354,0.17995504820488561,0.35545023696682465,16.0,0.0,0.0,26.0,0.0,0.0,33.0,0.0,0.0,0.00032904500473656523,0.00019374938165530432,0.00015725622990887543,0.00021862067930111806,9.6546482126314e-05,4.707465819286938e-05,0.05188679245283019,0.7914323631222996,11,-0.2946126461029053
240,1,test,1.4287911714527985,0.6640526193266851,0.9164096804559418,2.346623910730424,1.0906294675034298,1.505096693728964,4.173650912916511,2.0252183148306937,2.504389115882759,6.854737923200626,3.326186371377563,4.113168879065723,1.2076517375055218,0.5512313711057284,0.767219371644291,1.8869558398523778,0.8612990173527006,1.1987802681942048,3.3456190292022594,1.4177401612292144,1.7922403279445052,5.22752973312853,2.2152190019206475,2.800375512413289,1.4287911714527985,0.6640526193266851,0.9164096804559418,2.346623910730424,1.0906294675034298,1.505096693728964,4.173650912916511,2.0252183148306937,2.504389115882759,6.854737923200626,3.326186371377563,4.113168879065723,0.29145728643216084,-0.0035427135678391952,-0.0035427135678391952,0.2211055276381909,-0.003894472361809065,-0.003894472361809065,0.1507537688442211,-0.0042462311557789345,-0.0042462311557789345,0.3076923076923077,0.09557109557109555,0.1542602753908272,0.35365853658536583,0.26633165829145733,0.08337426480774801,0.1311062826654139,0.31313131313131315,0.3076923076923077,0.09557109557109555,0.1542602753908272,0.35365853658536583,13.0,0.0,0.0,21.0,0.0,0.0,23.0,0.0,0.0,-3.6242764051885125e-05,-0.0006203000000422823,-0.0007948463747022784,-0.053120328794774796,-0.05307457931118531,-0.04477942216152364,0.9554655870445344,-0.7082865662577518,236,-0.5755656957626343
760,1,test,2.9556024508786973,1.4211423054468955,1.9310111575247262,4.61278995223843,2.217967759946022,3.0137168354432147,19.213294299862515,14.574473734479273,16.427337710986446,29.986066248340343,22.746288487337594,25.638041514256308,3.1421284695897884,1.5122005965870278,2.0486615801345054,4.456919815020977,2.144965385229827,2.905902950545398,23.15309510856864,18.049588503914013,20.168491661532567,32.84126965754417,25.60225319704115,28.607789590826336,2.9556024508786973,1.4211423054468955,1.9310111575247262,4.61278995223843,2.217967759946022,3.0137168354432147,19.213294299862515,14.574473734479273,16.427337710986446,29.986066248340343,22.746288487337594,25.638041514256308,0.7085427135678393,-0.0014572864321606982,-0.0014572864321606982,0.5376884422110553,-0.0023115577889447625,-0.0023115577889447625,0.4321608040201005,-0.002839195979899567,-0.002839195979899567,0.4163568773234201,0.12136615376126791,0.1864434038994398,0.3656716417910447,0.4170854271356784,0.11382728177226986,0.18169310660145477,0.3787878787878788,0.4163568773234201,0.12136615376126791,0.1864434038994398,0.3656716417910447,19.0,0.0,0.0,31.0,0.0,0.0,39.0,0.0,0.0,0.0006419611232360328,0.0004476519848620661,0.0001147726269436025,-0.00017638486674709242,0.00021985158203818855,6.483093570341936e-05,0.055762081784386616,-0.23828549662102771,15,-0.4540140628814697
376,1,test,3.084128307326602,1.4795886957052362,2.009925352302102,5.220988634545748,2.5047322920152926,3.402516489254273,21.848413437006524,16.872845055512126,18.9207549421557,36.986242746932476,28.563316272545528,32.03013515207787,3.066283620058573,1.4406802893129058,1.9800321747488137,4.945618742029956,2.3236778859885576,3.193600281852925,21.461993358663186,16.380509430660133,18.49884764446393,34.61611832042449,26.420176501064724,29.836851039457944,3.084128307326602,1.4795886957052362,2.009925352302102,5.220988634545748,2.5047322920152926,3.402516489254273,21.848413437006524,16.872845055512126,18.9207549421557,36.986242746932476,28.563316272545528,32.03013515207787,0.728643216080402,-0.001356783919598037,-0.001356783919598037,0.5678391959798995,-0.0021608040201005485,-0.0021608040201005485,0.38190954773869346,-0.0030904522613065533,-0.0030904522613065533,0.3813559322033898,0.06000286666427779,0.13346860825972784,0.36170212765957444,0.38190954773869346,0.05860127706200169,0.1365005327136517,0.35858585858585856,0.3813559322033898,0.06000286666427779,0.13346860825972784,0.36170212765957444,15.0,-5.0,-5.0,26.0,-5.0,-5.0,34.0,-8.0,-8.0,6.991350607757799e-05,-2.8297251951219186e-05,1.3578646842749815e-05,5.230255464905298e-05,-3.5372386360421615e-05,-6.165916468603427e-05,0.0635593220338983,0.17293098081161823,15,-0.34490227699279785
214,1,test,2.6835452136784927,1.2897492150277374,1.7501337120826466,3.8857734694064576,1.8675568633601638,2.5341936150956723,14.636892333210097,10.60677295199249,12.093721907958262,21.19422009848822,15.358607234485124,17.511709322723565,2.6835452136784927,1.2897492150277374,1.7501337120826466,3.8857734694064576,1.8675568633601638,2.5341936150956723,14.636892333210097,10.60677295199249,12.093721907958262,21.19422009848822,15.358607234485124,17.511709322723565,2.6835452136784927,1.2897492150277374,1.7501337120826466,3.8857734694064576,1.8675568633601638,2.5341936150956723,14.636892333210097,10.60677295199249,12.093721907958262,21.19422009848822,15.358607234485124,17.511709322723565,0.6777777777777778,0.06277777777777782,0.06277777777777782,0.46111111111111114,0.0411111111111111,0.0411111111111111,0.35,0.030000000000000027,0.030000000000000027,0.38888888888888884,0.11188057863958134,0.15641656416564165,0.3184357541899442,0.38888888888888884,0.11188057863958134,0.15641656416564165,0.3184357541899442,0.38888888888888884,0.11188057863958134,0.15641656416564165,0.3184357541899442,19.0,-1.0,-1.0,32.0,-2.0,-2.0,37.0,1.0,1.0,6.642454701933072e-05,0.00016962874632211658,8.566391787752728e-05,-8.230469722736444e-05,-1.7222978581976633e-05,8.084236211125528e-06,0.10555555555555556,0.25119055491183706,19,-0.6086184978485107
549,1,test,2.599080666570444,1.2543032644038645,1.7023869367797182,4.125285011475182,1.990841809199157,2.7020443822143205,13.451366058396543,9.614033794721175,10.9998816310557,21.350133336873583,15.25948387185396,17.459114449291896,2.599732054786344,1.2382230736515283,1.691448063520506,3.7139029354090627,1.768890105216469,2.416354376457866,13.460130974106223,9.558053952025997,10.980067904203668,19.22875853443746,13.654362788608566,15.685811291719528,2.599080666570444,1.2543032644038645,1.7023869367797182,4.125285011475182,1.990841809199157,2.7020443822143205,13.451366058396543,9.614033794721175,10.9998816310557,21.350133336873583,15.25948387185396,17.459114449291896,0.6582914572864322,-0.0017085427135676845,-0.0017085427135676845,0.46733668341708545,-0.002663316582914521,-0.002663316582914521,0.35678391959798994,-0.0032160804020100464,-0.0032160804020100464,0.38602941176470584,0.07226794387479762,0.1488655975837767,0.4022140221402214,0.3869346733668342,0.08117026233926528,0.15321180191441353,0.40909090909090906,0.38602941176470584,0.07226794387479762,0.1488655975837767,0.4022140221402214,20.0,-4.0,-4.0,29.0,-3.0,-3.0,40.0,-7.0,-7.0,0.0004985605151427894,-0.00016046913509588573,-0.00011465169013994713,-0.00019717463232815646,0.00020823100688893703,5.431726479621091e-05,0.9411764705882353,-0.3738092236937747,256,-0.7814021110534668
418,1,test,1.7743185784199058,0.8391209677008558,1.1448038571898742,3.2145122297347646,1.5202256492762258,2.0740277672465903,5.896261926967621,3.348545062808041,4.019562291207015,10.68218881574004,6.066519951450932,7.282194021082837,1.7477107031738168,0.7585846161985035,1.0812480501612676,2.8418060214208403,1.233470920647973,1.7581269108313293,5.741443750453885,3.0525601555816526,3.7941070332070543,9.335680895046968,4.963512448100248,6.16927972879196,1.7743185784199058,0.8391209677008558,1.1448038571898742,3.2145122297347646,1.5202256492762258,2.0740277672465903,5.896261926967621,3.348545062808041,4.019562291207015,10.68218881574004,6.066519951450932,7.282194021082837,0.4321608040201005,-0.002839195979899567,-0.002839195979899567,0.3015075376884422,-0.0034924623115578646,-0.0034924623115578646,0.21105527638190957,-0.0039447236180903955,-0.0039447236180903955,0.3381294964028777,0.0881294964028777,0.14748201438848918,0.3212996389891697,0.3266331658291457,0.09547738693467334,0.1390284757118928,0.297979797979798,0.3381294964028777,0.0881294964028777,0.14748201438848918,0.3212996389891697,16.0,0.0,0.0,26.0,0.0,0.0,34.0,0.0,0.0,-0.00010444729258134638,7.506469861700149e-05,1.4629961242421298e-05,-0.05864816093841796,-0.06200885321346927,-0.05896285730067863,0.960431654676259,-0.5198099190148762,267,-0.5885268449783325
884,1,test,3.4045051934317976,1.664690249418196,2.244383176366713,5.7266532444430815,2.800143714339278,3.7752341290330254,30.09939865848364,24.40310946576979,26.909076132324195,50.6296243330563,41.04800493953185,45.263243667666714,3.4930004640476517,1.7042412352712892,2.298936493448341,5.500788132358506,2.683844464994156,3.6203724306273086,32.88446849371959,26.902442959087686,29.584001503661632,51.78656455703872,42.3660519040751,46.58897874592383,3.4045051934317976,1.664690249418196,2.244383176366713,5.7266532444430815,2.800143714339278,3.7752341290330254,30.09939865848364,24.40310946576979,26.909076132324195,50.6296243330563,41.04800493953185,45.263243667666714,0.7537688442211055,-0.0012311557788945438,-0.0012311557788945438,0.6030150753768844,-0.0019849246231156137,-0.0019849246231156137,0.4723618090452262,-0.0026381909547738003,-0.0026381909547738003,0.4,0.08674698795180724,0.1557339449541285,0.3771626297577855,0.40703517587939697,0.09124570219518646,0.16329560993615821,0.38383838383838387,0.4,0.08674698795180724,0.1557339449541285,0.3771626297577855,25.0,0.0,0.0,36.0,1.0,1.0,43.0,1.0,1.0,-3.770546173618976e-05,-0.00012864621733709746,0.00012759345394901595,-0.00032191322581809345,0.00013850755599076336,-8.764760639934366e-06,0.9620689655172414,0.42597174807347093,279,-0.21244382858276367
270,1,test,2.1870052839431673,1.0457397460349849,1.4199814463429035,3.5682717790651677,1.7062069540570806,2.3168118335068426,8.908494715490768,5.777766801457244,6.755146721193807,14.534912430537569,9.426882676061819,11.021555176684632,2.1870052839431673,1.0457397460349849,1.4199814463429035,3.5682717790651677,1.7062069540570806,2.3168118335068426,8.908494715490768,5.777766801457244,6.755146721193807,14.534912430537569,9.426882676061819,11.021555176684632,2.1870052839431673,1.0457397460349849,1.4199814463429035,3.5682717790651677,1.7062069540570806,2.3168118335068426,8.908494715490768,5.777766801457244,6.755146721193807,14.534912430537569,9.426882676061819,11.021555176684632,0.5324675324675325,0.10246753246753249,0.10246753246753249,0.3701298701298701,0.07012987012987004,0.07012987012987004,0.2727272727272727,0.052727272727272734,0.052727272727272734,0.35064935064935066,0.08116883116883122,0.14935064935064934,0.33333333333333337,0.35064935064935066,0.08116883116883122,0.14935064935064934,0.33333333333333337,0.35064935064935066,0.08116883116883122,0.14935064935064934,0.33333333333333337,13.0,1.0,1.0,18.0,2.0,2.0,24.0,2.0,2.0,0.00046416618151793183,3.913969977046582e-05,7.673064746651672e-06,-0.009177686175328326,-0.009636838574384576,-0.009040279173979648,0.9090909090909091,-0.9019235006449277,140,-0.40683603286743164
13,1,test,3.0464402692357497,1.4630146617707258,1.9904069705092486,5.193260593193829,2.493998148253452,3.393042755096303,21.04031310627542,16.1686976036786,18.165368810363855,35.867379389221185,27.5627462505662,30.96646763645919,2.9918273775124615,1.435558280926191,1.954145864211373,4.986378962520769,2.392597134876985,3.2569097736856216,19.922054363018344,15.180954740920807,17.099389252497037,33.203423938363905,25.30159123486801,28.498982087495058,3.0464402692357497,1.4630146617707258,1.9904069705092486,5.193260593193829,2.493998148253452,3.393042755096303,21.04031310627542,16.1686976036786,18.165368810363855,35.867379389221185,27.5627462505662,30.96646763645919,0.6633165829145728,-0.0016834170854271857,-0.0016834170854271857,0.4773869346733668,-0.0026130653266331905,-0.0026130653266331905,0.40201005025125625,-0.002989949748743781,-0.002989949748743781,0.40711462450592883,0.11520140951579072,0.1771540463193323,0.36904761904761907,0.40201005025125625,0.12632082719361215,0.18331222053506258,0.3434343434343434,0.40711462450592883,0.11520140951579072,0.1771540463193323,0.36904761904761907,20.0,0.0,0.0,31.0,0.0,0.0,36.0,0.0,0.0,7.6189392978834e-05,-0.0001283718700033672,-6.863722084392118e-05,-6.550611697964115e-05,-0.000128814918206821,0.00012090384720320202,0.9486166007905138,0.3301255865310411,240,-0.3526759147644043
492,1,test,2.8603128056533245,1.373768881945786,1.8651242550716973,4.511802937488875,2.1669568673549606,2.9420114737738086,17.466989855292812,13.045202808058965,14.761755488584386,27.55209709317021,20.577254429378726,23.284911931397993,2.92482992545235,1.3918624832441382,1.9008783579962634,4.301220478606397,2.0468565930060856,2.7954093499945047,18.631057111818254,13.999155763393123,15.846882201568729,27.398613399732724,20.586993769695766,23.304238531718717,2.8603128056533245,1.373768881945786,1.8651242550716973,4.511802937488875,2.1669568673549606,2.9420114737738086,17.466989855292812,13.045202808058965,14.761755488584386,27.55209709317021,20.577254429378726,23.284911931397993,0.6934673366834171,-0.0015326633165829717,-0.0015326633165829717,0.5326633165829145,-0.0023366834170853723,-0.0023366834170853723,0.3668341708542714,-0.0031658291457286047,-0.0031658291457286047,0.38257575757575757,0.057433980638139426,0.14202160140447295,0.36882129277566544,0.37688442211055273,0.046057354441379816,0.13481430524911697,0.36868686868686873,0.38257575757575757,0.057433980638139426,0.14202160140447295,0.36882129277566544,18.0,0.0,0.0,31.0,0.0,0.0,37.0,0.0,0.0,0.00012220611882214638,0.00040743533930796014,7.544080394552987e-05,-0.000141735257445319,-0.00018927773293242467,8.23537205478786e-05,0.04924242424242424,-0.34603635139745736,13,-0.2689518928527832
161,1,test,1.719041695867191,0.7930710333769799,1.0953503389454182,3.0579107089945223,1.4107513574494355,1.9484597375471382,5.5791793510169825,3.054862019314696,3.7133766616937463,9.92450173017444,5.434129553588642,6.605525792435991,1.719041695867191,0.7930710333769799,1.0953503389454182,3.0579107089945223,1.4107513574494355,1.9484597375471382,5.5791793510169825,3.054862019314696,3.7133766616937463,9.92450173017444,5.434129553588642,6.605525792435991,1.719041695867191,0.7930710333769799,1.0953503389454182,3.0579107089945223,1.4107513574494355,1.9484597375471382,5.5791793510169825,3.054862019314696,3.7133766616937463,9.92450173017444,5.434129553588642,6.605525792435991,0.44565217391304346,0.010652173913043406,0.010652173913043406,0.3369565217391305,0.011956521739130532,0.011956521739130532,0.21739130434782605,0.012391304347826093,0.012391304347826093,0.3804347826086957,0.13858695652173914,0.19565217391304346,0.34426229508196726,0.3804347826086957,0.13858695652173914,0.19565217391304346,0.34426229508196726,0.3804347826086957,0.13858695652173914,0.19565217391304346,0.34426229508196726,14.0,0.0,0.0,22.0,-3.0,-3.0,28.0,-3.0,-3.0,0.00024063458127022248,6.81485216176437e-05,0.00012369537738475265,-0.016474144426993576,-0.01657316164755329,-0.01601536248241686,0.059782608695652176,-0.5795712923308722,11,-1.1042181253433228
392,1,test,2.7350579935269335,1.3068323219761113,1.7779760586249838,4.073490628657135,1.9463460114537825,2.648049449015933,15.410637127214214,11.239345746259415,12.806550645491317,22.95201274265947,16.739451111450194,19.073586067753027,2.7814045928893365,1.311595007715963,1.7928365967949613,3.836420128123223,1.8090965623668458,2.4728780645447745,16.141677518137953,11.793270457088699,13.454294146010668,22.264382783638556,16.266579940811997,18.55764709794575,2.7350579935269335,1.3068323219761113,1.7779760586249838,4.073490628657135,1.9463460114537825,2.648049449015933,15.410637127214214,11.239345746259415,12.806550645491317,22.95201274265947,16.739451111450194,19.073586067753027,0.6381909547738693,-0.0018090452261306789,-0.0018090452261306789,0.4773869346733668,-0.0026130653266331905,-0.0026130653266331905,0.40201005025125625,-0.002989949748743781,-0.002989949748743781,0.40501792114695345,0.12058142740813416,0.1845173251993968,0.38129496402877694,0.4170854271356784,0.13387740708555307,0.19337925017407576,0.38888888888888884,0.40501792114695345,0.12058142740813416,0.1845173251993968,0.38129496402877694,18.0,-5.0,-5.0,31.0,-13.0,-13.0,39.0,-13.0,-13.0,0.0005776749858974254,0.00023371232820381256,0.00012755839505636485,-0.004921213126914736,-0.005063376836893063,-0.004784269751719528,0.035842293906810034,0.4113915279497142,10,-0.39620256423950195
216,1,test,2.6914582638138116,1.2881786678232616,1.7503520957229566,4.349002682382074,2.081508213251002,2.8283128376011195,14.753174261670942,10.684653045055457,12.190359506799204,23.83897060574878,17.264835713046928,19.69783700793774,2.8846862118373258,1.3777090428140844,1.8692795220609553,4.5788670029163905,2.186839750498547,2.9671103524777074,17.897950549266362,13.384882636326363,15.137464718781512,28.409445316295812,21.24584545448629,24.02772177584367,2.6914582638138116,1.2881786678232616,1.7503520957229566,4.349002682382074,2.081508213251002,2.8283128376011195,14.753174261670942,10.684653045055457,12.190359506799204,23.83897060574878,17.264835713046928,19.69783700793774,0.6582914572864322,-0.0017085427135676845,-0.0017085427135676845,0.5125628140703518,-0.0024371859296482556,-0.0024371859296482556,0.37688442211055273,-0.003115577889447274,-0.003115577889447274,0.3787878787878788,0.089562926046858,0.16090374780551098,0.33840304182509506,0.37688442211055273,0.07863880807546497,0.15150879606714707,0.3484848484848485,0.3787878787878788,0.089562926046858,0.16090374780551098,0.33840304182509506,24.0,-12.0,-12.0,35.0,-15.0,-15.0,42.0,-12.0,-12.0,0.0005405299885176941,0.0004782446374746747,0.00022167030801853154,-0.000141735257445319,-0.00018927773293242467,8.23537205478786e-05,0.9583333333333334,0.31462216543154675,253,-0.28569936752319336
207,1,test,2.317264401050501,1.1257138188176703,1.5214435816189051,3.5975209762165234,1.747655155181024,2.362020146049239,10.147875782273305,6.855693731555622,7.9316163830810185,15.754436987949163,10.643369826337732,12.313724882020807,2.581235966377561,1.2237910050161231,1.670442865456935,3.795935244672884,1.7996926544354752,2.456533625671963,13.213459462917037,9.327208378767347,10.727165829506557,19.431558033701524,13.716482909951981,15.775243866921407,2.317264401050501,1.1257138188176703,1.5214435816189051,3.5975209762165234,1.747655155181024,2.362020146049239,10.147875782273305,6.855693731555622,7.9316163830810185,15.754436987949163,10.643369826337732,12.313724882020807,0.6030150753768844,-0.0019849246231156137,-0.0019849246231156137,0.4723618090452262,-0.0026381909547738003,-0.0026381909547738003,0.3316582914572864,-0.0033417085427135396,-0.0033417085427135396,0.37857142857142856,0.10584415584415585,0.17073294876145229,0.32258064516129037,0.371859296482412,0.09115754209644711,0.15650036492982433,0.33838383838383834,0.37857142857142856,0.10584415584415585,0.17073294876145229,0.32258064516129037,21.0,-6.0,-6.0,33.0,-12.0,-12.0,40.0,-10.0,-10.0,0.0007773346846193025,0.00031598885311636933,8.022197958100818e-05,-0.005917663103828019,-0.0050606285271310725,-0.005552357203913338,0.03571428571428571,0.36062580604160377,10,-0.8795249462127686
606,1,test,2.731755347402329,1.3112965262881662,1.782917757715342,4.1886915326835705,2.0106546736418545,2.7338072284968575,15.359825199322495,11.220806125327965,12.777119449355252,23.551731972294494,17.205236058836213,19.591583155678055,2.713792760307791,1.2740160397142304,1.7512718012638662,3.990871706334987,1.8735529995797506,2.5753997077409796,15.086386189591636,10.866632661851055,12.468097430373902,22.18586204351711,15.98034214978096,18.335437397608676,2.731755347402329,1.3112965262881662,1.782917757715342,4.1886915326835705,2.0106546736418545,2.7338072284968575,15.359825199322495,11.220806125327965,12.777119449355252,23.551731972294494,17.205236058836213,19.591583155678055,0.6180904522613065,-0.0019095477386934512,-0.0019095477386934512,0.4773869346733668,-0.0026130653266331905,-0.0026130653266331905,0.371859296482412,-0.003140703517587995,-0.003140703517587995,0.3849206349206349,0.10175231808895169,0.17251957951166386,0.35856573705179284,0.39698492462311563,0.11127063890882993,0.18329544215233096,0.35858585858585856,0.3849206349206349,0.10175231808895169,0.17251957951166386,0.35856573705179284,20.0,-8.0,-8.0,33.0,-13.0,-13.0,41.0,-14.0,-14.0,6.352579012737512e-05,-1.4336437735848357e-05,0.00010872449425193018,-0.005733210823201773,-0.00536781146711629,-0.005459858910517923,0.047619047619047616,0.43093731047132694,12,-0.4447174072265625
685,1,test,2.6532626691072765,1.278465134652796,1.7362486921335276,4.40736410035042,2.123672640339922,2.884101994155137,14.200294006944496,10.246017969731827,11.698485240183508,23.588266155980023,17.019774294165643,19.432483815638157,2.655037570112951,1.2643132196861409,1.7264680338841067,4.317134260346262,2.0557938531481965,2.8072650957465153,14.225520503703,10.207761238842107,11.694634257787339,23.13092764829756,16.597985754214804,19.01566545981681,2.6532626691072765,1.278465134652796,1.7362486921335276,4.40736410035042,2.123672640339922,2.884101994155137,14.200294006944496,10.246017969731827,11.698485240183508,23.588266155980023,17.019774294165643,19.432483815638157,0.6432160804020101,-0.001783919597989958,-0.001783919597989958,0.49246231155778897,-0.002537688442211028,-0.002537688442211028,0.35678391959798994,-0.0032160804020100464,-0.0032160804020100464,0.40268456375838924,0.11122727732622839,0.18616670661553214,0.35016835016835013,0.40703517587939697,0.09876449918766761,0.1816595498359913,0.3282828282828283,0.40268456375838924,0.11122727732622839,0.18616670661553214,0.35016835016835013,15.0,0.0,0.0,25.0,0.0,0.0,33.0,0.0,0.0,0.00021683604128159846,0.0003803145200285547,4.732937480409886e-05,0.0005109839999661858,0.00010751935559483172,-3.6801216390713876e-05,0.03355704697986577,0.9182780460295246,10,-0.6563427448272705
112,1,test,2.7551740539506024,1.32919041085601,1.8046938425681065,4.56700046986377,2.203277583212408,2.9914762064308285,15.72377745022685,11.561827747180384,13.136825805516876,26.06387022999559,19.164986211358787,21.775716688492643,2.6597433750425328,1.2597569682803953,1.7254564665782177,4.221814881019894,1.9996142353657071,2.7388197882193936,14.29262078480629,10.237475940884696,11.747223075949059,22.686699658422683,16.249961810928088,18.646385834839773,2.7604140805212096,1.3482748028112117,1.8191268449002123,4.600690134202016,2.247124671352019,3.0318780748336867,15.806386710192118,11.701659540748135,13.243107870768448,26.343977850320197,19.502765901246892,22.07184645128075,0.5778894472361809,-0.002110552763819218,-0.002110552763819218,0.4522613065326633,-0.0027386934673366836,-0.0027386934673366836,0.3668341708542714,-0.0031658291457286047,-0.0031658291457286047,0.381578947368421,0.12377927577564596,0.18683058850627665,0.3795379537953796,0.3919597989949749,0.13130816992229322,0.19162590917861433,0.36868686868686873,0.3812709030100334,0.12083684624876467,0.18327312770413795,0.3791946308724832,19.0,-6.0,-6.0,31.0,-13.0,-13.0,38.0,-14.0,-14.0,-0.0003041025404908911,1.812871281307806e-05,-0.00012703400105535146,0.00048729044062767457,8.427820529455232e-05,-5.782855820246624e-05,0.03289473684210526,0.7704268104185663,10,-0.6643738746643066
507,1,test,2.1921856158623867,1.0443548433524774,1.4254121836005165,3.5099601152852817,1.672141181772225,2.2822610804839725,8.954763415156926,5.803413919201766,6.80195456318828,14.337682996178222,9.29198296051968,10.890769946677862,2.0660672513977762,0.928302124010228,1.3068739890070076,3.106868047214701,1.3959430436244031,1.9652240436195603,7.89371798523395,4.773929746280878,5.757166096947788,11.87025260937436,7.178841723730642,8.657392626989154,2.1921856158623867,1.0443548433524774,1.4254121836005165,3.5099601152852817,1.672141181772225,2.2822610804839725,8.954763415156926,5.803413919201766,6.80195456318828,14.337682996178222,9.29198296051968,10.890769946677862,0.5226130653266332,-0.002386934673366814,-0.002386934673366814,0.3919597989949749,-0.0030402010050251116,-0.0030402010050251116,0.26633165829145733,-0.0036683417085426884,-0.0036683417085426884,0.36267605633802813,0.08499591574048859,0.1589289837384965,0.3356890459363958,0.3869346733668342,0.12377677862999203,0.1916091307958826,0.31818181818181823,0.36267605633802813,0.08499591574048859,0.1589289837384965,0.3356890459363958,14.0,0.0,0.0,22.0,0.0,0.0,30.0,0.0,0.0,-0.00035964907394037235,7.45401191286856e-05,1.9700862090752512e-05,-0.02006343894101903,-0.019702780118398877,-0.019793725264606543,0.035211267605633804,0.33487875531366706,10,-0.5782897472381592
18,1,test,1.5205600403248365,0.7300554852103291,0.9921767983135729,2.472136323624895,1.1869289178903415,1.6130874398388408,4.5747865427877095,2.370278101082668,2.8785987773225745,7.437717476016147,3.8536134288569825,4.680044463776056,1.611214563367341,0.7209475447268292,1.015646694840297,2.537345769082427,1.1353504641367391,1.5994436139217276,5.008891150562941,2.573111187445283,3.1948303500069697,7.888017559941639,4.052143602276036,5.031228897648772,1.5205600403248365,0.7300554852103291,0.9921767983135729,2.472136323624895,1.1869289178903415,1.6130874398388408,4.5747865427877095,2.370278101082668,2.8785987773225745,7.437717476016147,3.8536134288569825,4.680044463776056,0.3919597989949749,-0.0030402010050251116,-0.0030402010050251116,0.321608040201005,-0.0033919597989949812,-0.0033919597989949812,0.19095477386934678,-0.004045226130653168,-0.004045226130653168,0.3306772908366534,0.1080132749320809,0.1598163636843355,0.30000000000000004,0.3517587939698492,0.13872621251621509,0.17479719129873073,0.31818181818181823,0.3306772908366534,0.1080132749320809,0.1598163636843355,0.30000000000000004,16.0,-7.0,-7.0,24.0,-12.0,-12.0,31.0,-15.0,-15.0,0.00011155035723372269,-9.626129065438448e-05,0.0001505872255350106,-0.12137420576660318,-0.12399692147895092,-0.12442915000450316,0.9561752988047809,0.28785790327697275,240,-1.0733044147491455
665,1,test,2.233423749807582,1.0307633073189417,1.4310977895397485,3.9327679072698727,1.8150397368007454,2.5199765424504266,9.331761063249777,6.002799400140072,7.10103759012325,16.432014046157217,10.570146769811865,12.50400097391268,2.271606929287318,1.041604587722287,1.4487459513331657,3.9506207465866403,1.8114862395170213,2.519558176231593,9.694967430600961,6.273729883270463,7.417962441978701,16.86081292278428,10.910834579600806,12.90080424691948,2.233423749807582,1.0307633073189417,1.4310977895397485,3.9327679072698727,1.8150397368007454,2.5199765424504266,9.331761063249777,6.002799400140072,7.10103759012325,16.432014046157217,10.570146769811865,12.50400097391268,0.5376884422110553,-0.0023115577889447625,-0.0023115577889447625,0.3919597989949749,-0.0030402010050251116,-0.0030402010050251116,0.27638190954773867,-0.0036180904522613577,-0.0036180904522613577,0.3801652892561983,0.12243333049331173,0.1796158387067478,0.3360995850622407,0.38190954773869346,0.12376418433017211,0.17823675975872688,0.3282828282828283,0.3801652892561983,0.12243333049331173,0.1796158387067478,0.3360995850622407,13.0,0.0,0.0,23.0,0.0,0.0,28.0,0.0,0.0,0.00021946704128255012,0.00014087111034265644,0.00011047565501209063,1.0723023486036709e-05,-6.835210348388188e-05,-8.884262040620428e-05,0.04132231404958678,0.46260703216311105,10,-0.33191657066345215
523,1,test,2.071610617025213,0.9713400863705379,1.3307310093630345,3.234385608516784,1.516543876784969,2.0776574468764797,7.937597257246658,4.932618404356399,5.839817330753769,12.39289378228188,7.701249379704829,9.117650284144595,2.2302089012731785,1.0258993132105976,1.4187025096253871,3.379104395868452,1.5543928988039357,2.1495492570081622,9.301809036283988,5.967352901435139,7.050512268016064,14.093650054975738,9.04144379005324,10.682594345478883,2.071610617025213,0.9713400863705379,1.3307310093630345,3.234385608516784,1.516543876784969,2.0776574468764797,7.937597257246658,4.932618404356399,5.839817330753769,12.39289378228188,7.701249379704829,9.117650284144595,0.5829145728643217,-0.002085427135678275,-0.002085427135678275,0.4371859296482412,-0.002814070351758735,-0.002814070351758735,0.3065326633165829,-0.0034673366834171437,-0.0034673366834171437,0.39419087136929465,0.12089894590345618,0.1707425955072257,0.3208333333333333,0.39698492462311563,0.11127063890882993,0.17327874766151297,0.33838383838383834,0.39419087136929465,0.12089894590345618,0.1707425955072257,0.3208333333333333,19.0,-8.0,-8.0,27.0,-10.0,-10.0,37.0,-13.0,-13.0,0.0003432880480589317,0.00020782630255946797,2.960507145914146e-05,-0.005656981682736095,-0.006091048084353012,-0.005668579359142889,0.04149377593360996,0.6066338915968085,10,-0.43132853507995605
157,1,test,2.074209942789285,0.9842893737428056,1.347075272392264,3.2561619772278725,1.5451693520766951,2.1146824108504263,7.958256496716957,4.984218664196996,5.889113168742783,12.493128913840588,7.824387958879085,9.24492067271912,2.1623542434468783,1.014924743654097,1.396496983454571,3.089077490638398,1.4498924909344244,1.9949956906493875,8.691575676067634,5.541490477006446,6.540738264643355,12.416536680096621,7.916414967152068,9.343911806633365,2.074209942789285,0.9842893737428056,1.347075272392264,3.2561619772278725,1.5451693520766951,2.1146824108504263,7.958256496716957,4.984218664196996,5.889113168742783,12.493128913840588,7.824387958879085,9.24492067271912,0.542713567839196,-0.0022864321608039306,-0.0022864321608039306,0.42211055276381915,-0.0028894472361808976,-0.0028894472361808976,0.27135678391959794,-0.0036432160804020786,-0.0036432160804020786,0.4,0.13665480427046262,0.1997630331753555,0.3548387096774194,0.39698492462311563,0.13198492462311562,0.19232602279283273,0.3484848484848485,0.4,0.13665480427046262,0.1997630331753555,0.3548387096774194,23.0,-14.0,-14.0,35.0,-18.0,-18.0,44.0,-23.0,-23.0,0.0005399416636480858,0.0001891489753387764,7.870047690609624e-05,-0.004928143048775091,-0.0050672503619422216,-0.00555798650564121,0.04285714285714286,0.2798004838941935,12,-0.5002365112304688
205,1,test,2.594172292041765,1.2565422139807454,1.6959765372520503,4.3539616831344246,2.10893342346476,2.8464635449785876,13.38550348717387,9.575500100377983,10.93033410218207,22.465728074964332,16.0711609871841,18.345063668574586,2.7756053408272634,1.3203703670493276,1.7992899427412656,4.336883345042599,2.0630786985145746,2.811390535533228,16.048338770559752,11.762848445403055,13.393681924675793,25.07552932899961,18.379450695942275,20.927628007305923,2.594172292041765,1.2565422139807454,1.6959765372520503,4.3539616831344246,2.10893342346476,2.8464635449785876,13.38550348717387,9.575500100377983,10.93033410218207,22.465728074964332,16.0711609871841,18.345063668574586,0.6432160804020101,-0.001783919597989958,-0.001783919597989958,0.5175879396984925,-0.002412060301507535,-0.002412060301507535,0.3668341708542714,-0.0031658291457286047,-0.0031658291457286047,0.3881118881118881,0.10713457572096319,0.17880956253049274,0.32280701754385965,0.40703517587939697,0.10127076485182807,0.1816595498359913,0.33838383838383834,0.3881118881118881,0.10713457572096319,0.17880956253049274,0.32280701754385965,24.0,-4.0,-4.0,33.0,-6.0,-6.0,44.0,-6.0,-6.0,0.0002696488618495952,0.000357840383377238,4.757048206193828e-05,-0.00029419353837489837,0.00015400165618917327,5.253467235455389e-06,0.03496503496503497,0.9100028964790294,10,-0.6013658046722412
335,1,test,2.638552341781694,1.2697828326259835,1.7230679778636953,4.57815042083976,2.203199351973561,2.989694107286677,13.992931955118634,10.06242069459719,11.494947062440849,24.279126968483986,17.459299483340818,19.944875035493393,2.792014759860233,1.3260405420517731,1.8069972278317237,4.467223615776373,2.121664867282837,2.891195564530758,16.313855213596298,11.98209394930051,13.635996381289404,26.102168341754076,19.171350318880812,21.817594210063046,2.638552341781694,1.2697828326259835,1.7230679778636953,4.57815042083976,2.203199351973561,2.989694107286677,13.992931955118634,10.06242069459719,11.494947062440849,24.279126968483986,17.459299483340818,19.944875035493393,0.7236180904522613,-0.0013819095477386467,-0.0013819095477386467,0.5125628140703518,-0.0024371859296482556,-0.0024371859296482556,0.36180904522613067,-0.0031909547738693256,-0.0031909547738693256,0.3831417624521073,0.07147828252858912,0.13473411914000544,0.3538461538461538,0.3869346733668342,0.07365146534678402,0.13985620925998943,0.36868686868686873,0.3831417624521073,0.07147828252858912,0.13473411914000544,0.3538461538461538,16.0,-6.0,-6.0,29.0,-15.0,-15.0,35.0,-14.0,-14.0,0.0003797054879137835,0.00021156745692990728,0.00012622886369141693,-0.00012094549186336678,-0.00017278787436758591,9.286739145242251e-05,0.9578544061302682,-0.29607638540222486,250,-0.36918067932128906
458,1,test,2.622996122737672,1.2590840514698547,1.7118018829602422,4.103719740412164,1.969857306331869,2.6781416555990885,13.77693921153548,9.865473870695194,11.28964802907475,21.55424360514422,15.434692991248934,17.66283643258469,2.3693835758747435,1.1117440088643853,1.528277862949503,3.5363933968279753,1.6593194162155005,2.281011735745527,10.690800185402871,7.173690405744965,8.371870555197537,15.956418187168463,10.7070006055895,12.495329186861996,2.622996122737672,1.2590840514698547,1.7118018829602422,4.103719740412164,1.969857306331869,2.6781416555990885,13.77693921153548,9.865473870695194,11.28964802907475,21.55424360514422,15.434692991248934,17.66283643258469,0.5728643216080402,-0.0021356783919597166,-0.0021356783919597166,0.42713567839195976,-0.002864321608040288,-0.002864321608040288,0.3015075376884422,-0.0034924623115578646,-0.0034924623115578646,0.3620689655172413,0.0832393613864324,0.1418854792787092,0.33564013840830453,0.371859296482412,0.10118260475308871,0.15650036492982433,0.29292929292929293,0.3620689655172413,0.0832393613864324,0.1418854792787092,0.33564013840830453,19.0,-6.0,-6.0,25.0,-7.0,-7.0,37.0,-15.0,-15.0,-0.0006357999752642462,0.00037744389348077584,-9.878269926583403e-05,-0.00032191322581809345,0.00013850755599076336,-8.764760639934366e-06,0.03793103448275862,0.42578436988579516,11,-1.1072719097137451
223,1,test,2.760127768354106,1.326460822255193,1.7973943933508614,4.503366358893541,2.164225552100578,2.9325908523093,15.801861797158782,11.607811411737266,13.183016812548999,25.781985037469592,18.939060724413437,21.509132694158893,2.937540725331014,1.410640803497875,1.914689241396178,4.519293423586175,2.1702166207659612,2.9456757559941193,18.869384205534967,14.265501923827982,16.08827043616046,29.02982185466918,21.946926036658432,24.751185286400705,2.760127768354106,1.326460822255193,1.7973943933508614,4.503366358893541,2.164225552100578,2.9325908523093,15.801861797158782,11.607811411737266,13.183016812548999,25.781985037469592,18.939060724413437,21.509132694158893,0.7336683417085428,-0.001331658291457205,-0.001331658291457205,0.5276381909547738,-0.002361809045226204,-0.002361809045226204,0.4120603015075377,-0.0029396984924623393,-0.0029396984924623393,0.39676113360323884,0.07352881037091563,0.15315413494913388,0.35365853658536583,0.4120603015075377,0.08875203083084593,0.16331238831888995,0.38383838383838387,0.39676113360323884,0.07352881037091563,0.15315413494913388,0.35365853658536583,19.0,0.0,0.0,29.0,0.0,0.0,37.0,0.0,0.0,0.0005375625301877455,0.00017009342510503867,9.029014400818933e-05,-2.39265858157367e-05,-9.583520108336074e-05,-0.00011149550017286458,0.9554655870445344,0.22790698960650446,236,-0.11794781684875488
928,1,test,1.432716597485389,0.660324898170212,0.7351800353330373,3.404548203302909,1.56912256730138,1.7469999808687124,4.19006646880734,2.025128521449588,2.181268410731213,9.956807433609194,4.81228994014567,5.183323388387056,1.7570544839386206,0.7560794303489704,1.0873328668883244,2.953032746115329,1.2707217316789419,1.8274501964509655,5.795341956505157,3.0744083649961444,3.841648586502154,9.740070515134718,5.167072882346461,6.456552246222108,1.5338913750132768,0.6679710209891874,0.9536858127374358,3.0677827500265535,1.3359420419783747,1.9073716254748716,4.6361828916553085,2.258989953084803,2.8497772810427993,9.272365783310617,4.517979906169606,5.6995545620855985,0.4371859296482412,-0.002814070351758735,-0.002814070351758735,0.3266331658291457,-0.0033668341708542604,-0.0033668341708542604,0.2361809045226131,-0.0038190954773869024,-0.0038190954773869024,0.31304347826086953,0.09371665958551667,0.1058098516724042,0.27015250544662306,0.3417085427135679,0.11363836727497134,0.1614080418788434,0.30808080808080807,0.3277591973244147,0.09904467311740306,0.14978366895956485,0.2818791946308725,13.0,0.0,0.0,23.0,0.0,0.0,28.0,0.0,0.0,0.00019663876898588328,0.0005764484804541186,0.0002006091680865697,-0.123267282057407,-0.13342752387872014,-0.1334282440079564,0.02608695652173913,0.37457583475446493,12,-0.6786656379699707
578,1,test,1.6427715746309417,0.7739942847220781,1.013350997641672,3.157201619993841,1.4875202659502438,1.947533948592588,5.16947726762002,2.7854831305702783,3.292954304005297,9.935089123707225,5.353350391564754,6.32864655301018,0.924284728113374,0.38603956416382934,0.5610009866003822,1.5152208657596296,0.6328517445308678,0.9196737485252168,2.5200650838473493,0.8070668917336419,1.0820212497553439,4.131254235815327,1.3230604782518718,1.7738053274677767,1.4743781743207274,0.6668927753555731,0.9326300639844768,2.617239362699516,1.1838333290335616,1.6555563265996627,4.368318595534024,2.1260560995539084,2.64930934052392,7.754411708048563,3.7740640820483575,4.702915989095715,0.16582914572864327,-0.004170854271356772,-0.004170854271356772,0.1507537688442211,-0.0042462311557789345,-0.0042462311557789345,0.13567839195979903,-0.004321608040200986,-0.004321608040200986,0.2907608695652174,0.11437009615951865,0.15390847464830637,0.3024523160762943,0.16582914572864327,0.058059722169745975,0.07567889531128102,0.14646464646464652,0.254180602006689,0.0972523883172065,0.1351594674126957,0.2651006711409396,15.0,1.0,1.0,22.0,0.0,0.0,25.0,0.0,0.0,-0.001625482978077435,-0.000723792866678134,-0.0006573930474423568,-0.10684456222106054,-0.09848172319717907,-0.10169192711226138,0.03260869565217391,0.41882535483381667,12,-1.224204182624817
521,1,test,3.612419843908645,1.7497992927327661,2.3696221214765103,5.516793348577876,2.672247832923409,3.6188250876896704,37.05561320993857,30.61502063145317,33.590318361271166,56.59036582604749,46.75446085564316,51.29825793215868,3.4851873576829866,1.6575376779992206,2.265095140536389,5.280586905580282,2.511420724241243,3.4319623341460437,32.62853974482281,26.40928751222971,29.24103964001092,49.43718143154971,40.01407198822683,44.30460551516806,3.612419843908645,1.7497992927327661,2.3696221214765103,5.516793348577876,2.672247832923409,3.6188250876896704,37.05561320993857,30.61502063145317,33.590318361271166,56.59036582604749,46.75446085564316,51.29825793215868,0.7386934673366834,-0.0013065326633165952,-0.0013065326633165952,0.5979899497487438,-0.0020100502512562235,-0.0020100502512562235,0.4773869346733668,-0.0026130653266331905,-0.0026130653266331905,0.43214285714285716,0.10950471097529924,0.18867492365117067,0.4301075268817204,0.4371859296482412,0.1163839246357099,0.19344636370500246,0.4191919191919192,0.43214285714285716,0.10950471097529924,0.18867492365117067,0.4301075268817204,21.0,0.0,0.0,36.0,0.0,0.0,43.0,0.0,0.0,-0.0006512265287298097,-0.00022939753003672515,0.00013246563809538207,-0.0002526140072118821,0.00017724280649034085,2.6280809047207754e-05,0.9571428571428572,-0.304896357101199,268,-0.5338075160980225
362,1,test,2.7342154190581356,1.303956514790465,1.7768371547411528,4.585867633230418,2.1870156735409703,2.980138265863326,15.397657986537054,11.21787677149555,12.79279972304516,25.82518586349569,18.81479331928051,21.45627801649979,2.7228673822248686,1.2701703169707472,1.7533729542986853,4.254480284726357,1.9846411202667928,2.739645241091696,15.223912496216528,10.94928456377487,12.587301370836693,23.787363275338326,17.108257130898235,19.667658391932335,2.7342154190581356,1.303956514790465,1.7768371547411528,4.585867633230418,2.1870156735409703,2.980138265863326,15.397657986537054,11.21787677149555,12.79279972304516,25.82518586349569,18.81479331928051,21.45627801649979,0.6281407035175879,-0.0018592964824121205,-0.0018592964824121205,0.457286432160804,-0.0027135678391959628,-0.0027135678391959628,0.3517587939698492,-0.0032412060301507672,-0.0032412060301507672,0.3939393939393939,0.10282408203013116,0.1659796962063964,0.36882129277566544,0.3919597989949749,0.10624551328068921,0.16992307111517524,0.3484848484848485,0.3939393939393939,0.10282408203013116,0.1659796962063964,0.36882129277566544,20.0,0.0,0.0,31.0,1.0,1.0,39.0,0.0,0.0,0.00011440229943557232,7.527320829288184e-05,0.0001426182641238526,-0.012829663448371775,-0.010678264069793997,-0.011086180908831622,0.045454545454545456,0.24707043109384497,12,-0.2845954895019531
895,1,test,2.6475827294003658,1.2723048889928879,1.7060365185121849,4.6800704812632725,2.2490237936742963,3.015721118582145,14.11986582301153,10.16369006729186,11.5559230718009,24.959358778050685,17.966118805818944,20.4271367430824,3.062680098432201,1.445679359775802,1.9821726076561863,4.605533982604813,2.17395392447489,2.980710688204791,21.384793780164255,16.34683629704736,18.438619452127565,32.15758463182595,24.58170871736445,27.72724729643243,2.649504062213425,1.2658056259194725,1.7249503040093899,4.568110452092112,2.182423492964608,2.9740522482920513,14.147020863114456,10.157391096421563,11.626277714723333,24.391415281231822,17.51274326969235,20.045306404695403,0.6834170854271358,-0.0015829145728643024,-0.0015829145728643024,0.5175879396984925,-0.002412060301507535,-0.002412060301507535,0.40703517587939697,-0.00296482412060306,-0.00296482412060306,0.3954154727793696,0.11787613086234527,0.18133922644505873,0.32183908045977017,0.40703517587939697,0.11881462450095082,0.17164285534517332,0.33333333333333337,0.38795986622073575,0.11417021680504291,0.17772627333975688,0.30201342281879195,20.0,0.0,0.0,31.0,0.0,0.0,40.0,0.0,0.0,0.0013990823158950962,0.0004236223074294234,0.0005636410113661026,-0.006911093781204691,-0.006316653050459031,-0.007322923413966009,0.03151862464183381,0.40864333144371584,11,-0.6582310199737549
510,1,test,2.3516809454325567,1.1112260407683985,1.5176786422416382,3.938704896337963,1.8611331848452317,2.5418789529568544,10.503210217463241,7.046024420414387,8.200694528074413,17.591266192438436,11.80101022560201,13.734905559290276,2.3426835391999234,1.0589114834736988,1.481365465329367,3.9372832591595355,1.779683165502015,2.4896898576964155,10.409132431078994,6.798900360612956,8.042854863327031,17.49434022030083,11.426723295147827,13.51740313164207,2.3516809454325567,1.1112260407683985,1.5176786422416382,3.938704896337963,1.8611331848452317,2.5418789529568544,10.503210217463241,7.046024420414387,8.200694528074413,17.591266192438436,11.80101022560201,13.734905559290276,0.5628140703517588,-0.0021859296482411583,-0.0021859296482411583,0.39698492462311563,-0.0030150753768843908,-0.0030150753768843908,0.29145728643216084,-0.0035427135678391952,-0.0035427135678391952,0.3713235294117647,0.09792903399892072,0.1622770746440385,0.36162361623616235,0.36180904522613067,0.08611982216848657,0.149789011837149,0.3484848484848485,0.3713235294117647,0.09792903399892072,0.1622770746440385,0.36162361623616235,20.0,-8.0,-8.0,28.0,-4.0,-4.0,37.0,-10.0,-10.0,-9.781255782425164e-05,0.00014670834958755528,0.00015822439324574044,-0.004872703673890477,-0.005036262161542737,-0.005529950049892207,0.04779411764705882,-0.4282213595574759,13,-0.32132887840270996
571,1,test,2.693308641486223,1.3163439961157648,1.6666480552732543,5.700836624479172,2.786261458445036,3.527738383661722,14.780498478185732,10.817643794125793,11.988770960423105,31.285388445493133,22.89734603089959,25.376231866228906,2.8132785149833635,1.3672987474453584,1.8480920449801927,5.281532306431032,2.5669099126568526,3.4695312919911174,16.66446344935995,12.418453240872708,14.039186303086586,31.285171947383304,23.313888631449707,26.356585606738026,2.729564858415678,1.3264492902048715,1.7938108922993217,5.6865934550326624,2.7634360212601488,3.7371060256235866,15.326216494573858,11.258362573731354,12.77708180001387,31.92961769702887,23.454922028606987,26.61892041669556,0.5454545454545454,-0.00454545454545463,-0.00454545454545463,0.43939393939393945,-0.0006060606060604989,-0.0006060606060604989,0.38383838383838387,-0.0011616161616161413,-0.0011616161616161413,0.37631578947368416,0.12401618369181822,0.16908216288521882,0.36147757255936674,0.3939393939393939,0.14456911686130824,0.20769778320113885,0.36548223350253806,0.3913043478260869,0.14088698555563617,0.20776708419983547,0.37248322147651003,24.0,0.0,0.0,32.0,0.0,0.0,42.0,1.0,1.0,0.0005735580067888912,-1.940246440091775e-05,0.00021853486322658314,-0.0030329671079831755,-0.003706438477109053,-0.003319708201150462,0.9631578947368421,-0.3216532861681901,366,-1.542419672012329
919,1,test,2.8529565994631554,1.3921786921300638,1.8729694329891453,4.898826792499234,2.390517359512807,3.2160856711195196,17.3389705220019,13.029660052971916,14.674548474221497,29.772837541069052,22.37329785411625,25.197744419551384,2.834631751125606,1.352298535785957,1.8425867028690213,4.685341737397696,2.235204191381747,3.0455978559818533,17.024130029236098,12.620922693398322,14.32738622101234,28.1390578995638,20.861029245286485,23.681630117375768,2.8529565994631554,1.3921786921300638,1.8729694329891453,4.898826792499234,2.390517359512807,3.2160856711195196,17.3389705220019,13.029660052971916,14.674548474221497,29.772837541069052,22.37329785411625,25.197744419551384,0.6633165829145728,-0.0016834170854271857,-0.0016834170854271857,0.4773869346733668,-0.0026130653266331905,-0.0026130653266331905,0.36180904522613067,-0.0031909547738693256,-0.0031909547738693256,0.3615384615384616,0.05827550568433493,0.13519575054101918,0.33204633204633205,0.3668341708542714,0.06858855681918363,0.14145854481086573,0.3282828282828283,0.3615384615384616,0.05827550568433493,0.13519575054101918,0.33204633204633205,22.0,-13.0,-13.0,30.0,-13.0,-13.0,42.0,-20.0,-20.0,0.00038379768652639906,0.00010954797238849075,0.0002969066118799337,-0.00011401557000390028,-0.0001672912548489336,9.637194842149199e-05,0.9423076923076923,-0.46553493841135957,245,-0.24606966972351074
407,1,test,0.5168329094982708,0.2060724345766256,0.3082285593310759,1.098697774496324,0.4380745132390519,0.6552408446706979,1.6767089427647421,0.31224658367632574,0.44475146444209335,3.5643945074667696,0.6637824725834474,0.9454650336815362,0.5152277377112437,0.1377936293463362,0.26058381997896596,0.9541254402060069,0.25517338767840037,0.48256262959067764,1.674019695803856,0.21548236058573078,0.3840175036292741,3.100036473710844,0.3990414084920939,0.7111435252393963,0.3573556865001067,0.10493624616169267,0.18712057426690792,0.7603312478725675,0.22326860885466526,0.39812888141895303,1.429544249027397,0.14240844827390298,0.2439606852733489,3.0415835085689302,0.3029966984551127,0.5190652878156361,0.12060301507537685,-0.0043969849246231485,-0.0043969849246231485,0.07537688442211055,-0.004623115577889414,-0.004623115577889414,0.05025125628140703,-0.004748743718593018,-0.004748743718593018,0.140625,0.045609423676012506,0.06593620331950212,0.06896551724137934,0.18090452261306533,0.05090452261306533,0.08273480547496215,0.06060606060606055,0.137123745819398,0.037123745819398035,0.053882902312183845,0.046979865771812124,11.0,0.0,0.0,13.0,0.0,0.0,16.0,-2.0,-2.0,0.0011470846968645047,0.0001538833604072738,-0.00018601656096698204,-0.11275126083435616,-0.11997383823584551,-0.10482327536895131,0.03125,0.8912394848795836,10,-1.8945369720458984
826,1,test,1.427739795052916,0.6657220453935802,0.8858594324047689,2.9615402605954775,1.3808977284449693,1.8375255655024638,4.169265140797973,2.026670058459963,2.4500285278057436,8.648247120626651,4.203892749834094,5.082059174819912,1.5247677223177465,0.6706260003094081,0.9518112603384706,2.9897406319955815,1.3149529417831534,1.8662965888989622,4.594076343959901,2.2447192304542054,2.8205737426808826,9.007992831293922,4.401410255792559,5.5305367503546705,1.4130756102211455,0.6249732675379828,0.8835236718016167,2.92360471080237,1.2930481397337574,1.8279800106240347,4.108572358849121,1.909353259122653,2.4104011060132224,8.500494535549905,3.950386053357213,4.98703677106184,0.40201005025125625,-0.002989949748743781,-0.002989949748743781,0.2814070351758794,-0.003592964824120637,-0.003592964824120637,0.18592964824120606,-0.004070351758793889,-0.004070351758793889,0.33149171270718236,0.08459516098304443,0.13696580850385875,0.29639889196675895,0.3266331658291457,0.09355045906222836,0.1446632159126181,0.2676767676767676,0.3076923076923077,0.07063053807628095,0.12749208522289723,0.2651006711409396,17.0,-6.0,-6.0,24.0,-7.0,-7.0,29.0,-8.0,-8.0,0.0007282349177161033,-0.00015146568980768554,0.00024940139981837253,-0.08581280126470592,-0.07916431758821663,-0.08756129832983017,0.03867403314917127,0.3108759187479063,14,-0.4681272506713867
4,1,test,3.4676977235948026,1.6758179626533813,2.269381321852747,5.392079427347962,2.605804854015972,3.5287632641996014,32.06283988558505,26.06211809189282,28.748308003114527,49.85595432758554,40.52516164838279,44.70203936748028,3.46736118645896,1.6471066842883235,2.2481204808175312,5.025161139795594,2.387111136649744,3.2581456243732334,32.05205136475375,25.878621963601066,28.667434527512903,46.452248354715586,37.505249222610246,41.5470065616129,3.4676977235948026,1.6758179626533813,2.269381321852747,5.392079427347962,2.605804854015972,3.5287632641996014,32.06283988558505,26.06211809189282,28.748308003114527,49.85595432758554,40.52516164838279,44.70203936748028,0.6884422110552764,-0.0015577889447235815,-0.0015577889447235815,0.5477386934673367,-0.002261306532663321,-0.002261306532663321,0.4120603015075377,-0.0029396984924623393,-0.0029396984924623393,0.4078014184397163,0.11399610870520305,0.17666934296801817,0.3879003558718861,0.38190954773869346,0.08617019936776615,0.1531950235316818,0.3535353535353535,0.4078014184397163,0.11399610870520305,0.17666934296801817,0.3879003558718861,23.0,1.0,1.0,33.0,1.0,1.0,42.0,0.0,0.0,-0.0002546221709135056,0.0001688528188810019,0.00017416507866487246,-0.00026647385093347964,0.00016949575638847136,1.9271695109068787e-05,0.9609929078014184,0.46586324378077776,271,-0.34482717514038086
94,1,test,2.658515793101189,1.2907814274162503,1.7425456331810545,4.19765651542293,2.0380759380256586,2.7513878418648234,14.275086186416548,10.34864146387499,11.775887487857354,22.53960976802613,16.339960206118405,18.593506559774767,2.7620796445694555,1.3187918357771629,1.795144775977549,4.249353299337624,2.028910516580251,2.761761193811614,15.832735196083581,11.598139701049412,13.20286400401133,24.358054147820894,17.843291847768327,20.31209846770974,2.658515793101189,1.2907814274162503,1.7425456331810545,4.19765651542293,2.0380759380256586,2.7513878418648234,14.275086186416548,10.34864146387499,11.775887487857354,22.53960976802613,16.339960206118405,18.593506559774767,0.6482412060301508,-0.0017587939698492372,-0.0017587939698492372,0.4974874371859297,-0.002512562814070307,-0.002512562814070307,0.35678391959798994,-0.0032160804020100464,-0.0032160804020100464,0.38661710037174724,0.0971922395183149,0.1703006603223035,0.3544776119402985,0.3919597989949749,0.0912079192957268,0.16491472386976624,0.3535353535353535,0.38661710037174724,0.0971922395183149,0.1703006603223035,0.3544776119402985,17.0,-3.0,-3.0,28.0,-9.0,-9.0,36.0,-4.0,-4.0,-2.8776254660872868e-05,0.0004867594794430105,0.00017588417249313475,-0.005851019494830467,-0.005024641586393486,-0.004749224182031497,0.9591078066914498,-0.6048327443515545,258,-0.3985595703125
560,1,test,2.6753865774776204,1.2582558541743902,1.7284005273507266,4.234273244669304,1.9914128085752156,2.735500047224378,14.517961071704347,10.392694161063496,11.940032879321945,22.977245475689557,16.448279735226475,18.897217391682766,2.6888150397998785,1.2625128501142064,1.732773589509327,4.234354393385635,1.9882092127782776,2.7287773063139005,14.714229809310812,10.550954120191236,12.112851430384936,23.17201544773356,16.615675779828717,19.075356583283362,2.6753865774776204,1.2582558541743902,1.7284005273507266,4.234273244669304,1.9914128085752156,2.735500047224378,14.517961071704347,10.392694161063496,11.940032879321945,22.977245475689557,16.448279735226475,18.897217391682766,0.5879396984924623,-0.002060301507537776,-0.002060301507537776,0.42713567839195976,-0.002864321608040288,-0.002864321608040288,0.3417085427135679,-0.003291457286432098,-0.003291457286432098,0.36,0.08999999999999997,0.14833333333333332,0.2613065326633166,0.36180904522613067,0.09296482412060303,0.15410385259631487,0.26262626262626265,0.36,0.08999999999999997,0.14833333333333332,0.2613065326633166,17.0,-7.0,-7.0,28.0,-12.0,-12.0,35.0,-13.0,-13.0,0.002152335908324879,0.0012106874771070704,0.0007748395495005975,-0.022263517824902657,-0.022670700304507463,-0.02289067790863708,0.065,0.38439324842146616,13,-1.0863826274871826
481,1,test,2.3315754572770073,1.1161910536704784,1.5196234506304616,3.783311119355144,1.8111779361445497,2.4658040897022584,10.294146752788155,6.92255688623359,8.041846549357368,16.703709825278892,11.232828155020542,13.04903402348554,2.4220617456110394,1.13343054133096,1.5557475688613673,3.726248839401599,1.743739294355323,2.3934577982482574,11.269069334322776,7.641251919613521,8.890940018778803,17.337029745111963,11.755772184020802,13.678369259659698,2.3315754572770073,1.1161910536704784,1.5196234506304616,3.783311119355144,1.8111779361445497,2.4658040897022584,10.294146752788155,6.92255688623359,8.041846549357368,16.703709825278892,11.232828155020542,13.04903402348554,0.6080402010050252,-0.001959798994974782,-0.001959798994974782,0.42713567839195976,-0.002864321608040288,-0.002864321608040288,0.29648241206030146,-0.0035175879396985854,-0.0035175879396985854,0.3735408560311284,0.08810396282724486,0.14844383145156825,0.30078125,0.371859296482412,0.0861450107681263,0.14648367043900634,0.297979797979798,0.3735408560311284,0.08810396282724486,0.14844383145156825,0.30078125,13.0,-2.0,-2.0,22.0,-7.0,-7.0,28.0,-8.0,-8.0,0.00036682111960875,0.00027154831810292105,0.0003357310998870845,-0.0057678604325035465,-0.006178993996678095,-0.005477381695361494,0.038910505836575876,1.2811511118717724,10,-0.4625082015991211
499,1,test,2.8851802357541154,1.3921147983112874,1.8857586714676366,4.039252330055762,1.9489607176358024,2.6400621400546918,17.906794749342524,13.456076722792602,15.190084817508074,25.06951264907953,18.838507411909642,21.266118744511303,2.8851802357541154,1.3921147983112874,1.8857586714676366,4.039252330055762,1.9489607176358024,2.6400621400546918,17.906794749342524,13.456076722792602,15.190084817508074,25.06951264907953,18.838507411909642,21.266118744511303,2.8851802357541154,1.3921147983112874,1.8857586714676366,4.039252330055762,1.9489607176358024,2.6400621400546918,17.906794749342524,13.456076722792602,15.190084817508074,25.06951264907953,18.838507411909642,21.266118744511303,0.6762589928057554,0.19625899280575543,0.19625899280575543,0.47482014388489213,0.13982014388489217,0.13982014388489217,0.3381294964028777,0.09812949640287771,0.09812949640287771,0.3453237410071942,0.04783270158067088,0.11382016105492687,0.2971014492753623,0.3453237410071942,0.04783270158067088,0.11382016105492687,0.2971014492753623,0.3453237410071942,0.04783270158067088,0.11382016105492687,0.2971014492753623,18.0,3.0,3.0,27.0,4.0,4.0,35.0,4.0,4.0,0.00024827024552539746,9.385403592726095e-05,8.515935862685338e-05,-7.930174658099531e-05,5.129940302328606e-05,-4.7620163844186436e-05,0.920863309352518,-0.30236280699199847,128,-0.4848511219024658
323,1,test,2.2778409412800316,1.1002190334269277,1.484205513658455,3.710016383402207,1.7919735155217025,2.417388621048502,9.755594753214393,6.508950557082519,7.544173460657131,15.88935193337913,10.601404500158354,12.287516055681076,2.20118135534718,1.0346053484088653,1.4140690999761478,3.167167417765727,1.488640789077504,2.0346317985268314,9.035681547527187,5.8247021240921155,6.838638789166183,13.000980643924011,8.380866365600168,9.839768041965732,2.2778409412800316,1.1002190334269277,1.484205513658455,3.710016383402207,1.7919735155217025,2.417388621048502,9.755594753214393,6.508950557082519,7.544173460657131,15.88935193337913,10.601404500158354,12.287516055681076,0.5226130653266332,-0.002386934673366814,-0.002386934673366814,0.3919597989949749,-0.0030402010050251116,-0.0030402010050251116,0.29145728643216084,-0.0035427135678391952,-0.0035427135678391952,0.3653136531365314,0.10564514484923859,0.1640866592715008,0.3555555555555555,0.35678391959798994,0.1036510875177894,0.16813617335425035,0.33333333333333337,0.3653136531365314,0.10564514484923859,0.1640866592715008,0.3555555555555555,17.0,-4.0,-4.0,25.0,-7.0,-7.0,34.0,-13.0,-13.0,-1.0654216563797443e-05,-7.868579144131022e-05,8.693420314725314e-06,-0.025849021075466716,-0.02386530253977348,-0.024388298527558305,0.03690036900369004,0.712924160255132,10,-0.5409805774688721
93,1,test,2.56121099771853,1.2145090035668353,1.6611151257464525,4.7451893678661135,2.250136836065687,3.0775698841349004,12.9514920499177,9.106767375918434,10.491653120455954,23.995399999459924,16.872227929027176,19.43802399836413,2.7107080712059046,1.2874670113900195,1.7451301725566961,4.797713400364433,2.278702675026583,3.0887259691268953,15.039921080577589,10.889370232893505,12.413616124481404,26.619329346155027,19.27322165113895,21.971001990232576,2.56121099771853,1.2145090035668353,1.6611151257464525,4.7451893678661135,2.250136836065687,3.0775698841349004,12.9514920499177,9.106767375918434,10.491653120455954,23.995399999459924,16.872227929027176,19.43802399836413,0.6432160804020101,-0.001783919597989958,-0.001783919597989958,0.48743718592964824,-0.002562814070351749,-0.002562814070351749,0.40201005025125625,-0.002989949748743781,-0.002989949748743781,0.4117647058823529,0.13293871007522506,0.1869043706868222,0.3755274261603375,0.42713567839195976,0.1389151270135136,0.2017600523485541,0.398989898989899,0.4117647058823529,0.13293871007522506,0.1869043706868222,0.3755274261603375,23.0,-11.0,-11.0,33.0,-17.0,-17.0,45.0,-20.0,-20.0,0.000317005552825398,0.00017177214279641068,9.780312055418384e-05,3.8442710928343615e-05,-4.636562540305533e-05,-7.072031659394185e-05,0.9537815126050421,-0.5236919200845591,227,-0.2589900493621826
843,1,test,2.521375838241258,1.196738907468124,1.6355255647473272,4.341441840680312,2.0606100393490876,2.8161367340020202,12.445708170786217,8.684888501580229,10.02066270378161,21.429696188108718,14.954112651727545,17.254121211809398,2.597578443029009,1.2229388073051817,1.67450377163445,4.1231403857603315,1.9411727100082246,2.657942494657857,13.431174269726494,9.477522558389325,10.91415676332306,21.3193242376611,15.043686600617974,17.324058354481046,2.521375838241258,1.196738907468124,1.6355255647473272,4.341441840680312,2.0606100393490876,2.8161367340020202,12.445708170786217,8.684888501580229,10.02066270378161,21.429696188108718,14.954112651727545,17.254121211809398,0.6984924623115578,-0.0015075376884421399,-0.0015075376884421399,0.4824120603015075,-0.0025879396984924696,-0.0025879396984924696,0.35678391959798994,-0.0032160804020100464,-0.0032160804020100464,0.3861003861003861,0.084942084942085,0.1492921492921493,0.3643410852713178,0.39698492462311563,0.08793969849246241,0.1507537688442212,0.3787878787878788,0.3861003861003861,0.084942084942085,0.1492921492921493,0.3643410852713178,22.0,-9.0,-9.0,33.0,-11.0,-11.0,43.0,-14.0,-14.0,0.0002956593809110918,-8.41761384070018e-05,-5.1815526523645814e-05,-0.00010708564814265742,-0.00016179463533028127,9.987650539144965e-05,0.05405405405405406,0.3046146782679589,14,-0.48827624320983887
877,1,test,1.6411864278251516,0.7452226308683026,1.037277885980616,2.906938051899451,1.319969496505294,1.8372699810506332,5.161289378459291,2.7115937171747424,3.3320348143604575,9.141891644199136,4.802888218002322,5.901839442429308,1.5916599765388773,0.6954743936514693,0.9862774036566768,2.6308429364278965,1.1495444523164784,1.6302105845564907,4.911895796434411,2.4616567668645457,3.07994286608308,8.118836027164317,4.068854160106688,5.090814654682777,1.6411864278251516,0.7452226308683026,1.037277885980616,2.906938051899451,1.319969496505294,1.8372699810506332,5.161289378459291,2.7115937171747424,3.3320348143604575,9.141891644199136,4.802888218002322,5.901839442429308,0.44723618090452266,-0.0027638190954772934,-0.0027638190954772934,0.29648241206030146,-0.0035175879396985854,-0.0035175879396985854,0.18592964824120606,-0.004070351758793889,-0.004070351758793889,0.36296296296296293,0.10787978366536588,0.1794654260171501,0.28996282527881045,0.35678391959798994,0.11116988451027066,0.18650011325408344,0.24242424242424243,0.36296296296296293,0.10787978366536588,0.1794654260171501,0.28996282527881045,17.0,0.0,0.0,28.0,0.0,0.0,32.0,0.0,0.0,-0.0007062522944540493,0.0003753189615125423,0.00026336284699867476,-0.055392249967371576,-0.06055660747614411,-0.06370368122147241,0.05185185185185185,0.33112832601711684,14,-0.8221535682678223
763,1,test,2.5307147366338616,1.2009669846665896,1.6403878589208105,4.877748564963652,2.3147670107686684,3.161715308726401,12.56248179462119,8.78239204752656,10.12655602361011,24.21317055576181,16.927352414184256,19.51812007776465,2.656193279170714,1.243575516927037,1.7093404161864982,4.785933836343629,2.2406766070757427,3.0798926417774743,14.241970570515152,10.135278882647258,11.664385702159043,25.661208235162434,18.26176375251758,21.016911175061338,2.5307147366338616,1.2009669846665896,1.6403878589208105,4.877748564963652,2.3147670107686684,3.161715308726401,12.56248179462119,8.78239204752656,10.12655602361011,24.21317055576181,16.927352414184256,19.51812007776465,0.6582914572864322,-0.0017085427135676845,-0.0017085427135676845,0.49246231155778897,-0.002537688442211028,-0.002537688442211028,0.3467336683417085,-0.003266331658291488,-0.003266331658291488,0.37815126050420167,0.08255377622747206,0.14211774095112906,0.36708860759493667,0.371859296482412,0.07862621377564505,0.13646697594818835,0.3787878787878788,0.37815126050420167,0.08255377622747206,0.14211774095112906,0.36708860759493667,18.0,-7.0,-7.0,30.0,-11.0,-11.0,39.0,-10.0,-10.0,-0.00014224049122085888,0.00010645443355883576,6.766763133184087e-05,3.8442710928343615e-05,-4.636562540305533e-05,-7.072031659394185e-05,0.046218487394957986,0.41374696112737136,11,-0.3644537925720215
389,1,test,2.4770972928691197,1.156289406374597,1.595231127674239,4.532170602508685,2.115581358329818,2.9186821373002743,11.906652682639352,8.160205823846214,9.491249638422481,21.78476453786607,14.930154359185293,17.365471560669278,2.4668051036411938,1.1704336811538378,1.5992694963694096,4.366026732108308,2.071564037440421,2.830565480299841,11.784735633043026,8.128729165955532,9.403699823088374,20.85793917352748,14.387131267177933,16.64371650104137,2.4770972928691197,1.156289406374597,1.595231127674239,4.532170602508685,2.115581358329818,2.9186821373002743,11.906652682639352,8.160205823846214,9.491249638422481,21.78476453786607,14.930154359185293,17.365471560669278,0.592964824120603,-0.0020351758793969443,-0.0020351758793969443,0.4773869346733668,-0.0026130653266331905,-0.0026130653266331905,0.321608040201005,-0.0033919597989949812,-0.0033919597989949812,0.41463414634146345,0.12660169198040871,0.19030982201713909,0.35918367346938773,0.4120603015075377,0.126346015793252,0.18835412454593503,0.3434343434343434,0.41463414634146345,0.12660169198040871,0.19030982201713909,0.35918367346938773,14.0,0.0,0.0,28.0,0.0,0.0,33.0,0.0,0.0,0.00020242694196257694,7.459658841154262e-05,-0.0001048489670887347,-1.699666395538202e-05,-9.033858156382024e-05,-0.00010696492421935488,0.04065040650406504,0.661888406737719,10,-0.530566930770874
397,1,test,3.0021445993681173,1.4606204234311126,1.970973170182912,4.593642941201819,2.2349252262138717,3.015826417026866,20.128658575788418,15.456953227615976,17.32430956819406,30.799272760543726,23.651000721773844,26.50828090554995,2.764478869228084,1.3057995202829802,1.788260349418059,4.065410101806006,1.9202934121808535,2.6297946314971457,15.870767090064975,11.570490478312347,13.216367410302436,23.339363367742607,17.015427173988744,19.435834426915342,3.0021445993681173,1.4606204234311126,1.970973170182912,4.593642941201819,2.2349252262138717,3.015826417026866,20.128658575788418,15.456953227615976,17.32430956819406,30.799272760543726,23.651000721773844,26.50828090554995,0.6582914572864322,-0.0017085427135676845,-0.0017085427135676845,0.48743718592964824,-0.002562814070351749,-0.002562814070351749,0.3869346733668342,-0.0030653266331658324,-0.0030653266331658324,0.4268774703557312,0.12707470901450835,0.1903465899352319,0.4365079365079365,0.40201005025125625,0.10376443621616849,0.1682871787988356,0.398989898989899,0.4268774703557312,0.12707470901450835,0.1903465899352319,0.4365079365079365,18.0,-2.0,-2.0,29.0,-5.0,-5.0,36.0,-4.0,-4.0,-0.0003643964244835488,-0.0003613481649571506,-1.3341611452585577e-05,-6.550611697964115e-05,-0.000128814918206821,0.00012090384720320202,0.9486166007905138,-0.517786587520207,240,-0.43105101585388184
564,1,test,2.8190853168557624,1.3465260938507746,1.8321200331356262,5.573114818707161,2.6619785086126853,3.621960373198892,16.761512185613622,12.401132126841794,14.078432466391058,33.13622024386693,24.5160842815257,27.831978029711554,2.8774938113161426,1.3653394761772715,1.8624597833456829,5.138381805921683,2.4381062074594135,3.3258210416887195,17.769683148612955,13.233189746896034,15.010225854102945,31.73157705109456,23.63069597660006,26.803974739469542,2.8190853168557624,1.3465260938507746,1.8321200331356262,5.573114818707161,2.6619785086126853,3.621960373198892,16.761512185613622,12.401132126841794,14.078432466391058,33.13622024386693,24.5160842815257,27.831978029711554,0.6582914572864322,-0.0017085427135676845,-0.0017085427135676845,0.5226130653266332,-0.002386934673366814,-0.002386934673366814,0.40201005025125625,-0.002989949748743781,-0.002989949748743781,0.39453125,0.10603222465886941,0.16595982142857146,0.34901960784313724,0.4120603015075377,0.10880215614412914,0.18000687913692004,0.36868686868686873,0.39453125,0.10603222465886941,0.16595982142857146,0.34901960784313724,17.0,0.0,0.0,30.0,0.0,0.0,36.0,0.0,0.0,-1.5701028631058578e-05,0.00012946573586795885,0.0001414946890001358,-0.004761824924124802,-0.005389797945199781,-0.0054738771383924245,0.05859375,0.17876896831983313,15,-0.08355927467346191
32,1,test,2.445549747486631,1.1775472455569092,1.5957514293087,4.054032131739583,1.9520414070641383,2.6453060606661003,11.536890232214228,7.983143366809941,9.19771519694831,19.124911995683988,13.233801420148021,15.247219151988137,2.481973086057018,1.1891523679270823,1.6153226052329708,4.003182396866158,1.917987690204972,2.6053590406983407,11.9648488195509,8.321800731256433,9.585919594929917,19.29814325734016,13.422259243961989,15.461160636983738,2.445549747486631,1.1775472455569092,1.5957514293087,4.054032131739583,1.9520414070641383,2.6453060606661003,11.536890232214228,7.983143366809941,9.19771519694831,19.124911995683988,13.233801420148021,15.247219151988137,0.6432160804020101,-0.001783919597989958,-0.001783919597989958,0.4723618090452262,-0.0026381909547738003,-0.0026381909547738003,0.321608040201005,-0.0033919597989949812,-0.0033919597989949812,0.39837398373983735,0.10831313181285962,0.16594155130740496,0.4122448979591836,0.4120603015075377,0.1163209531366104,0.17666798097331404,0.4242424242424242,0.39837398373983735,0.10831313181285962,0.16594155130740496,0.4122448979591836,18.0,0.0,0.0,26.0,0.0,0.0,39.0,1.0,1.0,7.754389538018465e-05,-1.8878960420845952e-05,-0.0001716638942875871,-1.699666395538202e-05,-9.033858156382024e-05,-0.00010696492421935488,0.04065040650406504,0.46728322581017256,10,-0.2957346439361572
386,1,test,2.474836984492409,1.1872880177543528,1.6128287363806808,3.8324618445568164,1.8386003017795978,2.4975805003380827,11.879770368447307,8.255876990187076,9.511859093164041,18.39667297056697,12.784815224803985,14.72979322427117,2.4593600869324583,1.1507342932080833,1.5826938807556,3.513371552760655,1.6439061331544047,2.260991258222286,11.697323874106438,7.996239711223858,9.294448227526399,16.710462677294913,11.423199587462655,13.27778318218057,2.474836984492409,1.1872880177543528,1.6128287363806808,3.8324618445568164,1.8386003017795978,2.4975805003380827,11.879770368447307,8.255876990187076,9.511859093164041,18.39667297056697,12.784815224803985,14.72979322427117,0.5728643216080402,-0.0021356783919597166,-0.0021356783919597166,0.4623115577889447,-0.002688442211055242,-0.002688442211055242,0.35678391959798994,-0.0032160804020100464,-0.0032160804020100464,0.42592592592592593,0.14866160060245093,0.2128717387338077,0.3643122676579925,0.4321608040201005,0.1564715809624564,0.2218102197129218,0.3484848484848485,0.42592592592592593,0.14866160060245093,0.2128717387338077,0.3643122676579925,13.0,-1.0,-1.0,24.0,-5.0,-5.0,29.0,-1.0,-1.0,-0.0002514606571332019,0.00036140819561103623,0.0002941281893268315,-0.009526475018621028,-0.010266386445066722,-0.011101578948915503,0.05925925925925926,-0.5421395808103661,16,-0.5784988403320312
364,1,test,2.760536492508414,1.348510704748705,1.8141968999104257,4.241187883944745,2.07180281002301,2.787266146226017,15.808321719831607,11.704060369236654,13.232059509986653,24.287330642286744,17.981692749099953,20.329255065343133,2.760536492508414,1.348510704748705,1.8141968999104257,4.241187883944745,2.07180281002301,2.787266146226017,15.808321719831607,11.704060369236654,13.232059509986653,24.287330642286744,17.981692749099953,20.329255065343133,2.760536492508414,1.348510704748705,1.8141968999104257,4.241187883944745,2.07180281002301,2.787266146226017,15.808321719831607,11.704060369236654,13.232059509986653,24.287330642286744,17.981692749099953,20.329255065343133,0.6607142857142857,0.10071428571428565,0.10071428571428565,0.47023809523809523,0.07023809523809521,0.07023809523809521,0.3571428571428571,0.052142857142857046,0.052142857142857046,0.375,0.08123145400593468,0.14575098814229248,0.3173652694610778,0.375,0.08123145400593468,0.14575098814229248,0.3173652694610778,0.375,0.08123145400593468,0.14575098814229248,0.3173652694610778,17.0,1.0,1.0,25.0,2.0,2.0,33.0,2.0,2.0,0.00015696602006941643,0.00027886696276128184,0.0002513998709845463,3.5699890170270976e-05,6.804720801945052e-05,7.471573781625551e-05,0.09523809523809523,0.27010296472182627,16,-0.36339640617370605
667,1,test,3.093741164411651,1.5014993030096722,2.0304020379191825,4.823161691101394,2.340846739474706,3.1654093883087873,22.059451828744553,17.144697042776365,19.163426772533942,34.39082241624151,26.728689178489866,29.875901365875897,3.067733793587005,1.452564023229495,1.9895274780517624,4.683563043644282,2.217654997296939,3.0374465313767365,21.493139551533137,16.464397969273172,18.553737092298395,32.81395351379105,25.136485449272016,28.326316171447935,3.093741164411651,1.5014993030096722,2.0304020379191825,4.823161691101394,2.340846739474706,3.1654093883087873,22.059451828744553,17.144697042776365,19.163426772533942,34.39082241624151,26.728689178489866,29.875901365875897,0.6884422110552764,-0.0015577889447235815,-0.0015577889447235815,0.542713567839196,-0.0022864321608039306,-0.0022864321608039306,0.40201005025125625,-0.002989949748743781,-0.002989949748743781,0.4,0.08862275449101797,0.1632978723404256,0.37349397590361444,0.3919597989949749,0.08870165363156635,0.16157582570616025,0.3484848484848485,0.4,0.08862275449101797,0.1632978723404256,0.37349397590361444,19.0,0.0,0.0,26.0,0.0,0.0,37.0,0.0,0.0,-0.00026298818161028575,3.768129063291632e-05,0.00013792187944268436,-4.4716351397688925e-05,-0.00011232505964553496,0.0001314175181095223,0.956,-0.33090110696103203,239,-0.46364831924438477
453,1,test,2.4467174629688007,1.160513507821934,1.5836860761221843,4.167312324024279,1.976616555258003,2.6973749941693974,11.550369906234806,7.931347430129331,9.180034689402225,19.672888098361216,13.508875622929956,15.635671987110886,2.539763387407942,1.2026368431800112,1.634756993989749,3.968380292824909,1.8791200674687674,2.5543078031089825,12.67667115593001,8.868585751818445,10.204723428727489,19.80729868114064,13.857165237216321,15.944880357386701,2.4467174629688007,1.160513507821934,1.5836860761221843,4.167312324024279,1.976616555258003,2.6973749941693974,11.550369906234806,7.931347430129331,9.180034689402225,19.672888098361216,13.508875622929956,15.635671987110886,0.5979899497487438,-0.0020100502512562235,-0.0020100502512562235,0.46733668341708545,-0.002663316582914521,-0.002663316582914521,0.321608040201005,-0.0033919597989949812,-0.0033919597989949812,0.3802281368821293,0.1145734879257726,0.16910297885431647,0.3396946564885496,0.37688442211055273,0.09618266772458783,0.15985604147616206,0.33838383838383834,0.3802281368821293,0.1145734879257726,0.16910297885431647,0.3396946564885496,22.0,0.0,0.0,30.0,0.0,0.0,37.0,0.0,0.0,0.0003774879596981476,0.0004832082194129183,0.0002240477749115114,-0.00013480533558407615,-0.00018378111340844328,8.585827751517172e-05,0.04182509505703422,0.27933881942836447,11,-0.4992227554321289
440,1,test,2.37380450149347,1.130346364026455,1.5396835419533557,3.9512358799052603,1.8814797543150026,2.562828089186876,10.738168045571737,7.270583908228852,8.43537913186766,17.873853908112956,12.102004182729315,14.040824619495847,2.4879984068837477,1.173955762513547,1.6034357851057288,4.078685912924176,1.924517643464831,2.6285832542716863,12.037158498074296,8.31597171777035,9.615233635469462,19.733046718154583,13.632740520934998,15.762678090933544,2.37380450149347,1.130346364026455,1.5396835419533557,3.9512358799052603,1.8814797543150026,2.562828089186876,10.738168045571737,7.270583908228852,8.43537913186766,17.873853908112956,12.102004182729315,14.040824619495847,0.6432160804020101,-0.001783919597989958,-0.001783919597989958,0.42713567839195976,-0.002864321608040288,-0.002864321608040288,0.29145728643216084,-0.0035427135678391952,-0.0035427135678391952,0.35019455252918286,0.0628159117524838,0.11862922264561238,0.3515625,0.3417085427135679,0.06100678832760298,0.10631622217934422,0.36363636363636365,0.35019455252918286,0.0628159117524838,0.11862922264561238,0.3515625,17.0,-6.0,-6.0,25.0,-6.0,-6.0,30.0,-4.0,-4.0,0.00013342458494531738,0.00010016756410393929,2.1552167853321404e-05,-9.322580442105988e-05,-0.00015080139628764755,0.00010688561932692409,0.042801556420233464,0.3356265811116877,11,-0.33555006980895996
640,1,test,3.50313686397858,1.696748598904814,2.2987735668456706,4.932416704481841,2.3890220272579787,3.2366731821187047,33.219493724195665,27.131075802048247,29.884858493998284,46.7730471636675,38.20055472928394,42.077880759549586,3.50313686397858,1.696748598904814,2.2987735668456706,4.932416704481841,2.3890220272579787,3.2366731821187047,33.219493724195665,27.131075802048247,29.884858493998284,46.7730471636675,38.20055472928394,42.077880759549586,3.50313686397858,1.696748598904814,2.2987735668456706,4.932416704481841,2.3890220272579787,3.2366731821187047,33.219493724195665,27.131075802048247,29.884858493998284,46.7730471636675,38.20055472928394,42.077880759549586,0.6857142857142857,0.07071428571428573,0.07071428571428573,0.5485714285714286,0.0535714285714286,0.0535714285714286,0.44571428571428573,0.0407142857142857,0.0407142857142857,0.38857142857142857,0.09512413512413509,0.17604770940634318,0.367816091954023,0.38857142857142857,0.09512413512413509,0.17604770940634318,0.367816091954023,0.38857142857142857,0.09512413512413509,0.17604770940634318,0.367816091954023,22.0,2.0,2.0,34.0,3.0,3.0,41.0,3.0,3.0,0.00045770068336445466,0.00012277036536085202,0.00011130230445840511,-3.313611914457226e-05,1.8306265836542934e-05,3.5847361882446194e-05,0.07428571428571429,0.5991975232995768,13,-0.08099794387817383
633,1,test,2.6198512796148257,1.2705195589711042,1.7145971160788687,4.506767975051694,2.185596146087197,2.9495152770642434,13.733680954869845,9.878832400857352,11.261120677005106,23.625201166413007,16.99394383242723,19.371808783657592,2.879069482471534,1.3876873976705641,1.8830724146159583,4.53396768893155,2.185334484520573,2.9654683694739497,17.797704396128943,13.354472195117381,15.090281916260507,28.027880938785735,21.0306648742006,23.764223490174025,2.6198512796148257,1.2705195589711042,1.7145971160788687,4.506767975051694,2.185596146087197,2.9495152770642434,13.733680954869845,9.878832400857352,11.261120677005106,23.625201166413007,16.99394383242723,19.371808783657592,0.6381909547738693,-0.0018090452261306789,-0.0018090452261306789,0.49246231155778897,-0.002537688442211028,-0.002537688442211028,0.36180904522613067,-0.0031909547738693256,-0.0031909547738693256,0.38888888888888884,0.11332563065665313,0.17988196048242233,0.3310104529616724,0.37688442211055273,0.10119519905290864,0.15985604147616206,0.36363636363636365,0.38888888888888884,0.11332563065665313,0.17988196048242233,0.3310104529616724,23.0,-2.0,-2.0,34.0,-4.0,-4.0,43.0,-2.0,-2.0,0.0007859360386540971,0.0003669999953818441,9.45017188258874e-05,-0.010391287890421985,-0.011169789384145368,-0.00904139267038584,0.034722222222222224,-0.25326555577829857,10,-0.5407931804656982
227,1,test,3.49192002884262,1.6989550471911021,2.2951073945245,5.018442445823001,2.4416676361271032,3.298433031475101,32.848958143031126,26.841720706957286,29.5394067999061,47.209158424137634,38.575806261911296,42.45280867964647,3.544391558599707,1.6978812188564112,2.2983125090541696,4.725855411466276,2.263841625141882,3.064416678738893,34.61861553412729,28.28095094188026,31.141931243493925,46.158154045503046,37.707934589173675,41.52257499132523,3.49192002884262,1.6989550471911021,2.2951073945245,5.018442445823001,2.4416676361271032,3.298433031475101,32.848958143031126,26.841720706957286,29.5394067999061,47.209158424137634,38.575806261911296,42.45280867964647,0.7236180904522613,-0.0013819095477386467,-0.0013819095477386467,0.5879396984924623,-0.002060301507537776,-0.002060301507537776,0.48743718592964824,-0.002562814070351749,-0.002562814070351749,0.4122137404580153,0.11316612141039628,0.17871120238694926,0.3946360153256705,0.40703517587939697,0.10628329618014887,0.1683039571815672,0.38888888888888884,0.4122137404580153,0.11316612141039628,0.17871120238694926,0.3946360153256705,21.0,-3.0,-3.0,33.0,0.0,0.0,43.0,-6.0,-6.0,0.00018294977090947229,9.088674710767181e-05,1.0197156503244259e-05,-0.00012787541372372146,-0.00017828449388890277,8.936283448512938e-05,0.9580152671755725,-0.46402439396239775,251,-0.5107793807983398
369,1,test,2.6266494820662474,1.1921912622190654,1.6466858197433978,4.312199951841379,1.9572337834291602,2.7033826024664336,13.827363373630238,9.629993032916309,11.163003950092433,22.700537731040015,15.80966770644549,18.326428944804153,2.6982334529462815,1.203209125808638,1.675947356956334,3.8823502920090385,1.7312361522426447,2.411435045980337,14.853469182472356,10.39402414541086,12.073927376869857,21.371898104276774,14.955430425051599,17.372557376791164,2.5904809433631573,1.1650297986498352,1.616539557713305,4.246690071087143,1.9098849158194025,2.650064848710336,13.33618401025944,9.176449948727662,10.687821877920806,21.862596738130232,15.04336057168469,17.52101947200132,0.5979899497487438,-0.0020100502512562235,-0.0020100502512562235,0.4623115577889447,-0.002688442211055242,-0.002688442211055242,0.3015075376884422,-0.0034924623115578646,-0.0034924623115578646,0.38235294117647056,0.09524038000191914,0.15952685421994883,0.3508196721311475,0.3668341708542714,0.07610735381166489,0.13978909572906273,0.3282828282828283,0.37792642140468224,0.09412007749817142,0.15545701094861997,0.34563758389261745,17.0,0.0,0.0,27.0,0.0,0.0,33.0,0.0,0.0,0.0005854621211664177,6.721123352045038e-05,-0.00011168170352929192,-0.02308602170863061,-0.019052799170101054,-0.02120075659340248,0.032679738562091505,0.647093022428719,10,-0.6466903686523438
642,1,test,2.919674080491985,1.4129979008496185,1.9137521133752013,4.704846232564228,2.2769451887976713,3.083874834124611,18.535245477113516,14.02353574528118,15.800818314166523,29.868224140262924,22.597926172395958,25.46189008339977,2.927791215662699,1.416454150137972,1.917504977605647,4.243175674873477,2.052832101649235,2.7789927211676044,18.686310849650628,14.153523471529176,15.9399238266464,27.0816099270299,20.512352857288665,23.101338879197684,2.919674080491985,1.4129979008496185,1.9137521133752013,4.704846232564228,2.2769451887976713,3.083874834124611,18.535245477113516,14.02353574528118,15.800818314166523,29.868224140262924,22.597926172395958,25.46189008339977,0.6633165829145728,-0.0016834170854271857,-0.0016834170854271857,0.4974874371859297,-0.002512562814070307,-0.002512562814070307,0.40201005025125625,-0.002989949748743781,-0.002989949748743781,0.40569395017793597,0.1268307174958756,0.1891259028406579,0.38928571428571423,0.4170854271356784,0.12385234442891147,0.19337925017407576,0.398989898989899,0.40569395017793597,0.1268307174958756,0.1891259028406579,0.38928571428571423,22.0,0.0,0.0,31.0,0.0,0.0,41.0,0.0,0.0,0.00011596385334032324,-0.00021000806697926296,-0.00016760034643376366,-0.004935072970635446,-0.004070083851288153,-0.004165424233688597,0.9537366548042705,-0.39132957264491897,268,-0.757521390914917
416,1,test,3.1510477197319635,1.5219763594745988,2.0639220487168073,4.861616481872172,2.348192097475095,3.1843368751630736,23.36052704893801,18.261389791268673,20.39478974393397,36.0419560183615,28.174715677957384,31.466247033498124,3.228075707115544,1.509067027680211,2.0809265316351695,4.818023443456036,2.252338847283897,3.105860494977865,25.23105828098519,19.65206313152222,22.08185600363346,37.65829594176894,29.331437509734656,32.95799403527382,3.1510477197319635,1.5219763594745988,2.0639220487168073,4.861616481872172,2.348192097475095,3.1843368751630736,23.36052704893801,18.261389791268673,20.39478974393397,36.0419560183615,28.174715677957384,31.466247033498124,0.6984924623115578,-0.0015075376884421399,-0.0015075376884421399,0.5276381909547738,-0.002361809045226204,-0.002361809045226204,0.40201005025125625,-0.002989949748743781,-0.002989949748743781,0.38604651162790693,0.09138293854206003,0.15729844362172452,0.36448598130841126,0.39698492462311563,0.09122051359554673,0.16493150225249797,0.3787878787878788,0.38604651162790693,0.09138293854206003,0.15729844362172452,0.36448598130841126,21.0,-4.0,-4.0,28.0,-1.0,-1.0,38.0,-2.0,-2.0,-2.1667310302720227e-05,5.430562153038407e-05,2.9148973584824477e-05,0.00019783091371916584,8.005662356502796e-05,3.348293033322847e-05,0.9488372093023256,-0.5368096870414119,204,-0.5033104419708252
452,1,test,2.7601765798700075,1.3182153445820406,1.7979250755629814,4.434090118629883,2.1176491664576007,2.888279637517306,15.80263312881195,11.573651411595314,13.185049784859945,25.386165477897908,18.59251097733699,21.18114449309759,2.8434174169353956,1.344564691300728,1.842830154229268,4.150974331292548,1.9628681624828141,2.690262998874843,17.17435730337873,12.697807011666306,14.454478660548215,25.072054457487194,18.536944542578546,21.10142870153024,2.7601765798700075,1.3182153445820406,1.7979250755629814,4.434090118629883,2.1176491664576007,2.888279637517306,15.80263312881195,11.573651411595314,13.185049784859945,25.386165477897908,18.59251097733699,21.18114449309759,0.6934673366834171,-0.0015326633165829717,-0.0015326633165829717,0.507537688442211,-0.0024623115577889765,-0.0024623115577889765,0.38190954773869346,-0.0030904522613065533,-0.0030904522613065533,0.41532258064516125,0.10948757058479908,0.1767166825218368,0.368421052631579,0.40201005025125625,0.09373937355952688,0.1599399333898205,0.3484848484848485,0.41532258064516125,0.10948757058479908,0.1767166825218368,0.368421052631579,14.0,0.0,0.0,27.0,0.0,0.0,33.0,0.0,0.0,0.0003932288481674494,0.00023235502062393708,2.220768123379322e-05,-3.085650767697956e-05,-0.00010133182060556578,-0.00011602607612637428,0.9556451612903226,0.3386823374487419,237,-0.42279815673828125
81,1,test,2.5140144620647527,1.1886606582732933,1.6288878576333765,4.591568080021041,2.170956618929695,2.9749826844276246,12.354427020808473,8.59091035486825,9.931135849342363,22.56398823939325,15.690343217571868,18.138116169285006,2.5605410657973064,1.222464613248028,1.6668636731656044,4.303430362684549,2.0545623752067694,2.8014515515388307,12.942818337688738,9.131113882952384,10.49871727296734,21.752635861661744,15.34640988731493,17.644902979777044,2.5140144620647527,1.1886606582732933,1.6288878576333765,4.591568080021041,2.170956618929695,2.9749826844276246,12.354427020808473,8.59091035486825,9.931135849342363,22.56398823939325,15.690343217571868,18.138116169285006,0.6884422110552764,-0.0015577889447235815,-0.0015577889447235815,0.4723618090452262,-0.0026381909547738003,-0.0026381909547738003,0.33668341708542715,-0.0033165829145728187,-0.0033165829145728187,0.39312977099236646,0.08836786623046167,0.14566784205835626,0.3601532567049809,0.40201005025125625,0.10125817055200814,0.1549315861444115,0.35858585858585856,0.39312977099236646,0.08836786623046167,0.14566784205835626,0.3601532567049809,17.0,-3.0,-3.0,29.0,-8.0,-8.0,36.0,-5.0,-5.0,3.714502388000159e-05,-5.2555694369655904e-05,0.0001231275578654515,-0.00480340445528693,-0.005422777662320577,-0.005494904480203289,0.05343511450381679,0.3450950811229692,14,-0.2871887683868408
827,1,test,1.661134636481986,0.761403364221148,1.0587968957735328,2.592376781176432,1.1882507047693671,1.6523648524950585,5.265281637100131,2.8063394007248084,3.4388982125637675,8.217030433656264,4.379590276888716,5.366765392334363,1.7096457413568673,0.7644092821535282,1.0768029837141435,2.5903723353891928,1.1581958820508003,1.6315196722941567,5.527003142132126,2.9535813262094903,3.6440473771093442,8.374247185048675,4.475123221529531,5.521283904711128,1.661134636481986,0.761403364221148,1.0587968957735328,2.592376781176432,1.1882507047693671,1.6523648524950585,5.265281637100131,2.8063394007248084,3.4388982125637675,8.217030433656264,4.379590276888716,5.366765392334363,0.3266331658291457,-0.0033668341708542604,-0.0033668341708542604,0.2613065326633166,-0.003693467336683409,-0.003693467336683409,0.20603015075376885,-0.003969849246231116,-0.003969849246231116,0.2878048780487805,0.11505548632128659,0.15004150689805118,0.20588235294117652,0.29648241206030146,0.1210438155690734,0.15791813827065204,0.21212121212121215,0.2878048780487805,0.11505548632128659,0.15004150689805118,0.20588235294117652,15.0,-3.0,-3.0,21.0,-4.0,-4.0,28.0,-6.0,-6.0,0.0019734788178634444,0.0010324074639424428,0.0006116808640877448,-0.05231350833256743,-0.054744698143667225,-0.056138743665683055,0.9463414634146341,-0.3966420928506077,194,-1.227716326713562
820,1,test,3.139657319174362,1.516512865133743,2.0572782238946745,4.761813600747783,2.3000445121195106,3.120205306240257,23.095950962941924,18.026946428463884,20.144257398461495,35.02885896046192,27.34086874983689,30.552123720999933,3.2491028941088858,1.5785615306862164,2.1327083952627865,4.553320253011749,2.2122094690602614,2.9887955680091167,25.76721362623644,20.452169237144233,22.713389861231654,36.11039092690881,28.661842804166916,31.83073649566971,3.139657319174362,1.516512865133743,2.0572782238946745,4.761813600747783,2.3000445121195106,3.120205306240257,23.095950962941924,18.026946428463884,20.144257398461495,35.02885896046192,27.34086874983689,30.552123720999933,0.702020202020202,0.002020202020202033,0.002020202020202033,0.5656565656565656,0.0006565656565656885,0.0006565656565656885,0.45959595959595956,-0.00040404040404040664,-0.00040404040404040664,0.4338235294117647,0.1163923367512143,0.19788220911836618,0.4022140221402214,0.4292929292929293,0.12198814339872277,0.19271574808487557,0.3959390862944162,0.4338235294117647,0.1163923367512143,0.19788220911836618,0.4022140221402214,22.0,1.0,1.0,38.0,1.0,1.0,44.0,1.0,1.0,-0.0002979033089890288,0.00018691758962051264,5.282229498290728e-05,-0.0058718092604124195,-0.005036262161542737,-0.005529950049892207,0.04411764705882353,0.3469928719767244,12,-0.5479640960693359
863,1,test,4.288621522374851,2.0749817595583475,2.807346592261222,7.057225289983933,3.4145269461086736,4.619684265746315,72.86595514903863,63.716999255171615,68.46740519761623,119.90600214398762,104.85075826800393,112.6678819707609,4.239186866505214,2.0347872694664475,2.765113821137236,6.782698986408343,3.255659631146316,4.424182113819578,69.35143692915867,60.28662953269087,64.98445103077039,110.96229908665387,96.4586072523054,103.97512164923263,4.288621522374851,2.0749817595583475,2.807346592261222,7.057225289983933,3.4145269461086736,4.619684265746315,72.86595514903863,63.716999255171615,68.46740519761623,119.90600214398762,104.85075826800393,112.6678819707609,0.7989949748743719,-0.0010050251256281673,-0.0010050251256281673,0.7085427135678393,-0.0014572864321606982,-0.0014572864321606982,0.5979899497487438,-0.0020100502512562235,-0.0020100502512562235,0.444015444015444,0.08880308880308885,0.18146718146718144,0.4263565891472868,0.4371859296482412,0.08291457286432158,0.17085427135678388,0.41414141414141414,0.444015444015444,0.08880308880308885,0.18146718146718144,0.4263565891472868,25.0,0.0,0.0,41.0,0.0,0.0,48.0,0.0,0.0,-0.0007266567496124187,5.807840934270771e-05,0.00017097664853875616,-0.00010708564814265742,-0.00016179463533028127,9.987650539144965e-05,0.9498069498069498,-0.5041100643964468,246,-0.18428897857666016
370,1,test,2.2861116689355025,1.094025100822839,1.4883871016967145,3.4231195889351707,1.6381434049357855,2.2286431205300015,9.836615207742943,6.542668120957286,7.616132590884091,14.72890002005954,9.79669353561329,11.404050387408454,1.886194926885033,0.863146848275697,1.199114548714389,2.675453797000047,1.2243217706038254,1.7008717003040978,6.594229358049616,3.8125687827710673,4.606326231055995,9.353516819928535,5.407898982653997,6.533796072419852,2.2861116689355025,1.094025100822839,1.4883871016967145,3.4231195889351707,1.6381434049357855,2.2286431205300015,9.836615207742943,6.542668120957286,7.616132590884091,14.72890002005954,9.79669353561329,11.404050387408454,0.4120603015075377,-0.0029396984924623393,-0.0029396984924623393,0.321608040201005,-0.0033919597989949812,-0.0033919597989949812,0.2160804020100503,-0.003919597989949675,-0.003919597989949675,0.34751773049645385,0.10857967739910868,0.16001773049645385,0.38434163701067614,0.321608040201005,0.1010566617548897,0.14464643752988648,0.3282828282828283,0.34751773049645385,0.10857967739910868,0.16001773049645385,0.38434163701067614,18.0,-1.0,-1.0,26.0,-2.0,-2.0,29.0,0.0,0.0,-0.0006427575114804421,-0.00035175503765590274,-0.0003163660554701926,-0.07582735837646748,-0.07448107435079443,-0.0673985010229563,0.03546099290780142,0.5168440425885078,10,-0.9020977020263672
311,1,test,2.4115649454809995,1.1453599756907675,1.5654366056115236,4.211979870531883,2.0004574917886697,2.734152975554374,11.151398828197788,7.6040341991437135,8.820792780953106,19.476758227331754,13.281018635490732,15.406179172212617,2.561314012670504,1.221757165884413,1.661587688206906,4.198875430607384,2.002880599810513,2.723914242962141,12.952826315972711,9.135474857064233,10.4938962459149,21.23414150159461,14.976188290269235,17.203108599860492,2.4115649454809995,1.1453599756907675,1.5654366056115236,4.211979870531883,2.0004574917886697,2.734152975554374,11.151398828197788,7.6040341991437135,8.820792780953106,19.476758227331754,13.281018635490732,15.406179172212617,0.6080402010050252,-0.001959798994974782,-0.001959798994974782,0.4120603015075377,-0.0029396984924623393,-0.0029396984924623393,0.3316582914572864,-0.0033417085427135396,-0.0033417085427135396,0.3661417322834646,0.09305725291214828,0.1462464443253494,0.33596837944664026,0.38190954773869346,0.11624538733769096,0.16321171802249979,0.3484848484848485,0.3661417322834646,0.09305725291214828,0.1462464443253494,0.33596837944664026,20.0,-6.0,-6.0,32.0,-12.0,-12.0,41.0,-12.0,-12.0,0.0002594718918258425,0.00011916610496647346,0.00022811762950280455,-0.009415596268853577,-0.010616676039779449,-0.011045506037414832,0.9566929133858267,-0.504510867345976,243,-0.5020015239715576
450,1,test,2.5594747709039147,1.185960449535514,1.6385347149220157,4.066001060106852,1.8840257774266709,2.602988692692569,12.92902483186849,8.979819719178561,10.41737445940676,20.53914704303159,14.265409807049487,16.54912018551327,2.5426208182668035,1.138797455311071,1.6002373959078047,3.9728450285418804,1.7793710239235483,2.5003709311059445,12.712945668552972,8.642211522898421,10.14685545624641,19.86397760711402,13.503455504528782,15.854461650385016,2.5594747709039147,1.185960449535514,1.6385347149220157,4.066001060106852,1.8840257774266709,2.602988692692569,12.92902483186849,8.979819719178561,10.41737445940676,20.53914704303159,14.265409807049487,16.54912018551327,0.6633165829145728,-0.0016834170854271857,-0.0016834170854271857,0.5125628140703518,-0.0024371859296482556,-0.0024371859296482556,0.3517587939698492,-0.0032412060301507672,-0.0032412060301507672,0.4,0.09261477045908184,0.15398936170212774,0.40963855421686746,0.40703517587939697,0.09375196785934681,0.16162616085435522,0.41414141414141414,0.4,0.09261477045908184,0.15398936170212774,0.40963855421686746,22.0,0.0,0.0,32.0,0.0,0.0,42.0,0.0,0.0,9.386131771525817e-05,-1.4485396743830178e-05,-2.5673677221269344e-05,-4.4716351397688925e-05,-0.00011232505964553496,0.0001314175181095223,0.04,-0.2383269089901259,10,-0.44394516944885254
52,1,test,2.0523585466729526,0.9671048123031569,1.3281770692524808,3.5754246260460385,1.6847983835386575,2.3138242627503747,7.786243686029145,4.8260528604182,5.723201923613852,13.5644561056613,8.407492088412756,9.97042019324308,2.489879515312639,1.1590491164618306,1.5984389335465194,3.8305838697117522,1.783152486864355,2.4591368208407993,12.059823008902773,8.275638543256784,9.621182826242483,18.55357385985042,12.731751605010437,14.801819732680743,2.1477621186146085,1.0188994186333145,1.394603723623697,3.6198237954178794,1.7172462111797435,2.350455713972523,8.565667983318583,5.4735301721076155,6.441971074309026,14.436519073008848,9.225050851866769,10.857254619621953,0.6080402010050252,-0.001959798994974782,-0.001959798994974782,0.4773869346733668,-0.0026130653266331905,-0.0026130653266331905,0.36180904522613067,-0.0031909547738693256,-0.0031909547738693256,0.38787878787878793,0.12615412827213135,0.1933223362658847,0.33738601823708203,0.44221105527638194,0.15399050389793578,0.22184377647838527,0.398989898989899,0.4013377926421404,0.13923428679906868,0.20334001733624496,0.3489932885906041,20.0,0.0,0.0,31.0,0.0,0.0,41.0,0.0,0.0,0.0009464515238570854,0.0004381277825248891,0.0005494907048445043,-0.02709691726829977,-0.034910248292031376,-0.04106750247896773,0.030303030303030304,0.548358330439765,10,-0.7839899063110352
912,1,test,2.63982555449839,1.2932195828123756,1.7416223567481692,4.365201733909102,2.138461140206085,2.8799376225966458,14.010759280608234,10.16640376882781,11.555571621819661,23.16811828754172,16.8111121144669,19.108232812551464,2.6214818360273955,1.2472626737627255,1.7052106282249009,4.262572091101456,2.0280693882320735,2.7727002084957735,13.756092763312433,9.804103108136893,11.2561415730151,22.36763050945111,15.941631070141291,18.3026692244148,2.63982555449839,1.2932195828123756,1.7416223567481692,4.365201733909102,2.138461140206085,2.8799376225966458,14.010759280608234,10.16640376882781,11.555571621819661,23.16811828754172,16.8111121144669,19.108232812551464,0.6281407035175879,-0.0018592964824121205,-0.0018592964824121205,0.5125628140703518,-0.0024371859296482556,-0.0024371859296482556,0.35678391959798994,-0.0032160804020100464,-0.0032160804020100464,0.4126984126984127,0.11764890774791759,0.1897432675796792,0.3904382470119522,0.4120603015075377,0.1163209531366104,0.19336247179134403,0.38383838383838387,0.4126984126984127,0.11764890774791759,0.1897432675796792,0.3904382470119522,17.0,0.0,0.0,26.0,0.0,0.0,34.0,1.0,1.0,0.00019033399977397088,-0.0002907341654044612,1.9714270119304448e-05,-5.857619511928647e-05,-0.00012331829868550415,0.00012440840417138332,0.03968253968253968,-0.31894015072062526,10,-0.3845856189727783
342,1,test,2.7086979427690023,1.296079464202989,1.7647185747322989,4.530063800837814,2.167581172891205,2.9513396853281546,15.009719272450926,10.903024642866994,12.439530449851688,25.102461541857583,18.234368799277558,20.804042304062303,2.9547391658515467,1.3870505577129184,1.9060563833237325,4.476877524017495,2.1015917541104825,2.8879642171571707,19.19671490797126,14.401163931761864,16.34282545987762,29.08593167874433,21.819945351154338,24.761856757390333,2.7086979427690023,1.296079464202989,1.7647185747322989,4.530063800837814,2.167581172891205,2.9513396853281546,15.009719272450926,10.903024642866994,12.439530449851688,25.102461541857583,18.234368799277558,20.804042304062303,0.6934673366834171,-0.0015326633165829717,-0.0015326633165829717,0.5175879396984925,-0.002412060301507535,-0.002412060301507535,0.40703517587939697,-0.00296482412060306,-0.00296482412060306,0.403448275862069,0.10689655172413792,0.17471264367816097,0.3460207612456747,0.40703517587939697,0.11557788944723613,0.17420435510887766,0.36363636363636365,0.403448275862069,0.10689655172413792,0.17471264367816097,0.3460207612456747,25.0,-8.0,-8.0,36.0,-8.0,-8.0,42.0,-4.0,-4.0,0.0008803741969942474,0.00036737622351060937,0.00025810050090198903,-0.00032191322581809345,0.00013850755599076336,-8.764760639934366e-06,0.9620689655172414,-0.2709426960196224,279,-0.44278645515441895
540,1,test,3.143768892320987,1.5063932116157421,2.050230355643383,4.985384989006063,2.3888365722663845,3.2512528716711637,23.19110714145959,18.04944870360272,20.20628984821616,36.77643025982941,28.62279439387887,32.04311052853213,3.2034559305228774,1.520815091089143,2.07933241389799,4.817226963192296,2.2869399866002147,3.126815659996977,24.617459587528085,19.237715318350965,21.53994131466859,37.018736221846744,28.928895215565362,32.39088919499036,3.143768892320987,1.5063932116157421,2.050230355643383,4.985384989006063,2.3888365722663845,3.2512528716711637,23.19110714145959,18.04944870360272,20.20628984821616,36.77643025982941,28.62279439387887,32.04311052853213,0.6884422110552764,-0.0015577889447235815,-0.0015577889447235815,0.5376884422110553,-0.0023115577889447625,-0.0023115577889447625,0.40703517587939697,-0.00296482412060306,-0.00296482412060306,0.38951310861423216,0.10353180020301722,0.16410837636018483,0.3984962406015038,0.3919597989949749,0.09371418495988715,0.16324527478796325,0.40909090909090906,0.38951310861423216,0.10353180020301722,0.16410837636018483,0.3984962406015038,14.0,0.0,0.0,22.0,0.0,0.0,29.0,0.0,0.0,-0.00039024312269045976,-0.0001630183747828519,-0.00016232918785173076,-0.00016252502302549487,0.00022759863213561715,7.184004964067014e-05,0.9550561797752809,-0.8577208722545288,255,-0.4608736038208008
267,1,test,2.959036476701102,1.4270518845771965,1.937516046204064,5.247358018683287,2.530638675316895,3.435861788601873,19.279386665116487,14.652035544859796,16.501972244224177,34.18877901947324,25.982943032884705,29.263497446424207,3.0007317890665934,1.433888262027842,1.9530378155104144,5.455875980121078,2.6070695673233484,3.550977846382571,20.100240678872364,15.308740620238435,17.249171787543325,36.545892143404295,27.834073854978968,31.36213052280604,2.959036476701102,1.4270518845771965,1.937516046204064,5.247358018683287,2.530638675316895,3.435861788601873,19.279386665116487,14.652035544859796,16.501972244224177,34.18877901947324,25.982943032884705,29.263497446424207,0.6432160804020101,-0.001783919597989958,-0.001783919597989958,0.4974874371859297,-0.002512562814070307,-0.002512562814070307,0.40703517587939697,-0.00296482412060306,-0.00296482412060306,0.4226415094339623,0.11755676367125045,0.19930399375014796,0.3560606060606061,0.40703517587939697,0.10628329618014887,0.1849984479995973,0.33333333333333337,0.4226415094339623,0.11755676367125045,0.19930399375014796,0.3560606060606061,20.0,1.0,1.0,30.0,0.0,0.0,39.0,1.0,1.0,-0.00013246080508756548,0.00045729170403346263,0.0003757556372943234,-0.013895944734492183,-0.015197823375422637,-0.015592225759584188,0.05660377358490566,0.306130819002718,15,-0.2948148250579834
721,1,test,2.2381878040978336,1.0168003038214397,1.4230069642194256,3.721324300789169,1.6905836376790204,2.365963386292539,9.376324145766578,5.984433426286055,7.1167398874197785,15.58955098934684,9.950021841294886,11.832651861011197,2.2664867663774952,1.0681078134355477,1.464911984821616,3.4869027175038387,1.6432427899008426,2.2537107458794092,9.645454483298545,6.330715266397253,7.4164060529502835,14.839160743536222,9.739561948303466,11.409855466077358,2.2381878040978336,1.0168003038214397,1.4230069642194256,3.721324300789169,1.6905836376790204,2.365963386292539,9.376324145766578,5.984433426286055,7.1167398874197785,15.58955098934684,9.950021841294886,11.832651861011197,0.5979899497487438,-0.0020100502512562235,-0.0020100502512562235,0.4170854271356784,-0.0029145728643216184,-0.0029145728643216184,0.27135678391959794,-0.0036432160804020786,-0.0036432160804020786,0.3563636363636363,0.06416762910410823,0.14112784434428927,0.3175182481751825,0.35678391959798994,0.06856336821954379,0.14142498804540227,0.30808080808080807,0.3563636363636363,0.06416762910410823,0.14112784434428927,0.3175182481751825,17.0,0.0,0.0,24.0,0.0,0.0,32.0,0.0,0.0,0.00017320647090753326,0.00024803199831414127,-7.106712311703213e-06,-0.006650344806477193,-0.007020762076276554,-0.0057209850175885535,0.04727272727272727,0.460888378270234,13,-0.6824240684509277
106,1,test,2.916785059087258,1.4197952293857852,1.916147519908168,4.866051171745572,2.3686339924387245,3.1966948868711875,18.481774033452268,14.013555326226108,15.761758641279096,30.833008387515488,23.378711812533307,26.295226611304635,3.093709974413113,1.4758624392181707,2.0131189279773287,4.617477573750914,2.2027797600271204,3.0046551163840727,22.05876380520405,17.01653839034924,19.112343297342868,32.92352806746872,25.397818493058566,28.525885518422186,2.9957078750321973,1.4421821798392958,1.9578720183803586,4.831786895213221,2.32610029006338,3.1578580941618686,19.999512035516954,15.271401327679555,17.176411231782133,32.25727747664025,24.631292463999284,27.70388908351957,0.6381909547738693,-0.0018090452261306789,-0.0018090452261306789,0.507537688442211,-0.0024623115577889765,-0.0024623115577889765,0.38190954773869346,-0.0030904522613065533,-0.0030904522613065533,0.3841642228739003,0.10410557184750735,0.16813294232649068,0.35882352941176465,0.3668341708542714,0.0879396984924623,0.1474036850921273,0.35858585858585856,0.3913043478260869,0.10869565217391297,0.17502787068004455,0.37248322147651003,21.0,-4.0,-4.0,31.0,-3.0,-3.0,37.0,-3.0,-3.0,0.000139230559193677,0.00039452795489265663,0.00019991055460045004,0.00034118015804818214,-5.904222154651251e-05,0.0001653898061491077,0.02932551319648094,0.9571512590709351,10,-0.6457226276397705
122,1,test,1.7789214257622696,0.8594237346871909,1.1621999167748136,3.33046191740455,1.608996315316621,2.1758479644881854,5.923464076152246,3.415433808662162,4.070620533745761,11.089793646330145,6.394308408698333,7.620936187238305,1.7232306032657476,0.8007407532429235,1.103961843789806,3.077197505831692,1.4298942022195062,1.9713604353389393,5.602599033874414,3.087053102755475,3.7450298186684776,10.004641131918596,5.512594826349063,6.687553247622282,1.7789214257622696,0.8594237346871909,1.1621999167748136,3.33046191740455,1.608996315316621,2.1758479644881854,5.923464076152246,3.415433808662162,4.070620533745761,11.089793646330145,6.394308408698333,7.620936187238305,0.4120603015075377,-0.0029396984924623393,-0.0029396984924623393,0.31155778894472363,-0.003442211055276312,-0.003442211055276312,0.2160804020100503,-0.003919597989949675,-0.003919597989949675,0.33870967741935487,0.1133575647432985,0.15774452996627175,0.31174089068825916,0.33668341708542715,0.11613203863931187,0.15805236533250566,0.297979797979798,0.33870967741935487,0.1133575647432985,0.15774452996627175,0.31174089068825916,22.0,-13.0,-13.0,29.0,-13.0,-13.0,37.0,-17.0,-17.0,0.00022789198978403257,-0.00034461287267718876,-0.00016610958711450413,-0.025375421856740132,-0.023862491907791217,-0.025425288551966574,0.9475806451612904,-0.22273157972029164,235,-0.5105596780776978
396,1,test,2.8747378811091675,1.3877451741520985,1.8827907677841942,4.824272765999292,2.328859717542602,3.1596258861665785,17.720778561822456,13.297006645274083,15.024298846086978,29.738318046276763,22.3145168989657,25.213191166996538,2.8105805796229144,1.3193671900582744,1.8131342217315791,4.570049722964089,2.145312504159796,2.9481857263928117,16.619564398759614,12.177081686634892,13.90821523370297,27.023681949202626,19.800132823796574,22.614984119842227,2.8747378811091675,1.3877451741520985,1.8827907677841942,4.824272765999292,2.328859717542602,3.1596258861665785,17.720778561822456,13.297006645274083,15.024298846086978,29.738318046276763,22.3145168989657,25.213191166996538,0.7236180904522613,-0.0013819095477386467,-0.0013819095477386467,0.5125628140703518,-0.0024371859296482556,-0.0024371859296482556,0.36180904522613067,-0.0031909547738693256,-0.0031909547738693256,0.3848797250859106,0.07784713503445262,0.14602258222876774,0.3551724137931035,0.39698492462311563,0.07868918527474467,0.1415592151072559,0.33838383838383834,0.3848797250859106,0.07784713503445262,0.14602258222876774,0.3551724137931035,23.0,0.0,0.0,32.0,0.0,0.0,38.0,0.0,0.0,-6.453305068118046e-06,0.0003383850763103412,8.818089642892149e-05,-0.00032884314767755995,0.00013463403094249315,-1.2269317609892028e-05,0.037800687285223365,0.7358535905467755,11,-0.37076711654663086
992,1,test,2.5702663383974116,1.2530904911828795,1.6823844282411788,4.1823860536052555,2.039052574410011,2.7376077974338706,13.069304835137752,9.336440537367139,10.639327548718423,21.266620293863205,15.192432827076706,17.312515241997435,2.829699868282134,1.3495281808628088,1.8277502109113966,3.985492772228358,1.9007439167081817,2.5742960717061925,16.940375717412856,12.546675758238717,14.216789001074732,23.85968410903219,17.67137430737847,20.023646480386947,2.564669637209378,1.247493789994846,1.6767877270531453,4.1732789954590475,2.029945516263803,2.7285007392876626,12.996364145256747,9.263499847486134,10.566386858837419,21.14792982216335,15.073742355376849,17.193824770297578,0.6180904522613065,-0.0019095477386934512,-0.0019095477386934512,0.48743718592964824,-0.007562814070351753,-0.007562814070351753,0.371859296482412,-0.003140703517587995,-0.003140703517587995,0.3941605839416058,0.11182907210189719,0.18542271986393588,0.336996336996337,0.3869346733668342,0.10623291898086928,0.1749146399778525,0.35858585858585856,0.3941605839416058,0.11182907210189719,0.18542271986393588,0.34065934065934067,17.0,-5.0,-5.0,25.0,-5.0,-5.0,34.0,-9.0,-9.0,0.000809455585167173,0.0006356264489114843,0.0001359680128136208,-0.004886563517612963,-0.004042969175938715,-0.0041408923349086635,0.9562043795620438,0.22476104491276142,262,-0.657696008682251
533,1,test,2.9136980332323605,1.412515031103156,1.912144444212655,4.856163388720601,2.35419171850526,3.1869074070210917,18.42480829176434,13.93781423642805,15.702300088329336,30.708013819607235,23.22969039404675,26.170500147215563,3.023738873655084,1.469667495352491,1.9857271122619908,4.581422535841036,2.2267689323522593,3.008677442821198,20.5680494391861,15.837357977121728,17.744451994955433,31.16371127149409,23.99599693503292,26.88553332569005,2.9136980332323605,1.412515031103156,1.912144444212655,4.856163388720601,2.35419171850526,3.1869074070210917,18.42480829176434,13.93781423642805,15.702300088329336,30.708013819607235,23.22969039404675,26.170500147215563,0.7587939698492463,-0.001206030150753712,-0.001206030150753712,0.5728643216080402,-0.0021356783919597166,-0.0021356783919597166,0.3919597989949749,-0.0030402010050251116,-0.0030402010050251116,0.4054054054054054,0.0836327657136905,0.15251708704853761,0.3682170542635659,0.3869346733668342,0.05861387136182161,0.13484786201458043,0.35858585858585856,0.4054054054054054,0.0836327657136905,0.15251708704853761,0.3682170542635659,23.0,0.0,0.0,31.0,0.0,0.0,42.0,0.0,0.0,0.00023925868246980924,0.00013762638544805977,0.00013841397191814952,-0.00010708564814265742,-0.00016179463533028127,9.987650539144965e-05,0.9382239382239382,-0.3585551696395481,243,-0.3562662601470947
730,1,test,2.320352485021683,1.0918097315143735,1.4986044302440888,3.918817530258843,1.8439453243353867,2.530976371078906,10.179261711067872,6.763014118678883,7.904789444446662,17.19164200091463,11.421979400435449,13.35031106173214,2.4332380241392815,1.1437304795656955,1.5682178041534622,3.714867212426384,1.7461534039170925,2.3942256551961254,11.395722026501497,7.764724015775576,9.020667917449495,17.398048895422132,11.854540482100115,13.772012087709152,2.286943512560073,1.0579546931076715,1.466634232049935,3.854399178472033,1.7830697074848398,2.4718554472751713,9.84480113762562,6.427029333601485,7.573598970142309,16.592361467908347,10.8320719105643,12.764492646307263,0.6030150753768844,-0.0019849246231156137,-0.0019849246231156137,0.40201005025125625,-0.002989949748743781,-0.002989949748743781,0.3015075376884422,-0.0034924623115578646,-0.0034924623115578646,0.3531353135313532,0.07636430858901377,0.14237790409117757,0.3079470198675497,0.3417085427135679,0.05850052266344252,0.1230107129973742,0.29292929292929293,0.34782608695652173,0.0723669884590259,0.13870484112782322,0.30201342281879195,15.0,0.0,0.0,27.0,-1.0,-1.0,30.0,-1.0,-1.0,0.0008787921437416944,0.0001399811392685588,0.00013164660313722375,-0.004176391821267167,-0.004149943507010256,-0.00423830251070445,0.036303630363036306,0.702627295350421,11,-0.5543859004974365
384,1,test,1.6018914417008723,0.7440019399682357,1.0289214652918717,2.9210961583957085,1.356709419942077,1.876268554355766,4.962409661921807,2.6042311554674926,3.1888830926045606,9.049099971739766,4.748892107028957,5.815022110043611,1.6698110810701443,0.7505243677811226,1.0546952104203657,2.671697729712231,1.2008389884497963,1.6875123366725853,5.311164322916336,2.803663138285123,3.46129339002872,8.497862916666138,4.485861021256198,5.538069424045952,1.6018914417008723,0.7440019399682357,1.0289214652918717,2.9210961583957085,1.356709419942077,1.876268554355766,4.962409661921807,2.6042311554674926,3.1888830926045606,9.049099971739766,4.748892107028957,5.815022110043611,0.4723618090452262,-0.0026381909547738003,-0.0026381909547738003,0.27638190954773867,-0.0036180904522613577,-0.0036180904522613577,0.18592964824120606,-0.004070351758793889,-0.004070351758793889,0.3381294964028777,0.0724203402089818,0.13597638635503084,0.31768953068592054,0.31658291457286436,0.06094381682850347,0.11457957567470078,0.297979797979798,0.3381294964028777,0.0724203402089818,0.13597638635503084,0.31768953068592054,17.0,-3.0,-3.0,27.0,-6.0,-6.0,31.0,-5.0,-5.0,-1.2000833691353152e-05,0.00012371812055317363,-8.803407289755867e-06,-0.04114089352377803,-0.044703694404147676,-0.04224701775950557,0.03597122302158273,0.41928287581037593,10,-0.4982680082321167
105,1,test,2.0953523276239006,0.9966343920564282,1.3628258505348079,3.483683931202927,1.6569811058116077,2.2658024876989753,8.12830429190685,5.1279873344662725,6.047974412329032,13.513929221513845,8.525672194112637,10.055221262215753,2.039241539409452,0.9366329023386482,1.3014477969816154,3.262786463055123,1.498612643741837,2.0823164751705843,7.684778386384606,4.672765353031339,5.5934619481802,12.295645418215368,7.476424564850143,8.94953911708832,2.0953523276239006,0.9966343920564282,1.3628258505348079,3.483683931202927,1.6569811058116077,2.2658024876989753,8.12830429190685,5.1279873344662725,6.047974412329032,13.513929221513845,8.525672194112637,10.055221262215753,0.5879396984924623,-0.002060301507537776,-0.002060301507537776,0.39698492462311563,-0.0030150753768843908,-0.0030150753768843908,0.24623115577889443,-0.0037688442211055717,-0.0037688442211055717,0.37777777777777777,0.10605873896077223,0.1610290093048714,0.3197026022304833,0.3869346733668342,0.09871412198838803,0.15488125099621652,0.297979797979798,0.37777777777777777,0.10605873896077223,0.1610290093048714,0.3197026022304833,21.0,-12.0,-12.0,32.0,-18.0,-18.0,39.0,-21.0,-21.0,9.039511461938476e-06,7.470401250765035e-05,0.0001486314416089371,-0.0001833147886074471,0.00021597805698636563,6.13263787334617e-05,0.040740740740740744,0.3748816824350281,11,-0.490586519241333
266,1,test,3.2463994770908857,1.5638066626121823,2.1235093697157637,5.083984086764972,2.4489802452228515,3.325495805403932,25.697648176990548,20.31816226358622,22.623923403685477,40.24348676773992,31.81900882788031,35.42991778313009,3.1928990821186782,1.5278353900287247,2.0809901751992133,4.9121524340287355,2.3505159846595762,3.201523346460328,24.358943755687203,19.072933839628973,21.318787521508625,37.47529808567262,29.342975137890733,32.79813464847481,3.2463994770908857,1.5638066626121823,2.1235093697157637,5.083984086764972,2.4489802452228515,3.325495805403932,25.697648176990548,20.31816226358622,22.623923403685477,40.24348676773992,31.81900882788031,35.42991778313009,0.7738693467336684,-0.0011306532663316604,-0.0011306532663316604,0.5577889447236181,-0.00221105527638199,-0.00221105527638199,0.42713567839195976,-0.002864321608040288,-0.002864321608040288,0.407258064516129,0.083314402544298,0.14854492778690653,0.39676113360323884,0.39698492462311563,0.07868918527474467,0.1365508678618469,0.3787878787878788,0.407258064516129,0.083314402544298,0.14854492778690653,0.39676113360323884,22.0,-5.0,-5.0,33.0,-5.0,-5.0,44.0,-9.0,-9.0,-3.7819104660384964e-05,-0.00011790223584544614,1.2173267101750863e-05,-3.085650767697956e-05,-0.00010133182060556578,-0.00011602607612637428,0.04032258064516129,-0.27447562239999196,10,-0.4637773036956787
347,1,test,1.7720471430647446,0.8445703448177103,1.1503802313629996,2.990969744363615,1.4255175762241121,1.9416822402196294,5.882884148294938,3.354761987422429,4.020854853503622,9.929492319665444,5.6623728342621344,6.786645186260449,1.8139518611311525,0.8260579469967122,1.1536677330689973,2.7906951709710035,1.2708583799949416,1.7748734354907647,6.134642848906623,3.449070383011735,4.199300707603859,9.437912075240957,5.306262127710361,6.460462627082859,1.7720471430647446,0.8445703448177103,1.1503802313629996,2.990969744363615,1.4255175762241121,1.9416822402196294,5.882884148294938,3.354761987422429,4.020854853503622,9.929492319665444,5.6623728342621344,6.786645186260449,0.4974874371859297,-0.002512562814070307,-0.002512562814070307,0.3266331658291457,-0.0033668341708542604,-0.0033668341708542604,0.2562814070351759,-0.00371859296482413,-0.00371859296482413,0.3470790378006873,0.1017960189327628,0.15622189494354444,0.2931034482758621,0.36180904522613067,0.10366368181760932,0.16815295173698208,0.297979797979798,0.3470790378006873,0.1017960189327628,0.15622189494354444,0.2931034482758621,19.0,-8.0,-8.0,31.0,-14.0,-14.0,38.0,-16.0,-16.0,0.00026554285586890457,0.0003379840399750343,1.4252108096519346e-05,-0.027171461928124252,-0.023115767721764158,-0.025330846180995792,0.048109965635738834,0.26444563527204384,14,-1.0575522184371948
190,1,test,3.136948363035117,1.518890128641477,2.0503620235233946,4.8461830480221995,2.3464905192474097,3.1675464594175513,23.033469712482255,17.990181792842364,20.069331491780677,35.583757696847584,27.792524436378265,31.00454416358425,3.1026299947984786,1.4898599733333995,2.0222836515260108,4.596488881182931,2.207199960493925,2.995975780038534,22.256408615395664,17.239720282008385,19.310709017745115,32.97245720799357,25.540326343716117,28.60845780406683,3.136948363035117,1.518890128641477,2.0503620235233946,4.8461830480221995,2.3464905192474097,3.1675464594175513,23.033469712482255,17.990181792842364,20.069331491780677,35.583757696847584,27.792524436378265,31.00454416358425,0.7587939698492463,-0.001206030150753712,-0.001206030150753712,0.5678391959798995,-0.0021608040201005485,-0.0021608040201005485,0.4170854271356784,-0.0029145728643216184,-0.0029145728643216184,0.4125,0.09025467775467777,0.16042243767313014,0.38912133891213385,0.40703517587939697,0.09124570219518646,0.15327891544534022,0.3737373737373737,0.4125,0.09025467775467777,0.16042243767313014,0.38912133891213385,12.0,0.0,0.0,22.0,0.0,0.0,30.0,0.0,0.0,-0.00016542655295793753,-9.673979259490716e-05,-7.894659810312516e-06,2.4582867206746073e-05,-5.7358864443912694e-05,-7.978146849918488e-05,0.95,0.8858493908965221,228,-0.19327497482299805
864,1,test,2.22686177112485,1.0535645410285417,1.441710090299736,3.6564520439457415,1.7299269624295808,2.367252370492159,9.270726718125397,6.038092894922541,7.077987206076717,15.222304364329355,9.914399444749357,11.62188022726177,2.2077152601120895,1.0182426036612269,1.4114212889122775,3.319872571597127,1.5311918852048525,2.122438028439515,9.094913126266428,5.809564882979636,6.8776048519015855,13.676561092129967,8.73618779395434,10.342262935190353,2.22686177112485,1.0535645410285417,1.441710090299736,3.6564520439457415,1.7299269624295808,2.367252370492159,9.270726718125397,6.038092894922541,7.077987206076717,15.222304364329355,9.914399444749357,11.62188022726177,0.5728643216080402,-0.0021356783919597166,-0.0021356783919597166,0.37688442211055273,-0.003115577889447274,-0.003115577889447274,0.2814070351758794,-0.003592964824120637,-0.003592964824120637,0.3547169811320755,0.07411434459723554,0.14769063232404545,0.3484848484848485,0.3517587939698492,0.06604450825556352,0.13473041333545854,0.3434343434343434,0.3547169811320755,0.07411434459723554,0.14769063232404545,0.3484848484848485,24.0,-7.0,-7.0,31.0,-5.0,-5.0,41.0,-10.0,-10.0,1.2679893544957942e-05,2.322988222057373e-05,7.379587053971563e-06,-0.01790155824963513,-0.017451147658212207,-0.016068150398720782,0.9433962264150944,0.308885715931536,250,-0.6222126483917236
850,1,test,1.905091992551364,0.9012453723415279,1.2323892026508623,3.3947117952378028,1.6059425517787862,2.1960126749363766,6.7200257915190695,3.9912676289210736,4.760499433631232,11.974514043398342,7.1120992323859555,8.482804841842885,1.644569678400664,0.7716554766704999,1.0601472467964599,2.910742793629494,1.3657619056115045,1.8763668084893097,5.178780886111475,2.7849039474894854,3.3848263312019897,9.16598386922385,4.92903353537962,5.990843064074319,1.8225896582686822,0.8388418918104483,1.1649357191345961,3.178935450468632,1.4630963229252005,2.0318646263975517,6.187862167287133,3.513401430078915,4.257603653075938,10.792782849919417,6.128025750137643,7.426052883271986,0.457286432160804,-0.0027135678391959628,-0.0027135678391959628,0.3316582914572864,-0.0033417085427135396,-0.0033417085427135396,0.20603015075376885,-0.003969849246231116,-0.003969849246231116,0.35029940119760483,0.11113647145171546,0.1740045804804734,0.3633633633633634,0.3517587939698492,0.10363849321796947,0.16978884405332162,0.3434343434343434,0.35451505016722407,0.11077548422398531,0.1787642159069348,0.35906040268456374,14.0,0.0,0.0,23.0,0.0,0.0,30.0,0.0,0.0,-0.00037736293466421057,-7.613066273497544e-05,-0.0003374887308415788,-0.0784052290884647,-0.07938297809719774,-0.077086386432069,0.9550898203592815,0.41079882413134655,319,-0.8675081729888916
39,1,test,2.056096788027148,0.971004723876796,1.3265697119089552,3.16124881159174,1.4929197629605737,2.0396009320600186,7.815405016255951,4.8556927266618235,5.7413055317413,12.016185212493525,7.465627567242553,8.827257255052249,1.7936243010138164,0.8368559755731275,1.1489535614616808,2.599455508715676,1.2128347472074312,1.6651500890749,6.011199429995496,3.4079294863874763,4.105839863561439,8.71188323187753,4.939028241141271,5.950492555886143,2.056096788027148,0.971004723876796,1.3265697119089552,3.16124881159174,1.4929197629605737,2.0396009320600186,7.815405016255951,4.8556927266618235,5.7413055317413,12.016185212493525,7.465627567242553,8.827257255052249,0.4623115577889447,-0.002688442211055242,-0.002688442211055242,0.2864321608040201,-0.003567839195979916,-0.003567839195979916,0.2211055276381909,-0.003894472361809065,-0.003894472361809065,0.3387755102040816,0.07400972609002865,0.1338908426328469,0.44672131147540983,0.3266331658291457,0.07600659941310561,0.1379854195854061,0.40909090909090906,0.3387755102040816,0.07400972609002865,0.1338908426328469,0.44672131147540983,14.0,0.0,0.0,20.0,0.0,0.0,26.0,0.0,0.0,-0.0002338393276664191,-0.00038711640108669485,-0.000759047770809806,-0.08649378309081257,-0.08150699466531108,-0.07301728341800917,0.04081632653061224,0.6055034725513009,10,-0.9681212902069092
339,1,test,1.9395379563989372,0.924216582013158,1.2605113455182355,3.2167946593933596,1.5328470140706039,2.0906041828107327,6.955536466957515,4.195286138353405,4.98357915102665,11.536011701295392,6.958035546537355,8.2654483480442,1.9436550989956176,0.9051170413661804,1.2488111361214407,3.1863198344190455,1.4837984284691486,2.047231370690887,6.984232434588626,4.159148550530578,4.980835989260865,11.449561368178076,6.81827631234521,8.165304900427648,1.9395379563989372,0.924216582013158,1.2605113455182355,3.2167946593933596,1.5328470140706039,2.0906041828107327,6.955536466957515,4.195286138353405,4.98357915102665,11.536011701295392,6.958035546537355,8.2654483480442,0.4623115577889447,-0.002688442211055242,-0.002688442211055242,0.31155778894472363,-0.003442211055276312,-0.003442211055276312,0.22613065326633164,-0.003869346733668344,-0.003869346733668344,0.3152709359605911,0.0744846951743503,0.1319648803141099,0.3613861386138614,0.31155778894472363,0.07596881651364595,0.12624894086459004,0.35858585858585856,0.3152709359605911,0.0744846951743503,0.1319648803141099,0.3613861386138614,16.0,0.0,0.0,21.0,0.0,0.0,28.0,0.0,0.0,-0.001094586551590468,-0.0005889258520226145,-0.00036730036539041555,-0.06657356210383814,-0.06658361111724975,-0.06656694347730507,0.054187192118226604,0.37014315713825185,11,-1.1836931705474854
188,1,test,1.7314002579503136,0.829350459302615,1.1273424810371988,3.205151667991354,1.535285671685198,2.086925664301005,5.648557811368584,3.1839078383222774,3.819030237968655,10.456556424616842,5.894019867370406,7.069752404811021,2.054993277293898,0.9788394792311141,1.3216013823435437,3.368841438186718,1.6046548839854329,2.166559643186137,7.80678538973571,4.873409918042631,5.724654376268482,12.798008835632311,7.989196586955131,9.384679305358166,1.7867929952142207,0.849079785025179,1.157265101682635,3.2291439672546156,1.5344815392021305,2.0914429548481355,5.970275031158962,3.4161410637595395,4.093550674782013,10.789653670769207,6.173748910408805,7.397983147196408,0.542713567839196,-0.0022864321608039306,-0.0022864321608039306,0.36180904522613067,-0.0031909547738693256,-0.0031909547738693256,0.27638190954773867,-0.0036180904522613577,-0.0036180904522613577,0.3451612903225807,0.10039478468650986,0.1573930499792331,0.27184466019417475,0.36180904522613067,0.09865115048928852,0.1598057063279671,0.31818181818181823,0.35451505016722407,0.10409768789677332,0.1665283983318514,0.2818791946308725,22.0,-8.0,-8.0,33.0,-12.0,-12.0,37.0,-10.0,-10.0,0.0015297640359116182,0.00036102744399573074,0.00025145393443965744,-0.05466605100556077,-0.05063915409685649,-0.05641834663590739,0.06451612903225806,0.16171346007183274,20,-0.7482731342315674
403,1,test,2.466790284916113,1.190147381611506,1.6118626123425956,4.255213241480295,2.053004233279848,2.780463006290977,11.784560999579455,8.199975296766588,9.433356681712024,20.328367724274557,14.14495738692236,16.27254027595324,2.3734029748339713,1.1176646935248036,1.5334441668548808,3.922980123692515,1.8473796587186837,2.5346184576113733,10.733857250334784,7.223428148259588,8.417585687425476,17.74191281047072,11.93955065828031,13.913364772604092,2.466790284916113,1.190147381611506,1.6118626123425956,4.255213241480295,2.053004233279848,2.780463006290977,11.784560999579455,8.199975296766588,9.433356681712024,20.328367724274557,14.14495738692236,16.27254027595324,0.5527638190954773,-0.0022361809045226,-0.0022361809045226,0.42713567839195976,-0.002864321608040288,-0.002864321608040288,0.27638190954773867,-0.0036180904522613577,-0.0036180904522613577,0.3745454545454545,0.10231314964527305,0.16414642189732875,0.3905109489051095,0.37688442211055273,0.10871399604538978,0.17488108321238915,0.3939393939393939,0.3745454545454545,0.10231314964527305,0.16414642189732875,0.3905109489051095,15.0,-3.0,-3.0,26.0,-2.0,-2.0,31.0,-4.0,-4.0,-0.0002870829719088106,-0.00031036085430685863,1.9541283938444684e-05,-0.004893493439473318,-0.005047882736693765,-0.005540463720799416,0.96,-0.3281143851740686,264,-0.48067784309387207
525,1,test,2.629726403172594,1.2703031595073946,1.7217018428423616,4.330473370441826,2.0918579202757637,2.835193795550193,13.86997460191525,9.976027806382818,11.390554853642907,22.840229915110438,16.427915355076053,18.757272394857612,2.6095934891877985,1.2561388876834478,1.7034033749114057,4.077489826855935,1.962717012005387,2.661567773299071,13.59352381410039,9.722749371051595,11.118648258288774,21.23988095953186,15.191795892268118,17.37288790357621,2.6477836357217104,1.2658997996050085,1.7240009341204872,4.340628911019198,2.075245573122965,2.8262310395417822,14.122702878293538,10.14030612997951,11.60390261641698,23.15197193162875,16.623452672097557,19.022791174454063,0.6130653266331658,-0.001934673366834172,-0.001934673366834172,0.4824120603015075,-0.0025879396984924696,-0.0025879396984924696,0.3517587939698492,-0.0032412060301507672,-0.0032412060301507672,0.39072847682119205,0.10927152317880795,0.17880794701986757,0.3820598006644518,0.38190954773869346,0.09798994974874375,0.16415410385259632,0.36363636363636365,0.3946488294314381,0.11705685618729089,0.18394648829431437,0.38590604026845643,20.0,0.0,0.0,29.0,0.0,0.0,39.0,1.0,1.0,1.986424430496506e-05,5.311631738913014e-05,3.518937007056461e-05,-0.004180340747820921,-0.005152467913037029,-0.004864874561999244,0.956953642384106,-0.2097083642018408,289,-0.7948918342590332
189,1,test,3.1350817104801534,1.5296643398674397,2.0610572434501346,5.016130736768245,2.447462943787903,3.297691589520215,22.990514331252616,18.010576682573046,20.063378341663217,36.78482293000418,28.81692269211687,32.101405346661146,3.1350817104801534,1.5296643398674397,2.0610572434501346,5.016130736768245,2.447462943787903,3.297691589520215,22.990514331252616,18.010576682573046,20.063378341663217,36.78482293000418,28.81692269211687,32.101405346661146,3.1350817104801534,1.5296643398674397,2.0610572434501346,5.016130736768245,2.447462943787903,3.297691589520215,22.990514331252616,18.010576682573046,20.063378341663217,36.78482293000418,28.81692269211687,32.101405346661146,0.7485714285714286,0.08357142857142852,0.08357142857142852,0.5142857142857142,0.05428571428571427,0.05428571428571427,0.4,0.040000000000000036,0.040000000000000036,0.37142857142857144,0.06943426943426945,0.1285443209541881,0.3275862068965517,0.37142857142857144,0.06943426943426945,0.1285443209541881,0.3275862068965517,0.37142857142857144,0.06943426943426945,0.1285443209541881,0.3275862068965517,22.0,2.0,2.0,33.0,2.0,2.0,41.0,3.0,3.0,0.0003693985584638285,0.0002800275651301433,0.00029310075671609215,-3.313611914457226e-05,1.8306265836542934e-05,3.5847361882446194e-05,0.9257142857142857,-0.45525671349414776,162,-0.341998815536499
812,1,test,2.5004885786690685,1.1936654569320828,1.6265334589230478,3.8764970864573725,1.850534613705359,2.5216080842475654,12.188447521661743,8.494029189564227,9.792077456061316,18.895699708138324,13.168258270211997,15.180617121231151,2.494954209338029,1.1539569022051224,1.5990077511122982,3.5898621717093944,1.6603696434606077,2.3007305771399977,12.121178469095529,8.29832430451745,9.671525282057146,17.440544559849684,11.940034970528709,13.915863715190142,2.5004885786690685,1.1936654569320828,1.6265334589230478,3.8764970864573725,1.850534613705359,2.5216080842475654,12.188447521661743,8.494029189564227,9.792077456061316,18.895699708138324,13.168258270211997,15.180617121231151,0.592964824120603,-0.0020351758793969443,-0.0020351758793969443,0.44221105527638194,-0.0027889447236180143,-0.0027889447236180143,0.3517587939698492,-0.0032412060301507672,-0.0032412060301507672,0.3869731800766284,0.10399038848963027,0.17041267052248832,0.3615384615384616,0.3869346733668342,0.11124545030919009,0.1782535381414585,0.3535353535353535,0.3869731800766284,0.10399038848963027,0.17041267052248832,0.3615384615384616,14.0,1.0,1.0,22.0,0.0,0.0,30.0,1.0,1.0,-0.00013886615130737857,6.867512575615935e-05,0.00027944746059604004,-0.00012094549186336678,-0.00017278787436758591,9.286739145242251e-05,0.038314176245210725,0.44770985543546205,10,-0.33966779708862305
87,1,test,3.353013292161955,1.6190695343802328,2.1932835351635616,4.649511765131244,2.2451097543405893,3.041353168760139,28.588750239131258,22.925807035055186,25.399678903686574,39.643066998262015,31.790452421943197,35.22088807977872,3.3633565549485986,1.6015331027049646,2.184731037232442,4.703995181746292,2.2399064373496005,3.0555678842411775,28.88598573810787,23.06293997270791,25.636081542228617,40.399980053297725,32.25586010168939,35.854659499620446,3.353013292161955,1.6190695343802328,2.1932835351635616,4.649511765131244,2.2451097543405893,3.041353168760139,28.588750239131258,22.925807035055186,25.399678903686574,39.643066998262015,31.790452421943197,35.22088807977872,0.6281407035175879,-0.0018592964824121205,-0.0018592964824121205,0.5376884422110553,-0.0023115577889447625,-0.0023115577889447625,0.46733668341708545,-0.002663316582914521,-0.002663316582914521,0.4347826086956522,0.14562598218962808,0.22290459906483362,0.412621359223301,0.44221105527638194,0.14647170690545464,0.22685212372379426,0.4191919191919192,0.4347826086956522,0.14562598218962808,0.22290459906483362,0.412621359223301,27.0,0.0,0.0,39.0,0.0,0.0,46.0,0.0,0.0,-3.08883054227168e-05,-3.543878427622626e-05,2.2197924808448146e-05,-0.0054117788080123574,-0.005896551666370264,-0.006150233865946042,0.0821256038647343,0.4823802404286494,17,-0.9653427600860596
732,1,test,1.8991246085495557,0.9057596878262131,1.2350042012231648,3.1437486457910726,1.4993649069665562,2.0443854856406065,6.680044228433107,3.9797387123239485,4.73726331472335,11.057926321643505,6.587929054863938,7.841910458835828,1.743636592380362,0.7986696971516813,1.1099095667086023,2.6418736248187304,1.2101056017449718,1.6816811616797005,5.7181000571854455,3.145371849585874,3.8334785181927753,8.663787965432492,4.76571492361496,5.808300785140569,1.8991246085495557,0.9057596878262131,1.2350042012231648,3.1437486457910726,1.4993649069665562,2.0443854856406065,6.680044228433107,3.9797387123239485,4.73726331472335,11.057926321643505,6.587929054863938,7.841910458835828,0.507537688442211,-0.0024623115577889765,-0.0024623115577889765,0.3015075376884422,-0.0034924623115578646,-0.0034924623115578646,0.1959798994974874,-0.004020100502512558,-0.004020100502512558,0.34246575342465757,0.06725207821098234,0.13973226823103568,0.3402061855670103,0.3266331658291457,0.06347527109230355,0.12462982693098212,0.30808080808080807,0.34246575342465757,0.06725207821098234,0.13973226823103568,0.3402061855670103,20.0,-11.0,-11.0,27.0,-14.0,-14.0,31.0,-14.0,-14.0,-0.0005488213311919786,6.391140754550169e-05,5.1074863179497666e-05,-0.036303385550783496,-0.04023014300679151,-0.040878709207540886,0.952054794520548,-0.2861350985199946,278,-0.5067720413208008
483,1,test,3.1285208242586813,1.4697506476829365,2.0185526378381393,4.149406566911514,1.9493534906110526,2.6772382354484794,22.840169918146763,17.587323121738237,19.805908055977447,30.293277996699917,23.32634435093703,26.26888857950693,3.1285208242586813,1.4697506476829365,2.0185526378381393,4.149406566911514,1.9493534906110526,2.6772382354484794,22.840169918146763,17.587323121738237,19.805908055977447,30.293277996699917,23.32634435093703,26.26888857950693,3.1285208242586813,1.4697506476829365,2.0185526378381393,4.149406566911514,1.9493534906110526,2.6772382354484794,22.840169918146763,17.587323121738237,19.805908055977447,30.293277996699917,23.32634435093703,26.26888857950693,0.72,0.25,0.25,0.544,0.18900000000000006,0.18900000000000006,0.392,0.137,0.137,0.376,0.07599999999999996,0.1306666666666667,0.3548387096774194,0.376,0.07599999999999996,0.1306666666666667,0.3548387096774194,0.376,0.07599999999999996,0.1306666666666667,0.3548387096774194,12.0,2.0,2.0,18.0,3.0,3.0,21.0,4.0,4.0,8.581678288696666e-05,0.00015971537581548688,8.014293839192667e-05,9.86761098529243e-05,-2.6735322006032902e-05,5.8656648659116684e-05,0.08,-0.3020787146756937,10,-0.6247687339782715
5,1,test,2.903305740031535,1.3857649644743724,1.8910333170656046,4.541805019059233,2.16783034046486,2.9582501395679754,18.234323781620805,13.673328899846252,15.48247650541632,28.524981757387003,21.389960061145622,24.220111760948303,2.903305740031535,1.3857649644743724,1.8910333170656046,4.541805019059233,2.16783034046486,2.9582501395679754,18.234323781620805,13.673328899846252,15.48247650541632,28.524981757387003,21.389960061145622,24.220111760948303,2.903305740031535,1.3857649644743724,1.8910333170656046,4.541805019059233,2.16783034046486,2.9582501395679754,18.234323781620805,13.673328899846252,15.48247650541632,28.524981757387003,21.389960061145622,24.220111760948303,0.6433121019108281,0.11831210191082808,0.11831210191082808,0.4968152866242038,0.0918152866242038,0.0918152866242038,0.3694267515923567,0.06942675159235667,0.06942675159235667,0.37579617834394907,0.0964310989788697,0.15169469842851568,0.3653846153846154,0.37579617834394907,0.0964310989788697,0.15169469842851568,0.3653846153846154,0.37579617834394907,0.0964310989788697,0.15169469842851568,0.3653846153846154,19.0,3.0,3.0,28.0,3.0,3.0,32.0,3.0,3.0,4.800481089099296e-05,-0.00015119888653161552,0.00010822879593358518,0.00014387076194921633,-0.00010545993160526734,-2.4333388872754824e-05,0.9299363057324841,0.6081130025968104,146,-0.7941441535949707
597,1,test,2.4931088813914797,1.1772874452222293,1.6097969236803986,4.281269734251575,2.0216867162781726,2.7644098896304774,12.098831544764767,8.37101965733705,9.67993380320808,20.776614169975357,14.375061342599484,16.622782875853876,2.51297288085334,1.2049056019129751,1.6398229459755422,4.132905812312518,1.9816216097577026,2.696898894620933,12.341565581025618,8.642547951216518,9.947124259738603,20.297285542347918,14.213777209025514,16.35932006353704,2.4931088813914797,1.1772874452222293,1.6097969236803986,4.281269734251575,2.0216867162781726,2.7644098896304774,12.098831544764767,8.37101965733705,9.67993380320808,20.776614169975357,14.375061342599484,16.622782875853876,0.6262626262626263,-0.003737373737373706,-0.003737373737373706,0.43939393939393945,-0.005606060606060503,-0.005606060606060503,0.3282828282828283,-0.006717171717171677,-0.006717171717171677,0.38306451612903225,0.0766129032258065,0.14919354838709675,0.3765182186234818,0.36363636363636365,0.06565656565656564,0.14141414141414144,0.36040609137055835,0.38306451612903225,0.0766129032258065,0.14919354838709675,0.3765182186234818,17.0,1.0,1.0,28.0,1.0,1.0,36.0,1.0,1.0,7.94498238225125e-05,2.0173846599035286e-05,-0.00018245042971969512,-3.085650767697956e-05,-0.00010133182060556578,-0.00011602607612637428,0.04838709677419355,0.4307476985969338,12,-0.20800328254699707
699,1,test,2.862957017035748,1.3659459980441664,1.8636387967256378,4.1916221520136645,1.9998656877442214,2.728531939957426,17.5132373858619,13.04492399925019,14.796808195127745,25.640927664383444,19.098921877355252,21.663835202811338,3.037666534949837,1.4489869566519251,1.9773079505727629,4.248484664265507,2.026555184128567,2.7654656651367318,20.856518451537372,15.95924026672207,17.969112269135273,29.169955876276045,22.320615757653243,25.131625551238145,2.862957017035748,1.3659459980441664,1.8636387967256378,4.1916221520136645,1.9998656877442214,2.728531939957426,17.5132373858619,13.04492399925019,14.796808195127745,25.640927664383444,19.098921877355252,21.663835202811338,0.7135678391959799,-0.0014321608040201994,-0.0014321608040201994,0.5728643216080402,-0.0021356783919597166,-0.0021356783919597166,0.4170854271356784,-0.0029145728643216184,-0.0029145728643216184,0.41287878787878785,0.09340808844589554,0.17484352339516063,0.35741444866920147,0.4120603015075377,0.08624576516668558,0.17165963372790494,0.3737373737373737,0.41287878787878785,0.09340808844589554,0.17484352339516063,0.35741444866920147,15.0,-3.0,-3.0,25.0,-8.0,-8.0,36.0,-8.0,-8.0,0.0002164470893907208,0.000585955226068107,0.00021285179613923777,-0.000141735257445319,-0.00018927773293242467,8.23537205478786e-05,0.946969696969697,0.18160399934363283,250,-0.4520900249481201
953,1,test,1.6233342953149437,0.7608266388147928,1.0459179912105838,2.782858791968475,1.3042742379682164,1.7930022706467152,5.0699669321069285,2.700872806731701,3.2885371253147047,8.691371883611877,4.630067668682916,5.637492214825208,1.5065251711336083,0.6945506019036073,0.9407399228487068,2.4104402738137733,1.1112809630457718,1.5051838765579308,4.5110284767127355,2.258677454997349,2.7501985480443185,7.217645562740377,3.613883927995759,4.400317676870909,1.6233342953149437,0.7608266388147928,1.0459179912105838,2.782858791968475,1.3042742379682164,1.7930022706467152,5.0699669321069285,2.700872806731701,3.2885371253147047,8.691371883611877,4.630067668682916,5.637492214825208,0.4723618090452262,-0.0026381909547738003,-0.0026381909547738003,0.26633165829145733,-0.0036683417085426884,-0.0036683417085426884,0.1758793969849246,-0.004120603015075441,-0.004120603015075441,0.36585365853658536,0.09281018027571575,0.16654890766752395,0.3496503496503497,0.3668341708542714,0.11370133877407085,0.1765169755287288,0.3232323232323232,0.36585365853658536,0.09281018027571575,0.16654890766752395,0.3496503496503497,15.0,-6.0,-6.0,25.0,-12.0,-12.0,32.0,-16.0,-16.0,-0.0003115577222523767,0.0001275694379445915,5.067897893666263e-06,-0.018995341773374363,-0.01781936654010341,-0.0192496186825295,0.9616724738675958,0.40558065597511583,276,-0.8574155569076538
442,1,test,2.354592305729325,1.099802230182737,1.5139847728450038,3.9243205095488753,1.8330037169712283,2.5233079547416732,10.533833402611457,7.026731332035478,8.2160587291521,17.55638900435243,11.711218886725797,13.693431215253502,2.4415597238306264,1.1218518974100673,1.5597373303530824,3.9700158111067094,1.8241494266830363,2.5361582607367197,11.490949480563048,7.748621672361562,9.075652160371604,18.684470700102516,12.599384833108232,14.75715798434407,2.354592305729325,1.099802230182737,1.5139847728450038,3.9243205095488753,1.8330037169712283,2.5233079547416732,10.533833402611457,7.026731332035478,8.2160587291521,17.55638900435243,11.711218886725797,13.693431215253502,0.5628140703517588,-0.0021859296482411583,-0.0021859296482411583,0.4321608040201005,-0.002839195979899567,-0.002839195979899567,0.3316582914572864,-0.0033417085427135396,-0.0033417085427135396,0.3878504672897196,0.1151231945624469,0.18753990828350842,0.3380281690140845,0.3919597989949749,0.11877684160149116,0.19162590917861433,0.3535353535353535,0.3878504672897196,0.1151231945624469,0.18753990828350842,0.3380281690140845,21.0,-8.0,-8.0,30.0,-6.0,-6.0,40.0,-9.0,-9.0,0.00035399150513492624,0.00012043882236513096,9.553969623194332e-05,-0.019484614138523426,-0.019919125360710943,-0.0201418560071307,0.9485981308411215,-0.36827137064622584,203,-0.7905144691467285
893,1,test,2.6023091153193523,1.2522167382995903,1.7012266625161558,4.147430152540218,1.9957204266649722,2.7113299933851236,13.494863280815004,9.637081396184346,11.032596323892076,21.507438353798914,15.359098475168803,17.583200391203,2.6309552006013974,1.2471721064878583,1.707738003375477,4.176119366033964,1.9796382642664416,2.710695243453138,13.887028466770428,9.897060932423393,11.369652194788268,22.042902328207028,15.709620527656181,18.047066975854392,2.6023091153193523,1.2522167382995903,1.7012266625161558,4.147430152540218,1.9957204266649722,2.7113299933851236,13.494863280815004,9.637081396184346,11.032596323892076,21.507438353798914,15.359098475168803,17.583200391203,0.6683417085427136,-0.0016582914572863539,-0.0016582914572863539,0.46733668341708545,-0.002663316582914521,-0.002663316582914521,0.29648241206030146,-0.0035175879396985854,-0.0035175879396985854,0.3497536945812808,0.05245639728398355,0.12062112502317934,0.3267326732673267,0.3417085427135679,0.04095666301431977,0.10965512034295022,0.3282828282828283,0.3497536945812808,0.05245639728398355,0.12062112502317934,0.3267326732673267,19.0,-5.0,-5.0,28.0,-5.0,-5.0,34.0,-4.0,-4.0,0.00010368613438632018,0.00012337232213055867,0.00013651462466781372,0.0002809899760443102,0.0001460160578075076,8.784984177356847e-05,0.9261083743842364,-0.5970900369372776,188,-0.48792481422424316
861,1,test,2.0384018902980263,0.9412666944040085,1.3049284107981527,3.196584782512814,1.4760773162244678,2.0463650078425575,7.6783285772081795,4.682756584436628,5.596027687090617,12.041015268803736,7.343413734684712,8.775588872937558,2.1099066958724606,0.9697067378843289,1.3468816421433418,3.0578357911195084,1.4053720838903319,1.9520023799178867,8.247471725571941,5.120078075560865,6.102717311118164,11.95285757329267,7.420403008059226,8.84451784220024,2.0384018902980263,0.9412666944040085,1.3049284107981527,3.196584782512814,1.4760773162244678,2.0463650078425575,7.6783285772081795,4.682756584436628,5.596027687090617,12.041015268803736,7.343413734684712,8.775588872937558,0.5829145728643217,-0.002085427135678275,-0.002085427135678275,0.39698492462311563,-0.0030150753768843908,-0.0030150753768843908,0.26633165829145733,-0.0036683417085426884,-0.0036683417085426884,0.3672727272727273,0.0776552409339295,0.14248536396774558,0.3284671532846716,0.3869346733668342,0.10481880434920199,0.1566825725264981,0.3484848484848485,0.3672727272727273,0.0776552409339295,0.14248536396774558,0.3284671532846716,18.0,-5.0,-5.0,26.0,-4.0,-4.0,36.0,-8.0,-8.0,0.0003156979735858913,0.0003204673097317298,5.90044071201177e-05,-0.0002179643979092205,0.00019661043173790915,4.380359388900246e-05,0.05818181818181818,0.2493958998774482,16,-0.6761331558227539
385,1,test,2.441733984500349,1.1754428919829705,1.5965278196185249,3.5115658849257594,1.6904565302229315,2.2960374313070533,11.492952075596987,7.945281924670876,9.164494264278186,16.528523861296698,11.426462149397807,13.179865462544402,2.4782504547406665,1.159614794892552,1.5967592719685106,3.442014520473148,1.6105761040174333,2.217721211067376,11.920390900202657,8.182073340568861,9.505893419875282,16.55609847250369,11.363990750790087,13.20262974982678,2.441733984500349,1.1754428919829705,1.5965278196185249,3.5115658849257594,1.6904565302229315,2.2960374313070533,11.492952075596987,7.945281924670876,9.164494264278186,16.528523861296698,11.426462149397807,13.179865462544402,0.5829145728643217,-0.002085427135678275,-0.002085427135678275,0.42211055276381915,-0.0028894472361808976,-0.0028894472361808976,0.3266331658291457,-0.0033668341708542604,-0.0033668341708542604,0.36690647482014394,0.09581132221691235,0.1551839867818664,0.3249097472924187,0.36180904522613067,0.10867621314593012,0.151458460918952,0.30808080808080807,0.36690647482014394,0.09581132221691235,0.1551839867818664,0.3249097472924187,21.0,-9.0,-9.0,32.0,-14.0,-14.0,40.0,-16.0,-16.0,0.00024034189114451095,0.0002612751161772618,0.00016510256265819896,-0.00023875416349117273,0.00018498985658865763,3.328992298534672e-05,0.03597122302158273,0.6299432416570379,10,-0.46530652046203613
332,1,test,2.914899271806638,1.3938690513069116,1.8991494301793161,4.932906459980464,2.358855317596312,3.2139451895342273,18.446954180793167,13.870016158316773,15.685520921939458,31.21792245980382,23.47233503715146,26.54472771405139,2.9919490878787314,1.4061975488202876,1.9327508746639013,4.904834570293002,2.305241883311947,3.1684440568260674,19.924479231114514,15.04151949626943,17.040421568441573,32.663080706745106,24.658228682408904,27.935117325314053,2.914899271806638,1.3938690513069116,1.8991494301793161,4.932906459980464,2.358855317596312,3.2139451895342273,18.446954180793167,13.870016158316773,15.685520921939458,31.21792245980382,23.47233503715146,26.54472771405139,0.7035175879396984,-0.001482412060301641,-0.001482412060301641,0.5226130653266332,-0.002386934673366814,-0.002386934673366814,0.38190954773869346,-0.0030904522613065533,-0.0030904522613065533,0.3992395437262357,0.09753176384008766,0.16788682564785395,0.39312977099236646,0.38190954773869346,0.0836639337036057,0.1415088799590607,0.3939393939393939,0.3992395437262357,0.09753176384008766,0.16788682564785395,0.39312977099236646,12.0,-1.0,-1.0,24.0,-3.0,-3.0,31.0,-5.0,-5.0,0.00029183539441921544,0.0002343876189928672,7.408463956452163e-05,-0.00013480533558407615,-0.00018378111340844328,8.585827751517172e-05,0.9581749049429658,0.365732342981671,252,-0.4825012683868408
790,1,test,2.7282448168342457,1.2882565127435452,1.767734748011976,4.54097123875767,2.144212182284558,2.942269916154161,15.305998598682443,11.085352146272665,12.692969640514427,25.47575605686742,18.45078746493705,21.12655349562133,2.6659550010750768,1.2430128340923008,1.7159883527350785,4.370418034549306,2.037725957528362,2.8130956602214408,14.381677507325383,10.23236704416287,11.796054084280888,23.576520503812105,16.774372203545692,19.337793580788343,2.7282448168342457,1.2882565127435452,1.767734748011976,4.54097123875767,2.144212182284558,2.942269916154161,15.305998598682443,11.085352146272665,12.692969640514427,25.47575605686742,18.45078746493705,21.12655349562133,0.6683417085427136,-0.0016582914572863539,-0.0016582914572863539,0.4773869346733668,-0.0026130653266331905,-0.0026130653266331905,0.38190954773869346,-0.0030904522613065533,-0.0030904522613065533,0.4008097165991903,0.10586022164969533,0.16662398308640425,0.3739837398373984,0.40201005025125625,0.11629576453697055,0.1699566278806386,0.36363636363636365,0.4008097165991903,0.10586022164969533,0.16662398308640425,0.3739837398373984,16.0,-2.0,-2.0,26.0,-3.0,-3.0,34.0,-3.0,-3.0,0.00012797264371606948,-8.861056346910396e-05,-0.00013327912723065918,-0.019131097297552913,-0.016149560244856254,-0.017216314568806013,0.04048582995951417,1.2959440839453271,10,-0.6778156757354736
359,1,test,3.7765791172742373,1.8216894867663314,2.4666520637025657,5.724248850711265,2.761177146608087,3.7387619330334485,43.66640828046334,36.60326885489425,39.96050491052784,66.18619116724317,55.480426377544106,60.56906719142898,3.7212954631036133,1.7709951690492869,2.418632941685639,5.472493328093549,2.6044046603665985,3.5568131495377044,41.31788524909004,34.28708667846756,37.63880598309459,60.76159595454417,50.42218629186406,55.351185269256746,3.7765791172742373,1.8216894867663314,2.4666520637025657,5.724248850711265,2.761177146608087,3.7387619330334485,43.66640828046334,36.60326885489425,39.96050491052784,66.18619116724317,55.480426377544106,60.56906719142898,0.7638190954773869,-0.001180904522613102,-0.001180904522613102,0.6231155778894473,-0.0018844221105527303,-0.0018844221105527303,0.49246231155778897,-0.002537688442211028,-0.002537688442211028,0.4458333333333333,0.1173510048510048,0.19237072945521694,0.43096234309623427,0.4522613065326633,0.12143423886349036,0.19683559701680353,0.4292929292929293,0.4458333333333333,0.1173510048510048,0.19237072945521694,0.43096234309623427,25.0,-5.0,-5.0,38.0,-9.0,-9.0,49.0,-11.0,-11.0,5.771167290496322e-05,6.744386245810351e-05,-3.519795383688943e-05,2.4582867206746073e-05,-5.7358864443912694e-05,-7.978146849918488e-05,0.041666666666666664,0.8929753388807626,10,-0.28162693977355957
590,1,test,2.3659201707294257,1.1370296596308227,1.5460067435826983,4.121760297434283,1.9808629919354588,2.6933576602038203,10.653837658084491,7.2364018330650275,8.383534375693083,18.56045931628556,12.60681325634599,14.605276868345811,2.2843744113804987,1.0657462816468468,1.4670948550896408,4.043140551115927,1.886276604684685,2.596628062105559,9.819541308831742,6.436997171414639,7.555209844139167,17.37971913067565,11.392915347636528,13.372052821485251,2.3659201707294257,1.1370296596308227,1.5460067435826983,4.121760297434283,1.9808629919354588,2.6933576602038203,10.653837658084491,7.2364018330650275,8.383534375693083,18.56045931628556,12.60681325634599,14.605276868345811,0.5879396984924623,-0.002060301507537776,-0.002060301507537776,0.40703517587939697,-0.00296482412060306,-0.00296482412060306,0.27638190954773867,-0.0036180904522613577,-0.0036180904522613577,0.3804347826086957,0.1037620882144823,0.17441068622315348,0.2981818181818182,0.38190954773869346,0.1037140590168889,0.17322841251331778,0.2525252525252525,0.3804347826086957,0.1037620882144823,0.17441068622315348,0.2981818181818182,15.0,0.0,0.0,18.0,1.0,1.0,28.0,1.0,1.0,-0.0002904604149599137,0.00044906222723930606,0.0003622392060266814,-0.00929664483339554,-0.009995938982537034,-0.010816720768504595,0.036231884057971016,0.7717006449445664,10,-0.2471003532409668
504,1,test,2.8552347572370826,1.3703392501250011,1.8634705341749114,4.700691368622026,2.256046326425307,3.0679088062635733,17.378516461329422,12.964012356934743,14.682529860383475,28.61097222292039,21.343191075441347,24.172457696972796,2.837672295258556,1.3457151210651481,1.8350847739572138,4.267176383847452,2.0236317610002224,2.759525975875509,17.075971420995774,12.630183229386178,14.350646872738198,25.6781525127756,18.992756735919066,21.57992010938075,2.8552347572370826,1.3703392501250011,1.8634705341749114,4.700691368622026,2.256046326425307,3.0679088062635733,17.378516461329422,12.964012356934743,14.682529860383475,28.61097222292039,21.343191075441347,24.172457696972796,0.6934673366834171,-0.0015326633165829717,-0.0015326633165829717,0.4623115577889447,-0.002688442211055242,-0.002688442211055242,0.371859296482412,-0.003140703517587995,-0.003140703517587995,0.3977695167286245,0.09164706774903264,0.16909213724778394,0.3619402985074627,0.37688442211055273,0.06360121409050257,0.13648375433091997,0.3282828282828283,0.3977695167286245,0.09164706774903264,0.16909213724778394,0.3619402985074627,22.0,-6.0,-6.0,34.0,-11.0,-11.0,42.0,-11.0,-11.0,-0.00012006845166906462,0.0004341288193632201,0.00027855470620210697,-0.00017638486674709242,0.00021985158203818855,6.483093570341936e-05,0.040892193308550186,0.34251544582662136,11,-0.28717541694641113
962,1,test,3.405479548310092,1.6504947465966182,2.234894748016412,5.098489380898538,2.471026420618937,3.345956708458857,30.12874044673618,24.34538060260735,26.90486303491216,45.10702855454217,36.448512673617856,40.280423515125634,3.599404468334774,1.7196001253184152,2.3459881266966764,5.453643133840567,2.6054547353309325,3.554527464691934,36.57644552481494,30.024222776186082,33.074157971583844,55.41885685578021,45.49124663058497,50.11236056300582,3.405479548310092,1.6504947465966182,2.234894748016412,5.098489380898538,2.471026420618937,3.345956708458857,30.12874044673618,24.34538060260735,26.90486303491216,45.10702855454217,36.448512673617856,40.280423515125634,0.7185929648241206,-0.0014070351758793676,-0.0014070351758793676,0.592964824120603,-0.0020351758793969443,-0.0020351758793969443,0.4623115577889447,-0.002688442211055242,-0.002688442211055242,0.3831417624521073,0.0695662366394878,0.1538423993947825,0.3769230769230769,0.39698492462311563,0.07618291961058432,0.15825370592528587,0.398989898989899,0.3831417624521073,0.0695662366394878,0.1538423993947825,0.3769230769230769,16.0,0.0,0.0,26.0,0.0,0.0,33.0,0.0,0.0,0.0004731919042839734,-1.6124475537257565e-05,-0.00014519007078684263,-0.00012094549186336678,-0.00017278787436758591,9.286739145242251e-05,0.038314176245210725,0.6004541109468039,10,-0.2393941879272461
375,1,test,2.4880083548291387,1.1872417702075375,1.619205311338309,3.2129909217992187,1.5331930145064225,2.091026726562717,12.037278243665307,8.365167671238297,9.653222709436555,15.54482951996513,10.802699972791178,12.466082306888264,2.4880083548291387,1.1872417702075375,1.619205311338309,3.2129909217992187,1.5331930145064225,2.091026726562717,12.037278243665307,8.365167671238297,9.653222709436555,15.54482951996513,10.802699972791178,12.466082306888264,2.4880083548291387,1.1872417702075375,1.619205311338309,3.2129909217992187,1.5331930145064225,2.091026726562717,12.037278243665307,8.365167671238297,9.653222709436555,15.54482951996513,10.802699972791178,12.466082306888264,0.5567010309278351,0.011701030927835143,0.011701030927835143,0.44329896907216493,0.008298969072164875,0.008298969072164875,0.31958762886597936,0.0045876288659794096,0.0045876288659794096,0.38144329896907214,0.11923250205390501,0.18110083321564752,0.3160621761658031,0.38144329896907214,0.11923250205390501,0.18110083321564752,0.3160621761658031,0.38144329896907214,0.11923250205390501,0.18110083321564752,0.3160621761658031,23.0,-5.0,-5.0,33.0,-5.0,-5.0,42.0,-6.0,-6.0,0.0007460783391122659,0.0003650781874655867,0.000247982270403305,-0.021832030804943336,-0.02167113298485379,-0.021589648337383416,0.9381443298969072,-0.338666168142731,182,-1.2977440357208252
114,1,test,0.22118410223627522,0.0343935296731602,0.09273279195596235,0.6089068226269224,0.09468336404140576,0.25528792138464934,1.247553086736449,0.04217826668119984,0.110487030220628,3.434440262309754,0.11611428709883231,0.30416429496031716,0.2589099373186959,0.02572440491357128,0.0933806680595885,0.6091998525145785,0.06052801156134413,0.21971921896373764,1.295517121828068,0.03290140810039843,0.11549962137608571,3.048275580771925,0.07741507788329027,0.27176381500255475,0.22118410223627522,0.0343935296731602,0.09273279195596235,0.6089068226269224,0.09468336404140576,0.25528792138464934,1.247553086736449,0.04217826668119984,0.110487030220628,3.434440262309754,0.11611428709883231,0.30416429496031716,0.05025125628140703,-0.004748743718593018,-0.004748743718593018,0.03015075376884424,-0.0048492462311557905,-0.0048492462311557905,0.025125628140703515,-0.004874371859296511,-0.004874371859296511,0.09012875536480691,0.03873689240977474,0.0402000820409838,0.012931034482758674,0.10552763819095479,0.045377262251105166,0.05878306390047061,0.015151515151515138,0.09012875536480691,0.03873689240977474,0.0402000820409838,0.012931034482758674,13.0,-4.0,-4.0,14.0,-5.0,-5.0,14.0,-3.0,-3.0,0.0004453963554816064,0.0001751150405836437,6.649158906356271e-05,-0.054462113236228515,-0.0562670749213553,-0.057357315163864886,0.04291845493562232,0.5584003193971775,10,-0.9264456033706665
170,1,test,2.7624072390212757,1.324053437155054,1.801618352468483,4.277784924427232,2.050391322680112,2.789934705822622,15.837922761953461,11.624169330695068,13.22416514340454,24.526154677082214,18.000856506390644,20.47856430778646,2.8094242904770903,1.3130104165796141,1.8081830747161958,4.0423371086001305,1.8892236209778623,2.6017022657786995,16.600358482772965,12.134712531076897,13.878700585284275,23.885407888881964,17.460018030326474,19.969353360121257,2.7624072390212757,1.324053437155054,1.801618352468483,4.277784924427232,2.050391322680112,2.789934705822622,15.837922761953461,11.624169330695068,13.22416514340454,24.526154677082214,18.000856506390644,20.47856430778646,0.6231155778894473,-0.0018844221105527303,-0.0018844221105527303,0.5025125628140703,-0.0024874371859296973,-0.0024874371859296973,0.371859296482412,-0.003140703517587995,-0.003140703517587995,0.40740740740740744,0.10796193605805438,0.1881955847473089,0.379182156133829,0.40703517587939697,0.10878956184430921,0.1883373461632033,0.36868686868686873,0.40740740740740744,0.10796193605805438,0.1881955847473089,0.379182156133829,22.0,-1.0,-1.0,32.0,-2.0,-2.0,39.0,0.0,0.0,-3.713881191612803e-05,0.00011114551239729447,5.4834018582928874e-05,-0.004858843830169768,-0.00502851511144442,-0.004752728738999679,0.9592592592592593,-0.6673170476123272,259,-0.5305027961730957
851,1,test,1.7987822193153558,0.856219951050716,1.1698457488391025,3.8582575138938067,1.836529750079797,2.5092343598288,6.042284804544261,3.4757356164679774,4.166670058063397,12.960263059022472,7.455201032424067,8.937205341933083,1.9939932559572842,0.9318262258792283,1.2833764976127457,3.7980823922995888,1.7749070969128158,2.4445266621195154,7.3448049658939,4.45217234175061,5.309558839230279,13.990104696940762,8.480328270001163,10.113445408057673,1.7987822193153558,0.856219951050716,1.1698457488391025,3.8582575138938067,1.836529750079797,2.5092343598288,6.042284804544261,3.4757356164679774,4.166670058063397,12.960263059022472,7.455201032424067,8.937205341933083,0.5979899497487438,-0.0020100502512562235,-0.0020100502512562235,0.38190954773869346,-0.0030904522613065533,-0.0030904522613065533,0.24623115577889443,-0.0037688442211055717,-0.0037688442211055717,0.3762711864406779,0.09708336918179472,0.17108516614755498,0.33673469387755106,0.38190954773869346,0.08115766803944535,0.16655061618610578,0.36868686868686873,0.3762711864406779,0.09708336918179472,0.17108516614755498,0.33673469387755106,16.0,-3.0,-3.0,28.0,-11.0,-11.0,34.0,-10.0,-10.0,0.0006506210099619641,7.925315137812493e-05,0.00017051592474999215,-0.032871645152252604,-0.028602606213979698,-0.030892492991558385,0.9627118644067797,0.46073023462737217,284,-0.4497131109237671
123,1,test,2.245690609298668,1.0764395938832771,1.465572628688703,4.110294327322411,1.9702106506227253,2.682442023418111,9.446937447006851,6.227357127788573,7.265207794897128,17.290758236339812,11.397950621770601,13.29753184278141,2.236577663855538,1.023997127535948,1.4273456195665966,4.066504843373705,1.861812959156269,2.595173853757448,9.361239096716004,5.99908947990485,7.115056741126901,17.02043472130182,10.907435418008816,12.936466802048908,2.246297758326081,1.0619926736903218,1.4562558217102062,4.109081265230635,1.942669525043271,2.6638826006894014,9.452674887454275,6.184260126975703,7.249186056271229,17.29147845266026,11.312670963979947,13.260706200496152,0.5376884422110553,-0.0023115577889447625,-0.0023115577889447625,0.38190954773869346,-0.0030904522613065533,-0.0030904522613065533,0.29648241206030146,-0.0035175879396985854,-0.0035175879396985854,0.37873754152823924,0.10299003322259137,0.16722037652270216,0.36,0.36180904522613067,0.1080402010050251,0.16247906197654938,0.33333333333333337,0.37792642140468224,0.10200668896321063,0.16610925306577473,0.35906040268456374,12.0,0.0,0.0,21.0,0.0,0.0,26.0,0.0,0.0,0.00017131277303406543,0.00013093486016424547,2.7317005069970624e-05,-0.02286271228229264,-0.02411124332168768,-0.02429005142333729,0.03322259136212625,0.950664550350014,10,-0.509211540222168
301,1,test,2.3962409135533536,1.1474549419465474,1.5620452547959136,4.047704245867151,1.9382684830178163,2.6385899574255296,10.98181709298205,7.495708939866066,8.678856156323544,18.55036671111833,12.66167050653052,14.66022999378977,2.462830016879171,1.1393525341885367,1.5601642527949218,4.070793416329208,1.8832273292372501,2.5787838889172257,11.737983270345586,7.981521549398103,9.271814690446035,19.401625240240637,13.192597602310915,15.325313537927332,2.3962409135533536,1.1474549419465474,1.5620452547959136,4.047704245867151,1.9382684830178163,2.6385899574255296,10.98181709298205,7.495708939866066,8.678856156323544,18.55036671111833,12.66167050653052,14.66022999378977,0.6733668341708543,-0.001633165829145744,-0.001633165829145744,0.4824120603015075,-0.0025879396984924696,-0.0025879396984924696,0.3015075376884422,-0.0034924623115578646,-0.0034924623115578646,0.4257028112449799,0.1130775607439779,0.19205795143189575,0.41129032258064513,0.4120603015075377,0.10128335915164799,0.17165963372790494,0.4040404040404041,0.4257028112449799,0.1130775607439779,0.19205795143189575,0.41129032258064513,19.0,-9.0,-9.0,27.0,-13.0,-13.0,37.0,-17.0,-17.0,0.00018689992534814566,2.285205454311595e-05,8.606768863298371e-05,-0.0070392332127129364,-0.005344699773748296,-0.005443715937881954,0.040160642570281124,0.17869386219607236,10,-0.4001481533050537
615,1,test,1.5971565339792086,0.719462305763691,0.9964502387563997,5.688502723761565,2.562468486281639,3.5490008503652595,4.938968649405441,2.5336215235546407,3.1155624406191444,17.590847244457734,9.023857481153515,11.096523761109282,1.8445799527351565,0.8460733340986633,1.171290585008518,5.425235155103401,2.488450982643127,3.4449723088485817,6.325442247579327,3.611216820912363,4.364766137803706,18.604241904645075,10.62122594385989,12.837547464128544,1.5971565339792086,0.719462305763691,0.9964502387563997,5.688502723761565,2.562468486281639,3.5490008503652595,4.938968649405441,2.5336215235546407,3.1155624406191444,17.590847244457734,9.023857481153515,11.096523761109282,0.36180904522613067,-0.0031909547738693256,-0.0031909547738693256,0.2814070351758794,-0.003592964824120637,-0.003592964824120637,0.2361809045226131,-0.0038190954773869024,-0.0038190954773869024,0.2857142857142857,0.10652353426919903,0.14964239867962592,0.17441860465116277,0.2864321608040201,0.09595597032782965,0.1395206416053557,0.18686868686868685,0.2857142857142857,0.10652353426919903,0.14964239867962592,0.17441860465116277,22.0,-5.0,-5.0,30.0,-6.0,-6.0,35.0,-5.0,-5.0,0.0003089851559577701,0.0009058394274599168,0.00094082276274427,-0.11646804990374005,-0.12947196513938142,-0.13665577129058137,0.9575289575289575,-0.18430700664750718,248,-0.4136693477630615
602,1,test,1.665424614679952,0.7855367687997946,1.0778636728057118,3.152864919394108,1.487123043224039,2.0405358080596687,5.2879181007806615,2.877288771535813,3.488324356378497,10.010715183157282,5.4470810331365005,6.603850689937917,1.6484122262659526,0.7760716800408906,1.0656080239482195,2.9701121193981126,1.3983273514250278,1.9200144575643596,5.198718881368431,2.8062148096168515,3.407665008640877,9.367061047510687,5.056242900210544,6.139936952506085,1.665424614679952,0.7855367687997946,1.0778636728057118,3.152864919394108,1.487123043224039,2.0405358080596687,5.2879181007806615,2.877288771535813,3.488324356378497,10.010715183157282,5.4470810331365005,6.603850689937917,0.40703517587939697,-0.00296482412060306,-0.00296482412060306,0.31155778894472363,-0.003442211055276312,-0.003442211055276312,0.2160804020100503,-0.003919597989949675,-0.003919597989949675,0.3481781376518218,0.10777409724778142,0.15975283482544222,0.32113821138211385,0.3417085427135679,0.1161446329391318,0.15806914371523728,0.30808080808080807,0.3481781376518218,0.10777409724778142,0.15975283482544222,0.32113821138211385,18.0,-1.0,-1.0,27.0,-4.0,-4.0,36.0,-4.0,-4.0,0.00023737172826550324,1.307566306412403e-05,2.559975369946405e-05,-0.0479843085743612,-0.053578525843732905,-0.05623930748877992,0.04048582995951417,0.4959796152646257,10,-0.40465331077575684
711,1,test,2.7479045328004883,1.3134824184381775,1.7879107403800933,4.892610509620382,2.3386394279509015,3.18335326945724,15.609887581448639,11.412668786090219,12.998207320288966,27.7932144742866,20.320117594746,23.143149619051083,2.7898558139351746,1.3270698942121955,1.807734564556482,4.851923154669869,2.307947642108166,3.143886199228665,16.278672474841848,11.960700163365164,13.608558257898292,28.31073473885539,20.80121767541768,23.66705783982312,2.7479045328004883,1.3134824184381775,1.7879107403800933,4.892610509620382,2.3386394279509015,3.18335326945724,15.609887581448639,11.412668786090219,12.998207320288966,27.7932144742866,20.320117594746,23.143149619051083,0.7185929648241206,-0.0014070351758793676,-0.0014070351758793676,0.5527638190954773,-0.0022361809045226,-0.0022361809045226,0.3919597989949749,-0.0030402010050251116,-0.0030402010050251116,0.42201834862385323,0.09707555686183955,0.1765915193555605,0.4147465437788018,0.42713567839195976,0.09881487638694719,0.180057214285115,0.4242424242424242,0.42201834862385323,0.09707555686183955,0.1765915193555605,0.4147465437788018,20.0,-9.0,-9.0,30.0,-5.0,-5.0,39.0,-8.0,-8.0,-6.337401586667898e-05,0.00014288329601583913,2.7173994497916115e-05,0.0001770411481381018,6.356676500196556e-05,1.9891202473587555e-05,0.9495412844036697,0.5037711483819054,207,-0.14256978034973145
786,1,test,3.2559489812491687,1.5725213132653193,2.1327432037633836,4.596633855881179,2.220030089315745,3.0109315817836,25.94422343702442,20.56024456572954,22.86952822751922,36.62713896991683,29.026227622206413,32.28639279179184,3.288239650523943,1.5576864604088256,2.134403371179124,4.215691859646081,1.9970339236010588,2.7364145784347746,26.795652401271347,21.151877275624425,23.625320511984317,34.35340051445044,27.11779137900567,30.288872451261945,3.2559489812491687,1.5725213132653193,2.1327432037633836,4.596633855881179,2.220030089315745,3.0109315817836,25.94422343702442,20.56024456572954,22.86952822751922,36.62713896991683,29.026227622206413,32.28639279179184,0.7035175879396984,-0.001482412060301641,-0.001482412060301641,0.5577889447236181,-0.00221105527638199,-0.00221105527638199,0.42211055276381915,-0.0028894472361808976,-0.0028894472361808976,0.40684410646387836,0.09754619375040585,0.1679060533665332,0.39312977099236646,0.40703517587939697,0.09625823352350726,0.1699734062633702,0.38888888888888884,0.40684410646387836,0.09754619375040585,0.1679060533665332,0.39312977099236646,24.0,1.0,1.0,35.0,1.0,1.0,44.0,-4.0,-4.0,-0.0001695902286399155,0.0001574089731594491,8.098436424980782e-05,-0.00013480533558407615,-0.00018378111340844328,8.585827751517172e-05,0.03802281368821293,0.5319352836515197,10,-0.5208392143249512
918,1,test,2.5598022482743543,1.2004058916635356,1.647568172824248,4.375264835702974,2.051757587878809,2.8160562386570476,12.933259488262005,9.03941738808134,10.44338058653318,22.10578394802229,15.450351705869522,17.850033484783662,2.455868580377422,1.1337325684584427,1.5688832931933803,4.093114300629036,1.889554280764071,2.6148054886556333,11.656553807019536,7.905127891227652,9.228754317579813,19.427589678365894,13.175213152046087,15.381257195966356,2.5598022482743543,1.2004058916635356,1.647568172824248,4.375264835702974,2.051757587878809,2.8160562386570476,12.933259488262005,9.03941738808134,10.44338058653318,22.10578394802229,15.450351705869522,17.850033484783662,0.6482412060301508,-0.0017587939698492372,-0.0017587939698492372,0.4773869346733668,-0.0026130653266331905,-0.0026130653266331905,0.3316582914572864,-0.0033417085427135396,-0.0033417085427135396,0.4083333333333333,0.08400900900900898,0.172876269621422,0.40167364016736407,0.42211055276381915,0.09880228208712738,0.1883876813113985,0.38383838383838387,0.4083333333333333,0.08400900900900898,0.172876269621422,0.40167364016736407,21.0,1.0,1.0,29.0,1.0,1.0,41.0,0.0,0.0,-1.8195049810103068e-05,-2.1473617909613e-05,-6.983548647795887e-05,2.4582867206746073e-05,-5.7358864443912694e-05,-7.978146849918488e-05,0.041666666666666664,0.5919259816080468,10,-0.17525815963745117
508,1,test,2.6938969160053934,1.306779525150128,1.751495380227892,4.572535554798628,2.21808629926798,2.9729329480183955,14.789196026843387,10.785902552774253,12.22305933344993,25.10271430872101,18.307650385629977,20.74703492125054,2.7462999216352832,1.3093071307347308,1.7676362656790494,4.1610604873261865,1.9837986829314103,2.678236766180378,15.584859866793103,11.376837499256332,12.923961877038382,23.61342404059561,17.237632574630805,19.581760419755124,2.6938969160053934,1.306779525150128,1.751495380227892,4.572535554798628,2.21808629926798,2.9729329480183955,14.789196026843387,10.785902552774253,12.22305933344993,25.10271430872101,18.307650385629977,20.74703492125054,0.6381909547738693,-0.0018090452261306789,-0.0018090452261306789,0.5025125628140703,-0.0024874371859296973,-0.0024874371859296973,0.36180904522613067,-0.0031909547738693256,-0.0031909547738693256,0.3891050583657587,0.1094934078803218,0.17435732227261513,0.38671875,0.3869346733668342,0.08868905933174642,0.16322849640523152,0.38888888888888884,0.3891050583657587,0.1094934078803218,0.17435732227261513,0.38671875,21.0,-9.0,-9.0,33.0,-13.0,-13.0,40.0,-13.0,-13.0,0.00023451136441147397,0.0001209759602281103,-0.00014380600593177174,-0.013110063723067,-0.014762841062854193,-0.014263741763945958,0.9571984435797666,-0.4842439204627944,246,-0.6481318473815918
718,1,test,2.5952950735180274,1.2359521915011717,1.6866727741257632,4.142490213499928,1.9727698441268706,2.6921892356238146,13.40054092283709,9.506907038714505,10.919638685503362,21.38932493452843,15.174486234871228,17.42942328647652,2.390250177011411,1.108051444948632,1.5301296617554574,3.489416316804979,1.6175933502899735,2.2337659295700103,10.916224589898986,7.311668117033183,8.552779082115453,15.936094291823336,10.673968054063039,12.485808879000661,2.5022871790147643,1.18399863253612,1.6208889573917244,4.035947062927039,1.9096752137679354,2.614337028051168,12.210389394002192,8.473369229188101,9.796116357702676,19.69417644193902,13.666724563206618,15.800187673713994,0.5829145728643217,-0.002085427135678275,-0.002085427135678275,0.42211055276381915,-0.0028894472361808976,-0.0028894472361808976,0.3417085427135679,-0.003291457286432098,-0.003291457286432098,0.3716012084592145,0.10463288266735926,0.1645660325798175,0.40303030303030307,0.3919597989949749,0.12880190425813276,0.17993976560599323,0.4040404040404041,0.3745819397993311,0.10747008671085023,0.16657304102291282,0.3926174496644296,18.0,-7.0,-7.0,24.0,-7.0,-7.0,34.0,-13.0,-13.0,-0.0002054064450758729,-0.000112051261832392,-0.00030609711833878145,0.0003806694236105912,-2.030697104693502e-05,0.00019008678427478998,0.9607250755287009,0.3121889378562739,318,-0.65517258644104
599,1,test,2.6863651704562006,1.2833307164645122,1.7500237075127885,4.705528533870992,2.247925699428035,3.0654010040093294,14.678225989120309,10.610702015690187,12.12759324600923,25.710879510354527,18.58606627584948,21.2431045093495,2.7300207095997964,1.2896208185956257,1.7671884575676335,4.453066567298029,2.103561827053521,2.8825451070160577,15.333204561149167,11.110820588347393,12.714100620125897,25.010718915317085,18.12338768099288,20.738573962336506,2.6863651704562006,1.2833307164645122,1.7500237075127885,4.705528533870992,2.247925699428035,3.0654010040093294,14.678225989120309,10.610702015690187,12.12759324600923,25.710879510354527,18.58606627584948,21.2431045093495,0.6464646464646464,-0.0035353535353536136,-0.0035353535353536136,0.48484848484848486,-0.005151515151515129,-0.005151515151515129,0.38888888888888884,-0.006111111111111178,-0.006111111111111178,0.40074906367041196,0.10861423220973776,0.17353308364544318,0.34962406015037595,0.4242424242424242,0.1262626262626262,0.19865319865319864,0.35532994923857864,0.40074906367041196,0.10861423220973776,0.17353308364544318,0.34962406015037595,19.0,-7.0,-7.0,30.0,-8.0,-8.0,39.0,-9.0,-9.0,-3.093641814360818e-05,0.000323259805199492,0.00023129773616201865,-0.00016252502302549487,0.00022759863213561715,7.184004964067014e-05,0.9400749063670412,-0.3187327850254767,251,-0.6129586696624756
221,1,test,2.83576951532342,1.3839234139165562,1.866265791891796,4.190166895776397,2.044901760861777,2.7576166178699673,17.043510497993356,12.772518572108204,14.40687486386655,25.183694616437943,18.872825949831526,21.287770321235648,2.83576951532342,1.3839234139165562,1.866265791891796,4.190166895776397,2.044901760861777,2.7576166178699673,17.043510497993356,12.772518572108204,14.40687486386655,25.183694616437943,18.872825949831526,21.287770321235648,2.83576951532342,1.3839234139165562,1.866265791891796,4.190166895776397,2.044901760861777,2.7576166178699673,17.043510497993356,12.772518572108204,14.40687486386655,25.183694616437943,18.872825949831526,21.287770321235648,0.6243654822335025,-0.0006345177664974777,-0.0006345177664974777,0.46192893401015234,-0.0030710659898476322,-0.0030710659898476322,0.3756345177664975,0.0006345177664974777,0.0006345177664974777,0.3857868020304569,0.10983743494184928,0.1648761780844198,0.29591836734693877,0.3857868020304569,0.10983743494184928,0.1648761780844198,0.29591836734693877,0.3857868020304569,0.10983743494184928,0.1648761780844198,0.29591836734693877,16.0,0.0,0.0,27.0,0.0,0.0,35.0,0.0,0.0,0.0005814408474171352,0.00020697637325460864,9.497922415604945e-05,-0.0002494778627060157,-0.00013802240959837064,-8.631039106266059e-05,0.050761421319796954,0.3885497641979297,10,-0.43856263160705566
654,1,test,2.6665958896358943,1.264912314280697,1.7306473791729935,4.257196946611691,2.0194214140270774,2.762963359732323,14.390897514108051,10.328864562230164,11.841266851562334,22.974941645330397,16.48994166952535,18.904478657757412,2.9409565921672782,1.3333283882389535,1.8667324296340457,4.262255930677215,1.9323599829550049,2.7054093183102115,18.93394972008336,13.942990079936877,16.006229136231063,27.44050684070052,20.20723199990852,23.19743353076966,2.6665958896358943,1.264912314280697,1.7306473791729935,4.257196946611691,2.0194214140270774,2.762963359732323,14.390897514108051,10.328864562230164,11.841266851562334,22.974941645330397,16.48994166952535,18.904478657757412,0.7085427135678393,-0.0014572864321606982,-0.0014572864321606982,0.5577889447236181,-0.00221105527638199,-0.00221105527638199,0.4371859296482412,-0.002814070351758735,-0.002814070351758735,0.40808823529411764,0.09799649217485162,0.17581439666331078,0.3837638376383764,0.4371859296482412,0.1213964559640307,0.19177691462319946,0.4292929292929293,0.40808823529411764,0.09799649217485162,0.17581439666331078,0.3837638376383764,18.0,-5.0,-5.0,30.0,-8.0,-8.0,36.0,-6.0,-6.0,0.0008647393394334536,0.0004200842650120805,-2.689360294334519e-05,-0.00019717463232815646,0.00020823100688893703,5.431726479621091e-05,0.03676470588235294,0.6342032418031249,10,-0.5451724529266357
111,1,test,2.913017432026705,1.4041217988045955,1.9054481379071733,4.560953007858955,2.198453559271195,2.9833873702089453,18.412272611410472,13.890538228754579,15.67333724053407,28.82835826015125,21.748614141021456,24.539968022321915,2.953230544801593,1.4097907262740186,1.9220281512217245,4.543431607387066,2.168908809652336,2.9569663864949605,19.167776174051276,14.487112930820022,16.363340330143064,29.488886421617348,22.28786604741542,25.174369738681634,2.913017432026705,1.4041217988045955,1.9054481379071733,4.560953007858955,2.198453559271195,2.9833873702089453,18.412272611410472,13.890538228754579,15.67333724053407,28.82835826015125,21.748614141021456,24.539968022321915,0.6934673366834171,-0.0015326633165829717,-0.0015326633165829717,0.542713567839196,-0.0022864321608039306,-0.0022864321608039306,0.40703517587939697,-0.00296482412060306,-0.00296482412060306,0.4065934065934066,0.10129176125519823,0.17638634203798642,0.3566176470588235,0.4170854271356784,0.11132101610810952,0.18002365751965166,0.3484848484848485,0.4065934065934066,0.10129176125519823,0.17638634203798642,0.3566176470588235,25.0,0.0,0.0,37.0,0.0,0.0,45.0,0.0,0.0,4.167390606507985e-05,0.0006576278205770774,0.00025145963414406055,-0.00020410455418851114,0.00020435748183800229,5.0812707827141423e-05,0.04395604395604396,0.31851049169634366,12,-0.42665648460388184
475,1,test,2.910280299511376,1.3909664393483505,1.8902145174661893,4.639329183338722,2.217364147431782,3.0132243190196304,18.361944689880854,13.792855604560723,15.58856749349296,29.271100064457123,21.987434522564442,24.850010533744655,2.9091230572626023,1.362300091085923,1.8651805371965784,4.309811936685336,2.0182223571643303,2.763230425476412,18.340707762221097,13.6441823272033,15.50031448617781,27.171418906994216,20.213603447708593,22.96342886841157,2.910280299511376,1.3909664393483505,1.8902145174661893,4.639329183338722,2.217364147431782,3.0132243190196304,18.361944689880854,13.792855604560723,15.58856749349296,29.271100064457123,21.987434522564442,24.850010533744655,0.7085427135678393,-0.0014572864321606982,-0.0014572864321606982,0.507537688442211,-0.0024623115577889765,-0.0024623115577889765,0.3919597989949749,-0.0030402010050251116,-0.0030402010050251116,0.4037037037037037,0.09074074074074068,0.16666666666666663,0.3828996282527881,0.39698492462311563,0.07286432160804024,0.15410385259631498,0.36868686868686873,0.4037037037037037,0.09074074074074068,0.16666666666666663,0.3828996282527881,21.0,-11.0,-11.0,33.0,-14.0,-14.0,44.0,-20.0,-20.0,7.626160131363714e-05,-3.1234979121552166e-05,-3.330560849345411e-05,-0.0001833147886074471,0.00021597805698636563,6.13263787334617e-05,0.037037037037037035,0.6016211773091985,10,-0.42107510566711426
484,1,test,2.849386122157921,1.3373783891612416,1.837796378833965,4.1328933843912194,1.9398010869816211,2.6656325855159317,17.277172511106333,12.741344120292938,14.527203223909767,25.059682651244323,18.480688318623095,21.07098845990516,2.849386122157921,1.3373783891612416,1.837796378833965,4.1328933843912194,1.9398010869816211,2.6656325855159317,17.277172511106333,12.741344120292938,14.527203223909767,25.059682651244323,18.480688318623095,21.07098845990516,2.849386122157921,1.3373783891612416,1.837796378833965,4.1328933843912194,1.9398010869816211,2.6656325855159317,17.277172511106333,12.741344120292938,14.527203223909767,25.059682651244323,18.480688318623095,21.07098845990516,0.61875,0.10375000000000001,0.10375000000000001,0.46875,0.08374999999999999,0.08374999999999999,0.36250000000000004,0.0625,0.0625,0.375,0.10085669781931461,0.15715767634854771,0.3459119496855346,0.375,0.10085669781931461,0.15715767634854771,0.3459119496855346,0.375,0.10085669781931461,0.15715767634854771,0.3459119496855346,20.0,-6.0,-6.0,26.0,-4.0,-4.0,34.0,-4.0,-4.0,0.0002670658469741108,0.00038534875805120545,0.00010834188484838908,0.00011436961509936339,0.00012489399908677257,-4.4051035033909614e-05,0.06875,0.4624586150543367,11,-0.589104175567627
329,1,test,2.3694369881123425,1.1263109039335404,1.5312962452554655,4.370294889184987,2.077417889477419,2.824390852360081,10.691371220212485,7.224938314438868,8.379306964107508,19.71964025061414,13.325997335520581,15.455166178242738,2.2779343127889176,1.060855183345099,1.4598729890571254,4.179695986768656,1.946523272192842,2.6786660349672022,9.756505690343705,6.379197058828915,7.490403352921421,17.90184530338294,11.704948731796172,13.743859363158567,2.3694369881123425,1.1263109039335404,1.5312962452554655,4.370294889184987,2.077417889477419,2.824390852360081,10.691371220212485,7.224938314438868,8.379306964107508,19.71964025061414,13.325997335520581,15.455166178242738,0.5879396984924623,-0.002060301507537776,-0.002060301507537776,0.4371859296482412,-0.002814070351758735,-0.002814070351758735,0.2613065326633166,-0.003693467336683409,-0.003693467336683409,0.38306451612903225,0.09936230284935421,0.16456585661160594,0.3522267206477733,0.371859296482412,0.09366380776060745,0.15149201768441534,0.3232323232323232,0.38306451612903225,0.09936230284935421,0.16456585661160594,0.3522267206477733,22.0,-13.0,-13.0,32.0,-14.0,-14.0,38.0,-18.0,-18.0,0.00018172337939598068,-1.602094035006684e-05,-7.567567665292158e-05,-0.007032303290852582,-0.007085160265767776,-0.005694664089086032,0.9556451612903226,-0.3343061957753964,237,-0.30074071884155273
279,1,test,2.425083015088938,1.1619662694822037,1.5775830982690418,4.0045778736008115,1.9187732476317962,2.605087879378483,11.303167713805783,7.766741243550357,8.969362867828355,18.665099316876653,12.825342448231181,14.811250525163928,2.4895503020379874,1.1611994221094601,1.5880428160670508,3.9516671460920434,1.8431736858880319,2.520702882646112,12.055853408536715,8.281040276877466,9.592539684049555,19.13627525164558,13.144508375995976,15.226253466745327,2.425083015088938,1.1619662694822037,1.5775830982690418,4.0045778736008115,1.9187732476317962,2.605087879378483,11.303167713805783,7.766741243550357,8.969362867828355,18.665099316876653,12.825342448231181,14.811250525163928,0.6884422110552764,-0.0015577889447235815,-0.0015577889447235815,0.4824120603015075,-0.0025879396984924696,-0.0025879396984924696,0.3266331658291457,-0.0033668341708542604,-0.0033668341708542604,0.396,0.08200000000000007,0.16400000000000003,0.31726907630522083,0.4120603015075377,0.09296482412060303,0.17252931323283083,0.3282828282828283,0.396,0.08200000000000007,0.16400000000000003,0.31726907630522083,16.0,-6.0,-6.0,28.0,-11.0,-11.0,37.0,-17.0,-17.0,0.00015400450263220887,0.00018637633146444826,0.0003170019130087143,-4.4716351397688925e-05,-0.00011232505964553496,0.0001314175181095223,0.044,-0.19913332883068294,11,-0.258878231048584
277,1,test,2.3375937172153596,1.1037525910733077,1.5086832341891023,3.7302027402372757,1.76130732618081,2.4074732460464396,10.356286402517023,6.921890220833295,8.065464911301918,16.52598894018674,11.045569501329727,12.870422730800932,2.333849908097953,1.0932318652724122,1.4991326484575915,3.6753541859810284,1.721624984680964,2.360838816468648,10.317586929981184,6.8598370879904635,8.013424453529915,16.248168393671154,10.802893051953486,12.619566068551046,2.3375937172153596,1.1037525910733077,1.5086832341891023,3.7302027402372757,1.76130732618081,2.4074732460464396,10.356286402517023,6.921890220833295,8.065464911301918,16.52598894018674,11.045569501329727,12.870422730800932,0.6030150753768844,-0.0019849246231156137,-0.0019849246231156137,0.4371859296482412,-0.002814070351758735,-0.002814070351758735,0.321608040201005,-0.0033919597989949812,-0.0033919597989949812,0.3883928571428571,0.09440622017181033,0.16584092835947428,0.3452914798206278,0.3919597989949749,0.1012329819523684,0.17326196927878124,0.3434343434343434,0.3883928571428571,0.09440622017181033,0.16584092835947428,0.3452914798206278,14.0,0.0,0.0,22.0,0.0,0.0,31.0,0.0,0.0,3.9579823623782675e-05,-2.2537985846014514e-05,3.108247663690281e-05,-0.02179703052336457,-0.02225406643842298,-0.022489331873074114,0.9375,-0.4837121059989357,210,-0.6639034748077393
349,1,test,3.2714922575700602,1.5932751193472814,2.15217489557151,5.067976445253041,2.4681949825726672,3.334005040538524,26.3506319486317,20.994633499762003,23.287869217346415,40.82063215163755,32.52347848518044,36.076005492767855,3.391475451766364,1.6526323661498445,2.230315575821461,4.926303758405156,2.400538984407438,3.2396554714486907,29.709755258698856,24.01899936324293,26.516119909151932,43.155045959715856,34.88891148383462,38.51611578044697,3.2714922575700602,1.5932751193472814,2.15217489557151,5.067976445253041,2.4681949825726672,3.334005040538524,26.3506319486317,20.994633499762003,23.287869217346415,40.82063215163755,32.52347848518044,36.076005492767855,0.7171717171717171,-0.0028282828282828465,-0.0028282828282828465,0.5151515151515151,0.00015151515151512474,0.00015151515151512474,0.4444444444444444,-0.0005555555555555314,-0.0005555555555555314,0.40823970037453183,0.12225839196331689,0.17785364807067128,0.3834586466165414,0.4191919191919192,0.13959494186194443,0.18932614737983866,0.3908629441624365,0.40823970037453183,0.12225839196331689,0.17785364807067128,0.3834586466165414,22.0,0.0,0.0,35.0,1.0,1.0,42.0,1.0,1.0,0.0001459469189485949,0.00024435248170351815,7.467058272550601e-05,-0.00016252502302549487,0.00022759863213561715,7.184004964067014e-05,0.951310861423221,-0.4476939124443596,254,-0.34079718589782715
956,1,test,2.270857891945515,1.0963714059767355,1.4817818291811509,4.069849208941313,1.964925376945318,2.6556609406103746,9.687708257003328,6.451227718131456,7.486346690564342,17.36238622683713,11.56194058574209,13.417088873998429,2.3085336349539824,1.0868214371454943,1.4896227127400459,3.9802304050930735,1.8738300640439558,2.5683150219655966,10.05966269669571,6.666670459849131,7.791634264079249,17.344246028785708,11.494259413532983,13.433852179446982,2.270857891945515,1.0963714059767355,1.4817818291811509,4.069849208941313,1.964925376945318,2.6556609406103746,9.687708257003328,6.451227718131456,7.486346690564342,17.36238622683713,11.56194058574209,13.417088873998429,0.5527638190954773,-0.0022361809045226,-0.0022361809045226,0.40201005025125625,-0.002989949748743781,-0.002989949748743781,0.3065326633165829,-0.0034673366834171437,-0.0034673366834171437,0.3781818181818182,0.10957927734697248,0.177456304276135,0.34671532846715325,0.38190954773869346,0.12376418433017211,0.17990620884052988,0.33838383838383834,0.3781818181818182,0.10957927734697248,0.177456304276135,0.34671532846715325,23.0,-12.0,-12.0,32.0,-15.0,-15.0,40.0,-15.0,-15.0,7.883840995081922e-05,0.00024977911413112956,-1.571905892036424e-06,-0.004893493439473318,-0.005047882736693765,-0.004144396891876845,0.04,-0.2450762953738663,11,-0.543604850769043
187,1,test,3.474379772050235,1.6917515317556016,2.285343709874965,6.011591316113236,2.9271753477087055,3.95424602432313,32.27780273155953,26.332340726755557,28.99388853943704,55.849092884211565,45.56187902063626,50.16705714389436,3.471357291386505,1.6867206413516018,2.280832731989946,5.83421393510337,2.8348246073136165,3.833332322672179,32.18039098365576,26.222976055885365,28.891585054618133,54.084690728833216,44.072228665353556,48.5572858060809,3.474379772050235,1.6917515317556016,2.285343709874965,6.011591316113236,2.9271753477087055,3.95424602432313,32.27780273155953,26.332340726755557,28.99388853943704,55.849092884211565,45.56187902063626,50.16705714389436,0.7688442211055276,-0.0011557788944723812,-0.0011557788944723812,0.5879396984924623,-0.002060301507537776,-0.002060301507537776,0.4371859296482412,-0.002814070351758735,-0.002814070351758735,0.416030534351145,0.09603053435114506,0.166030534351145,0.4099616858237548,0.39698492462311563,0.07868918527474467,0.1415592151072559,0.3939393939393939,0.416030534351145,0.09603053435114506,0.166030534351145,0.4099616858237548,21.0,1.0,1.0,33.0,0.0,0.0,42.0,0.0,0.0,8.282585043379867e-05,9.890345482128897e-05,-7.489218326939783e-05,-0.00012787541372372146,-0.00017828449388890277,8.936283448512938e-05,0.05725190839694656,-0.28816488111069954,15,-0.32611083984375
65,1,test,2.766591528791719,1.3277493574145591,1.8070888323324785,4.451986368170582,2.1366081613567616,2.9079590405350224,15.90433206113429,11.688520258591481,13.293934070717937,25.5931780294115,18.809113059802385,21.392537585063344,2.835685895958005,1.3503594952621643,1.8443670971819244,4.2964937817545525,2.045999235245703,2.7944956017907945,17.042085390045212,12.625678694278701,14.347299379600368,25.821341500068502,19.129816203452577,21.73833239333389,2.766591528791719,1.3277493574145591,1.8070888323324785,4.451986368170582,2.1366081613567616,2.9079590405350224,15.90433206113429,11.688520258591481,13.293934070717937,25.5931780294115,18.809113059802385,21.392537585063344,0.7135678391959799,-0.0014321608040201994,-0.0014321608040201994,0.49246231155778897,-0.002537688442211028,-0.002537688442211028,0.39698492462311563,-0.0030150753768843908,-0.0030150753768843908,0.39426523297491034,0.10625092170478512,0.15469431521567312,0.36690647482014394,0.4120603015075377,0.10629589047996879,0.16665128648249594,0.38383838383838387,0.39426523297491034,0.10625092170478512,0.15469431521567312,0.36690647482014394,17.0,-3.0,-3.0,30.0,-4.0,-4.0,37.0,-5.0,-5.0,-0.000299243195790312,-0.00027649681219540364,1.1191145393557896e-05,-0.004921213126913848,-0.004062336801190725,-0.004158415119751346,0.035842293906810034,0.7464203259046455,10,-0.30828428268432617
974,1,test,3.2939965635819437,1.615625324736504,2.174558867846652,5.130304992705211,2.516290017262026,3.3868129493473718,26.95035752718748,21.59353365202412,23.88722622004238,41.974407413033376,33.63130815918699,37.203668423169454,2.954768672741829,1.4231887993712737,1.933457176275582,4.581036701925316,2.206494262591122,2.9976080252334603,19.197281351688783,14.571802628286179,16.420447166568998,29.763226901843073,22.591942059358413,25.45805762258759,3.2939965635819437,1.615625324736504,2.174558867846652,5.130304992705211,2.516290017262026,3.3868129493473718,26.95035752718748,21.59353365202412,23.88722622004238,41.974407413033376,33.63130815918699,37.203668423169454,0.6884422110552764,-0.0015577889447235815,-0.0015577889447235815,0.5477386934673367,-0.002261306532663321,-0.002261306532663321,0.4120603015075377,-0.0029396984924623393,-0.0029396984924623393,0.4185185185185185,0.1005887588142671,0.1845283707352673,0.41263940520446096,0.4120603015075377,0.09877709348748753,0.18167632821872304,0.3484848484848485,0.4185185185185185,0.1005887588142671,0.1845283707352673,0.41263940520446096,18.0,0.0,0.0,32.0,0.0,0.0,37.0,0.0,0.0,-0.0006816056093626982,-0.0001817031918994696,0.0002664258558101183,-0.0001833147886074471,0.00021597805698636563,6.13263787334617e-05,0.040740740740740744,0.6205262449607759,11,-0.36022281646728516
611,1,test,2.700164338860411,1.272279629345928,1.7451581070246998,4.909389707018929,2.3132356897198694,3.173014740044909,14.882177243969126,10.712307872578329,12.283490466511005,27.058504079943862,19.476923404687867,22.333619030020003,3.1247430497333792,1.4999145528275457,2.0377903884139474,4.9208551964305185,2.362070161933143,3.209118721911728,22.754047683693116,17.676499536409096,19.78882343561462,35.83314595857183,27.837007143951325,31.163501473408846,2.700164338860411,1.272279629345928,1.7451581070246998,4.909389707018929,2.3132356897198694,3.173014740044909,14.882177243969126,10.712307872578329,12.283490466511005,27.058504079943862,19.476923404687867,22.333619030020003,0.6532663316582914,-0.0017336683417086274,-0.0017336683417086274,0.5025125628140703,-0.0024874371859296973,-0.0024874371859296973,0.4120603015075377,-0.0029396984924623393,-0.0029396984924623393,0.38795986622073575,0.12040133779264206,0.17837235228539572,0.31879194630872487,0.40201005025125625,0.11557788944723613,0.1842546063651591,0.3535353535353535,0.38795986622073575,0.12040133779264206,0.17837235228539572,0.31879194630872487,18.0,0.0,0.0,26.0,0.0,0.0,33.0,0.0,0.0,0.0016481492854210022,0.00023966094857766026,0.00046234338135994025,-0.005925345335157317,-0.007113726677471455,-0.005805094384836451,0.03678929765886288,0.519639074241449,11,-0.3813340663909912
583,1,test,2.8618657086584114,1.3607096090576016,1.858519932329289,4.715778714896251,2.2421755822207023,3.0624668067312815,17.494135468125638,13.007262122650621,14.766743645165342,28.82681441917558,21.433350164367692,24.332621603983142,2.9224612893455073,1.3843466826978945,1.892150518550519,4.307924419109303,2.0406295544954145,2.7891700236411348,18.586979140180176,13.931175171260097,15.78504268074947,27.39858406589522,20.53558414133896,23.26832217384551,2.8618657086584114,1.3607096090576016,1.858519932329289,4.715778714896251,2.2421755822207023,3.0624668067312815,17.494135468125638,13.007262122650621,14.766743645165342,28.82681441917558,21.433350164367692,24.332621603983142,0.6363636363636364,-0.0036363636363636598,-0.0036363636363636598,0.48989898989898994,-0.005101010101010051,-0.005101010101010051,0.3737373737373737,-0.0012626262626262985,-0.0012626262626262985,0.3908045977011494,0.11355794378145534,0.16914854674573543,0.34615384615384615,0.38888888888888884,0.10929191155891405,0.16573452647278142,0.35025380710659904,0.3908045977011494,0.11355794378145534,0.16914854674573543,0.34615384615384615,20.0,0.0,0.0,32.0,1.0,1.0,40.0,1.0,1.0,0.0001625660248094144,-2.944640165488631e-05,0.00019441157584526705,-0.00012094549186336678,-0.00017278787436758591,9.286739145242251e-05,0.038314176245210725,-0.737044340445591,10,-0.8252458572387695
948,1,test,2.032487173361098,0.9364090999632784,1.3000460960061773,3.6784277063897175,1.6947281257004116,2.3528441614835724,7.63304748156587,4.6406405021387105,5.552895254020932,13.814411086269521,8.398705203257176,10.04971840451641,1.8933376986384411,0.8507691606152332,1.1936454275241957,3.3216450853305988,1.4925774747635672,2.094114785130168,6.6414990505844935,3.805005744039458,4.628365937652414,11.651752720323675,6.675448673753436,8.119940241495465,2.032487173361098,0.9364090999632784,1.3000460960061773,3.6784277063897175,1.6947281257004116,2.3528441614835724,7.63304748156587,4.6406405021387105,5.552895254020932,13.814411086269521,8.398705203257176,10.04971840451641,0.4773869346733668,-0.0026130653266331905,-0.0026130653266331905,0.38190954773869346,-0.0030904522613065533,-0.0030904522613065533,0.24120603015075381,-0.0037939698492461815,-0.0037939698492461815,0.3639455782312925,0.11394557823129248,0.17460317460317454,0.31740614334470985,0.3919597989949749,0.14824120603015079,0.2077051926298158,0.30808080808080807,0.3639455782312925,0.11394557823129248,0.17460317460317454,0.31740614334470985,19.0,-10.0,-10.0,26.0,-13.0,-13.0,35.0,-18.0,-18.0,1.3012311961433436e-05,0.0005756814024840603,-4.834051481829081e-05,-0.0517551967259644,-0.05768851468264202,-0.05182627820064134,0.9625850340136054,0.3816025070901619,283,-0.9878907203674316
69,1,test,2.505297501168415,1.164115516831835,1.5927590845400446,3.936896073264652,1.8293243835928834,2.502907132848642,12.247201980772646,8.423641756982889,9.756565191042721,19.24560311264273,13.237151332401684,15.331745300209992,2.505297501168415,1.164115516831835,1.5927590845400446,3.936896073264652,1.8293243835928834,2.502907132848642,12.247201980772646,8.423641756982889,9.756565191042721,19.24560311264273,13.237151332401684,15.331745300209992,2.505297501168415,1.164115516831835,1.5927590845400446,3.936896073264652,1.8293243835928834,2.502907132848642,12.247201980772646,8.423641756982889,9.756565191042721,19.24560311264273,13.237151332401684,15.331745300209992,0.6402439024390244,0.09524390243902447,0.09524390243902447,0.4817073170731707,0.07670731707317069,0.07670731707317069,0.33536585365853655,0.05036585365853652,0.05036585365853652,0.38414634146341464,0.08323448736007122,0.15742569369013526,0.3496932515337423,0.38414634146341464,0.08323448736007122,0.15742569369013526,0.3496932515337423,0.38414634146341464,0.08323448736007122,0.15742569369013526,0.3496932515337423,16.0,-1.0,-1.0,26.0,-7.0,-7.0,31.0,-3.0,-3.0,0.00033813470401954744,9.975676319707962e-05,-0.00010494060052822479,-0.009276023331490357,-0.008644351344500478,-0.008446742202451674,0.06097560975609756,-0.2720503773202548,10,-0.7556576728820801
410,1,test,2.162765486980769,1.0533781121072345,1.3525271407872361,4.302522830483019,2.095550074085669,2.690665694970353,8.695150765429544,5.662650725893427,6.4467069345853645,17.29779992697154,11.265060486617775,12.824831880504927,2.2153350530834954,1.0527006984318268,1.4395795590392413,4.064834959786229,1.9315609145538102,2.64143038355824,9.164479184270748,5.966131414075564,6.992246568050894,16.8155581362766,10.94703011756984,12.829810216607143,2.1478979365866238,1.0378173884125172,1.4078675356304995,4.078287221367008,1.9705393450870585,2.673166206893354,8.566831433980001,5.532228617672333,6.47083220007346,16.266135634139243,10.504231552542404,12.286390253304038,0.5276381909547738,-0.002361809045226204,-0.002361809045226204,0.3417085427135679,-0.003291457286432098,-0.003291457286432098,0.29648241206030146,-0.0035175879396985854,-0.0035175879396985854,0.35924932975871315,0.1102533458229702,0.15299322027679718,0.32258064516129037,0.33668341708542715,0.09106938199770787,0.14135787451447557,0.2676767676767676,0.3311036789297659,0.09237246023193613,0.1464540682512342,0.28523489932885904,18.0,-3.0,-3.0,23.0,-1.0,-1.0,33.0,-4.0,-4.0,0.0014327040938940713,-0.00016602021710380213,0.0003934865620066319,-0.014592924617751635,-0.013433927248202693,-0.01419083286771805,0.03485254691689008,0.5714669729758959,13,-0.8269705772399902
689,1,test,2.3699312387296296,1.1453901586943964,1.551041479021932,3.7523911279885804,1.8135344179327944,2.4558156751180595,10.696656743116604,7.294052541687877,8.428676307158131,16.93637317660129,11.54891652433914,13.345404153000375,2.255397790195469,1.0794628346596853,1.469257691082603,3.496740759992975,1.6735857901700548,2.27791890090326,9.539087110854792,6.29791523160651,7.344179183497994,14.78928234241053,9.764209661405442,11.386324315500765,2.3699312387296296,1.1453901586943964,1.551041479021932,3.7523911279885804,1.8135344179327944,2.4558156751180595,10.696656743116604,7.294052541687877,8.428676307158131,16.93637317660129,11.54891652433914,13.345404153000375,0.6080402010050252,-0.001959798994974782,-0.001959798994974782,0.42713567839195976,-0.002864321608040288,-0.002864321608040288,0.3065326633165829,-0.0034673366834171437,-0.0034673366834171437,0.41463414634146345,0.13065848711225447,0.1943638760711932,0.4571428571428572,0.39698492462311563,0.12129570156547154,0.17494819674331596,0.43939393939393945,0.41463414634146345,0.13065848711225447,0.1943638760711932,0.4571428571428572,17.0,0.0,0.0,27.0,0.0,0.0,37.0,0.0,0.0,-0.00029577316740301185,6.822602664126394e-06,-0.0002844015364872633,-0.04108240533803098,-0.04119330713501679,-0.037046268391589976,0.04065040650406504,0.43721677023839495,10,-0.5888881683349609
637,1,test,2.6222218873083434,1.2733179977982543,1.721513121120224,4.2034612163385,2.041147946219312,2.7596114856148306,13.766276745252407,9.91307706272233,11.304929732637884,22.067549154449836,15.890811974916696,18.121972787494897,2.617378379382081,1.2240694757678832,1.6868101251664873,4.057950975786172,1.8977821329734623,2.6152094963821506,13.699760889794277,9.671604081705377,11.16381105736146,21.239939364022135,14.994735010395933,17.30823419745963,2.6615954640927457,1.289829988042005,1.7452179771895358,4.22475470490912,2.047349187368262,2.7701872653802155,14.319116519917236,10.376811920373315,11.818899622936282,22.728756380821007,16.471130032338593,18.76015813164489,0.6180904522613065,-0.0019095477386934512,-0.0019095477386934512,0.4824120603015075,-0.0025879396984924696,-0.0025879396984924696,0.321608040201005,-0.0033919597989949812,-0.0033919597989949812,0.3805031446540881,0.09792857636523411,0.1650219731059709,0.35962145110410093,0.37688442211055273,0.09618266772458783,0.15818659239435906,0.3434343434343434,0.3846153846153846,0.10414793887247975,0.1721570976298451,0.3657718120805369,21.0,-11.0,-11.0,33.0,-16.0,-16.0,40.0,-17.0,-17.0,0.0004352936584362143,0.0001462843836811026,-1.1659398815579002e-05,0.0004320054688413677,3.0048854599229458e-05,-0.0001068923557658863,0.03459119496855346,0.3875072834246144,11,-0.7204723358154297
177,1,test,2.19421412206477,1.0417764722789784,1.4219613476298956,4.068105014631033,1.9314687880208798,2.6363370970656463,8.972946644447058,5.807045775651877,6.808309439943689,16.63597407072666,10.766347642449464,12.622705093034284,2.1538348258782483,1.0023663387691706,1.3824133812430743,3.681768933125211,1.713446732938753,2.3630997969967082,8.617843039077293,5.4550089568947175,6.455004614194421,14.731355622354348,9.324801635717467,11.034195921699865,2.19421412206477,1.0417764722789784,1.4219613476298956,4.068105014631033,1.9314687880208798,2.6363370970656463,8.972946644447058,5.807045775651877,6.808309439943689,16.63597407072666,10.766347642449464,12.622705093034284,0.5979899497487438,-0.0020100502512562235,-0.0020100502512562235,0.37688442211055273,-0.003115577889447274,-0.003115577889447274,0.27135678391959794,-0.0036432160804020786,-0.0036432160804020786,0.36363636363636365,0.06975076205845443,0.13236172500298649,0.36111111111111116,0.3668341708542714,0.08362615080414604,0.13645019756545673,0.35858585858585856,0.36363636363636365,0.06975076205845443,0.13236172500298649,0.36111111111111116,17.0,-8.0,-8.0,28.0,-14.0,-14.0,37.0,-22.0,-22.0,5.6638020912874855e-05,-0.0002649610524050121,-9.34933519852724e-05,-0.00474103515854285,-0.005373308086638495,-0.005463363467486992,0.043478260869565216,0.4483785757692173,11,-0.3547828197479248
736,1,test,2.631478777997826,1.2463838973941233,1.7000503530542654,5.151454217944897,2.439954917780021,3.328064674199452,13.894301304759836,9.89909635046773,11.356169184077888,27.199861028809508,19.378739465746147,22.23114475866095,2.712035497903645,1.2700667645205383,1.7429240775123849,5.069225229726439,2.3739565691972677,3.2578020140418404,15.059898729850874,10.830885303208097,12.424297253034874,28.149343420282005,20.24464542655719,23.222985519691353,2.631478777997826,1.2463838973941233,1.7000503530542654,5.151454217944897,2.439954917780021,3.328064674199452,13.894301304759836,9.89909635046773,11.356169184077888,27.199861028809508,19.378739465746147,22.23114475866095,0.6532663316582914,-0.0017336683417086274,-0.0017336683417086274,0.46733668341708545,-0.002663316582914521,-0.002663316582914521,0.37688442211055273,-0.003115577889447274,-0.003115577889447274,0.4130434782608695,0.1202018296708478,0.1803845187232973,0.3799126637554585,0.40703517587939697,0.11881462450095082,0.17331230442697632,0.38383838383838387,0.4130434782608695,0.1202018296708478,0.1803845187232973,0.3799126637554585,19.0,-7.0,-7.0,33.0,-14.0,-14.0,44.0,-14.0,-14.0,0.000235243022035353,0.00010406241686970188,0.00018024522974795937,-0.005580752542271306,-0.006030585269630073,-0.006260713562322273,0.043478260869565216,0.43369281801143833,10,-0.24717450141906738
982,1,test,2.8358819845251424,1.3794872314820485,1.8640877937664104,4.7465826123966925,2.308928983189812,3.120033470417538,17.045427475812076,12.754964044539989,14.40274579241591,28.52993534958617,21.348734145471187,24.106723453972734,2.899457068127538,1.3767131329711113,1.882380970729771,4.714564338418761,2.238557939790425,3.06078206622727,18.164280724824536,13.579492411918572,15.399182669485015,29.535415812722825,22.080475466534264,25.039321413796774,2.8358819845251424,1.3794872314820485,1.8640877937664104,4.7465826123966925,2.308928983189812,3.120033470417538,17.045427475812076,12.754964044539989,14.40274579241591,28.52993534958617,21.348734145471187,24.106723453972734,0.6733668341708543,-0.001633165829145744,-0.001633165829145744,0.542713567839196,-0.0022864321608039306,-0.0022864321608039306,0.4321608040201005,-0.002839195979899567,-0.002839195979899567,0.4382978723404255,0.12127659574468086,0.19999999999999996,0.4017094017094017,0.4522613065326633,0.14070351758793964,0.21943048576214397,0.40909090909090906,0.4382978723404255,0.12127659574468086,0.19999999999999996,0.4017094017094017,18.0,0.0,0.0,29.0,0.0,0.0,37.0,0.0,0.0,-0.00011354139381072356,0.00025349582387542547,0.00015179679977617573,5.923247650940766e-05,-2.987576684176929e-05,-5.7128588733412755e-05,0.04680851063829787,0.14841259056894673,11,-0.5380344390869141
117,1,test,1.8907988592182072,0.882977435821175,1.217695158749415,3.349748596269293,1.5642871856831928,2.157274756549889,6.624658737456474,3.8850327137206473,4.664346627245234,11.736278133642024,6.882743140974233,8.26337951863816,1.9302466477490359,0.8404544440413644,1.2014190591532516,3.0397585003921823,1.3235503055769517,1.891998518351577,6.891209733353633,3.9175536397061275,4.818560548256326,10.852298792682886,6.1693758105608305,7.588284327962718,1.8907988592182072,0.882977435821175,1.217695158749415,3.349748596269293,1.5642871856831928,2.157274756549889,6.624658737456474,3.8850327137206473,4.664346627245234,11.736278133642024,6.882743140974233,8.26337951863816,0.4824120603015075,-0.0025879396984924696,-0.0025879396984924696,0.35678391959798994,-0.0032160804020100464,-0.0032160804020100464,0.2160804020100503,-0.003919597989949675,-0.003919597989949675,0.3706293706293706,0.10884926591732869,0.16481541714099857,0.28771929824561404,0.3668341708542714,0.1212201357665521,0.1698391792015168,0.25757575757575757,0.3706293706293706,0.10884926591732869,0.16481541714099857,0.28771929824561404,12.0,0.0,0.0,19.0,0.0,0.0,24.0,0.0,0.0,-0.00015150740330681232,0.00042511947600452427,0.00018321432569155986,-0.009645251621501316,-0.010334984680673287,-0.011163281162144045,0.03496503496503497,0.9306242182950957,10,-0.5499341487884521
586,1,test,1.8392024566523795,0.8556966130870619,1.178519396371748,3.0171186367555887,1.4037270282102363,1.9333014816884855,6.2915185008277925,3.6177046986407606,4.355404135168742,10.320917990121997,5.9346616404668655,7.144820266681307,1.8392024566523795,0.8556966130870619,1.178519396371748,3.0171186367555887,1.4037270282102363,1.9333014816884855,6.2915185008277925,3.6177046986407606,4.355404135168742,10.320917990121997,5.9346616404668655,7.144820266681307,1.8392024566523795,0.8556966130870619,1.178519396371748,3.0171186367555887,1.4037270282102363,1.9333014816884855,6.2915185008277925,3.6177046986407606,4.355404135168742,10.320917990121997,5.9346616404668655,7.144820266681307,0.5862068965517242,0.15120689655172415,0.15120689655172415,0.37241379310344824,0.09241379310344822,0.09241379310344822,0.24137931034482762,0.05637931034482757,0.05637931034482757,0.3931034482758621,0.09310344827586203,0.1701149425287356,0.33333333333333337,0.3931034482758621,0.09310344827586203,0.1701149425287356,0.33333333333333337,0.3931034482758621,0.09310344827586203,0.1701149425287356,0.33333333333333337,13.0,0.0,0.0,24.0,-2.0,-2.0,29.0,-2.0,-2.0,0.00024029695189506855,9.113249169552148e-05,0.0001390673232515334,-0.0001555779707667071,-9.537085201571927e-07,5.453719577896976e-05,0.9172413793103448,-0.3277825513728529,133,-0.3937034606933594
372,1,test,2.4750386075857675,1.1838496533934124,1.6118145745197803,3.800381861970404,1.8177820484363363,2.474915282165856,11.88216584598106,8.245057504729473,9.511373949042879,18.24487400866769,12.660152813713642,14.604561289498097,2.515752697614608,1.1830149635386655,1.625178151013055,3.7270410335031223,1.7526147607980227,2.4076713348341547,12.375920600094101,8.584511538445371,9.93939145133898,18.334697185324593,12.71779487177092,14.725024372354042,2.4750386075857675,1.1838496533934124,1.6118145745197803,3.800381861970404,1.8177820484363363,2.474915282165856,11.88216584598106,8.245057504729473,9.511373949042879,18.24487400866769,12.660152813713642,14.604561289498097,0.6733668341708543,-0.001633165829145744,-0.001633165829145744,0.4723618090452262,-0.0026381909547738003,-0.0026381909547738003,0.321608040201005,-0.0033919597989949812,-0.0033919597989949812,0.3966244725738397,0.08715078836331336,0.15819530006332072,0.36016949152542377,0.39698492462311563,0.07868918527474467,0.15825370592528587,0.36868686868686873,0.3966244725738397,0.08715078836331336,0.15819530006332072,0.36016949152542377,23.0,1.0,1.0,35.0,1.0,1.0,46.0,0.0,0.0,0.000127842121466061,-1.3660884953517304e-05,7.787426096815436e-05,4.537263278781012e-05,-4.0869005880850295e-05,-6.618974063954397e-05,0.9535864978902954,-0.2570627015259664,226,-0.4581027030944824
10,1,test,2.599511955967173,1.2339630958329038,1.681391996604153,4.7166402500022935,2.238943349140114,3.0507731072405253,13.457168741176883,9.539295914995375,10.952591487311743,24.417130911826096,17.30841320658955,19.87274331718419,2.599511955967173,1.2339630958329038,1.681391996604153,4.7166402500022935,2.238943349140114,3.0507731072405253,13.457168741176883,9.539295914995375,10.952591487311743,24.417130911826096,17.30841320658955,19.87274331718419,2.599511955967173,1.2339630958329038,1.681391996604153,4.7166402500022935,2.238943349140114,3.0507731072405253,13.457168741176883,9.539295914995375,10.952591487311743,24.417130911826096,17.30841320658955,19.87274331718419,0.6971428571428571,0.062142857142857055,0.062142857142857055,0.5142857142857142,0.049285714285714266,0.049285714285714266,0.3828571428571429,0.03785714285714292,0.03785714285714292,0.4342857142857143,0.10949938949938953,0.1876063973976687,0.38505747126436785,0.4342857142857143,0.10949938949938953,0.1876063973976687,0.38505747126436785,0.4342857142857143,0.10949938949938953,0.1876063973976687,0.38505747126436785,17.0,-4.0,-4.0,27.0,-2.0,-2.0,37.0,-3.0,-3.0,0.00012749381167920308,2.435591740022524e-05,8.398913364103902e-05,-3.313611914457226e-05,1.8306265836542934e-05,3.5847361882446194e-05,0.9257142857142857,-0.345498157337179,162,-0.788226842880249
628,1,test,3.278960051832775,1.5707907583850254,2.1388928216831156,5.0577423021734305,2.4229190782932415,3.2992072282170932,26.54814963952714,21.029300808438858,23.421171054169356,40.95008702567585,32.43735288099066,36.1267736521828,3.326289551361112,1.597272145887829,2.170053026260713,5.0398326535774425,2.4201093119512564,3.2879591306980496,27.834870003216775,22.199755848334508,24.656919398531787,42.174045459419354,33.63599370959774,37.35896878565422,3.278960051832775,1.5707907583850254,2.1388928216831156,5.0577423021734305,2.4229190782932415,3.2992072282170932,26.54814963952714,21.029300808438858,23.421171054169356,40.95008702567585,32.43735288099066,36.1267736521828,0.6934673366834171,-0.0015326633165829717,-0.0015326633165829717,0.542713567839196,-0.0022864321608039306,-0.0022864321608039306,0.4321608040201005,-0.002839195979899567,-0.002839195979899567,0.4,0.10700636942675157,0.1694483734087695,0.36752136752136755,0.3919597989949749,0.09872671628820795,0.15823692754255425,0.3535353535353535,0.4,0.10700636942675157,0.1694483734087695,0.36752136752136755,21.0,0.0,0.0,29.0,1.0,1.0,39.0,0.0,0.0,0.00048454507023701045,0.00023671703884096775,-3.814051250725571e-05,5.923247650940766e-05,-2.987576684176929e-05,-5.7128588733412755e-05,0.0425531914893617,1.3218906511885455,10,-0.41424560546875
927,1,test,2.7760451506363184,1.3412760843686142,1.8124933731419002,4.3354285377221515,2.094708946575675,2.830622366696918,16.05539853973415,11.856723258666692,13.43440940859721,25.07417179353543,18.5169813854486,20.980898644290704,2.8553178183016037,1.363754743649923,1.8556678535324096,4.198996791620005,2.0055216818381223,2.7289233140182496,17.37995999935657,12.935923545633681,14.66262949879589,25.558764704936127,19.02341697887306,21.562690439405717,2.7760451506363184,1.3412760843686142,1.8124933731419002,4.3354285377221515,2.094708946575675,2.830622366696918,16.05539853973415,11.856723258666692,13.43440940859721,25.07417179353543,18.5169813854486,20.980898644290704,0.7035175879396984,-0.001482412060301641,-0.001482412060301641,0.5025125628140703,-0.0024874371859296973,-0.0024874371859296973,0.37688442211055273,-0.003115577889447274,-0.003115577889447274,0.4087301587301587,0.08793807952223798,0.17654018511538294,0.38247011952191234,0.40201005025125625,0.07118298258208333,0.1616093824716235,0.3737373737373737,0.4087301587301587,0.08793807952223798,0.17654018511538294,0.38247011952191234,20.0,-7.0,-7.0,30.0,-9.0,-9.0,41.0,-14.0,-14.0,0.00034669490408282,0.00015474282207629227,0.0002099360184689596,-5.857619511928647e-05,-0.00012331829868550415,0.00012440840417138332,0.9523809523809523,0.45526519351167777,240,-0.38312363624572754
669,1,test,2.828676998677884,1.3549713768165492,1.8459940906182113,4.38528623463672,2.1006065131712184,2.8618369925560434,16.92305678102376,12.55767512117221,14.25144245001444,26.235744832119675,19.468111726314312,22.0939522006141,2.79993925983783,1.3262207751742487,1.8165779712947905,3.9159989648081543,1.8548542310129355,2.5406684913213855,16.443647950919903,12.0782101396662,13.770220634011746,22.9981090222656,16.892601593938743,19.259049837778665,2.828676998677884,1.3549713768165492,1.8459940906182113,4.38528623463672,2.1006065131712184,2.8618369925560434,16.92305678102376,12.55767512117221,14.25144245001444,26.235744832119675,19.468111726314312,22.0939522006141,0.6030150753768844,-0.0019849246231156137,-0.0019849246231156137,0.48743718592964824,-0.002562814070351749,-0.002562814070351749,0.40703517587939697,-0.00296482412060306,-0.00296482412060306,0.4291187739463601,0.14996007413756474,0.2227493471947678,0.41538461538461535,0.42713567839195976,0.15144645533431567,0.2217934413301902,0.40909090909090906,0.4291187739463601,0.14996007413756474,0.2227493471947678,0.41538461538461535,23.0,-5.0,-5.0,36.0,-9.0,-9.0,45.0,-8.0,-8.0,0.0002741644315740764,-2.3995336380910322e-05,-2.193732279783747e-05,-0.00012094549186336678,-0.00017278787436758591,9.286739145242251e-05,0.9578544061302682,-0.6831460459167937,250,-0.48973822593688965
63,1,test,3.3615932473558336,1.6170116122813751,2.1970965506279434,5.099689755931862,2.4530801163586773,3.3330953353276187,28.83509574067662,23.111589280569603,25.6307860029663,43.74415092477647,35.06133146540957,38.88306740222728,3.169599376152616,1.4986078129451585,2.052863189483862,4.7663148513573175,2.2535455833761784,3.087012315013326,23.79794842073843,18.480510661099082,20.74308102305247,35.786388602614174,27.790241595637713,31.19260304218416,3.3615932473558336,1.6170116122813751,2.1970965506279434,5.099689755931862,2.4530801163586773,3.3330953353276187,28.83509574067662,23.111589280569603,25.6307860029663,43.74415092477647,35.06133146540957,38.88306740222728,0.7236180904522613,-0.0013819095477386467,-0.0013819095477386467,0.5628140703517588,-0.0021859296482411583,-0.0021859296482411583,0.39698492462311563,-0.0030150753768843908,-0.0030150753768843908,0.4135338345864662,0.09458449124687895,0.16603383458646614,0.4339622641509434,0.3919597989949749,0.08368912230324554,0.14988968213353915,0.398989898989899,0.4135338345864662,0.09458449124687895,0.16603383458646614,0.4339622641509434,22.0,-6.0,-6.0,31.0,-4.0,-4.0,38.0,-4.0,-4.0,-0.0002772311258680252,-0.0005046871324039037,-8.665425630851758e-05,-0.00015559510116602837,0.0002314721571865519,7.534460660885145e-05,0.9586466165413534,0.555022705652167,255,-0.14043688774108887
735,1,test,2.9483067506148903,1.4377270060100067,1.940271245196086,4.507181584273338,2.197904503440585,2.966161788633097,19.073629957654653,14.544274054711881,16.33341736645623,29.158537751357112,22.234349991685978,24.969477123433087,2.845426292849843,1.3639548853791605,1.8504460104079596,4.123806221521511,1.9767462106944356,2.681805812185449,17.208893133596007,12.809478881799347,14.504222122350173,24.940424831298564,18.564462147535288,21.020611771521995,2.9483067506148903,1.4377270060100067,1.940271245196086,4.507181584273338,2.197904503440585,2.966161788633097,19.073629957654653,14.544274054711881,16.33341736645623,29.158537751357112,22.234349991685978,24.969477123433087,0.6633165829145728,-0.0016834170854271857,-0.0016834170854271857,0.4723618090452262,-0.0026381909547738003,-0.0026381909547738003,0.33668341708542715,-0.0033165829145728187,-0.0033165829145728187,0.369811320754717,0.06660981416337997,0.1414549844937384,0.375,0.3517587939698492,0.05351317993476146,0.11970537159923156,0.33838383838383834,0.369811320754717,0.06660981416337997,0.1414549844937384,0.375,16.0,-1.0,-1.0,26.0,-1.0,-1.0,36.0,-2.0,-2.0,-0.00029441049754393796,-0.00010371583282238695,3.464099286844984e-05,-0.004824194220867994,-0.005009147486194188,-0.0055054181511122735,0.03773584905660377,-0.42605537740355215,10,-0.14266133308410645
500,1,test,3.3687948380545976,1.6273251759549756,2.206876082259792,5.043567128973169,2.436338263429735,3.30400876315466,29.043503832127076,23.337781083877857,25.847443977227677,43.482274308670256,34.93999225129142,38.69731612590658,3.18147248018411,1.511836989297855,2.064350516813992,4.35818147970426,2.071009574380623,2.82787742029314,24.08218800202238,18.771956185554284,21.026141880321127,32.98929863290737,25.715008473362033,28.80293408263168,3.3687948380545976,1.6273251759549756,2.206876082259792,5.043567128973169,2.436338263429735,3.30400876315466,29.043503832127076,23.337781083877857,25.847443977227677,43.482274308670256,34.93999225129142,38.69731612590658,0.6834170854271358,-0.0015829145728643024,-0.0015829145728643024,0.542713567839196,-0.0022864321608039306,-0.0022864321608039306,0.4321608040201005,-0.002839195979899567,-0.002839195979899567,0.4176245210727969,0.12508150004029217,0.19851624081801988,0.41538461538461535,0.4120603015075377,0.10880215614412914,0.18501522638232903,0.3939393939393939,0.4176245210727969,0.12508150004029217,0.19851624081801988,0.41538461538461535,19.0,0.0,0.0,31.0,1.0,1.0,42.0,0.0,0.0,-0.0005035196366414661,-0.0005871395616027333,-8.287790196026194e-05,-0.00012094549186336678,-0.00017278787436758591,9.286739145242251e-05,0.038314176245210725,0.9009466001452544,10,-0.550224781036377
1,1,test,2.5834293713511634,1.2271443236558355,1.6787643628132445,3.787072601185228,1.798882019904577,2.4609159409421424,13.242473739017877,9.360727757340568,10.771369753365752,19.412262640151205,13.721975917010603,15.789848843002067,2.424252354267466,1.140161660646499,1.5680964890222628,3.463217648953523,1.6288023723521414,2.2401378414603754,11.29378251372605,7.682399903220454,8.939688689873964,16.133975019608645,10.97485700460065,12.770983842677094,2.5834293713511634,1.2271443236558355,1.6787643628132445,3.787072601185228,1.798882019904577,2.4609159409421424,13.242473739017877,9.360727757340568,10.771369753365752,19.412262640151205,13.721975917010603,15.789848843002067,0.5678391959798995,-0.0021608040201005485,-0.0021608040201005485,0.4120603015075377,-0.0029396984924623393,-0.0029396984924623393,0.3316582914572864,-0.0033417085427135396,-0.0033417085427135396,0.39688715953307396,0.1231007517660837,0.18602040662233654,0.375,0.371859296482412,0.10368887041724906,0.16651705942064243,0.33838383838383834,0.39688715953307396,0.1231007517660837,0.18602040662233654,0.375,19.0,-4.0,-4.0,29.0,-8.0,-8.0,37.0,-8.0,-8.0,-0.0003848171843784743,-6.342350241571765e-05,0.000161809757421705,-0.004768754845984269,-0.005395294564718434,-0.005477381695361494,0.038910505836575876,-0.37762500719054737,10,-0.4398918151855469
42,1,test,3.222589310745688,1.5751066381411807,2.118521474976092,4.592189767812606,2.244526959351183,3.0188931018409315,25.093009735222804,19.89912109669261,22.07659836812952,35.7575388726925,28.356247562786972,31.459152674584573,3.222589310745688,1.5751066381411807,2.118521474976092,4.592189767812606,2.244526959351183,3.0188931018409315,25.093009735222804,19.89912109669261,22.07659836812952,35.7575388726925,28.356247562786972,31.459152674584573,3.222589310745688,1.5751066381411807,2.118521474976092,4.592189767812606,2.244526959351183,3.0188931018409315,25.093009735222804,19.89912109669261,22.07659836812952,35.7575388726925,28.356247562786972,31.459152674584573,0.6705882352941177,0.08558823529411774,0.08558823529411774,0.5529411764705883,0.07294117647058829,0.07294117647058829,0.43529411764705883,0.05529411764705883,0.05529411764705883,0.41764705882352937,0.11764705882352933,0.19215686274509802,0.33136094674556216,0.41764705882352937,0.11764705882352933,0.19215686274509802,0.33136094674556216,0.41764705882352937,0.11764705882352933,0.19215686274509802,0.33136094674556216,23.0,1.0,1.0,31.0,3.0,3.0,41.0,3.0,3.0,0.0003592087639578634,0.0003015406980934437,0.00025673696932431166,1.603245893644356e-05,5.383551025239797e-05,6.361048754932597e-05,0.9294117647058824,-0.5033658160689604,158,-0.449108362197876
634,1,test,2.572890307628672,1.2221325555478082,1.6682407057352808,4.347858937575034,2.0652493185523086,2.8191156229830376,13.10364332076166,9.243293710118106,10.632577406236958,22.14349852305926,15.619996332921101,17.967709920666252,2.549696065304712,1.1950919581136412,1.643743318065176,4.079513704487539,1.912147132981826,2.6299893089042814,12.803211850953824,8.927985372340865,10.328923679303903,20.48513896152612,14.284776595745384,16.526277886886245,2.572890307628672,1.2221325555478082,1.6682407057352808,4.347858937575034,2.0652493185523086,2.8191156229830376,13.10364332076166,9.243293710118106,10.632577406236958,22.14349852305926,15.619996332921101,17.967709920666252,0.6281407035175879,-0.0018592964824121205,-0.0018592964824121205,0.457286432160804,-0.0027135678391959628,-0.0027135678391959628,0.321608040201005,-0.0033919597989949812,-0.0033919597989949812,0.37969924812030076,0.0864661654135338,0.15914786967418548,0.3509433962264151,0.37688442211055273,0.08291457286432158,0.15577889447236182,0.33333333333333337,0.37969924812030076,0.0864661654135338,0.15914786967418548,0.3509433962264151,20.0,-7.0,-7.0,29.0,-12.0,-12.0,39.0,-14.0,-14.0,-0.00045612160383434985,-1.998046063625647e-06,5.150950061046249e-05,-0.00015559510116602837,0.0002314721571865519,7.534460660885145e-05,0.03759398496240601,0.5166193006496589,10,-0.5058693885803223
529,1,test,3.375206837913538,1.6422188991859814,2.2181396494498236,5.3216451370784,2.589265380925136,3.4973122080282497,29.230329096295517,23.572796055256212,26.049737587773613,46.08708329906717,37.16692384172299,41.072285644526495,3.368241259473699,1.6294459735624123,2.203240710045817,4.989987051072146,2.4139940349072773,3.2640603111789877,29.027430419850212,23.336946534347593,25.821505775223493,43.00360062200031,34.5732541249594,38.254082629960735,3.375206837913538,1.6422188991859814,2.2181396494498236,5.3216451370784,2.589265380925136,3.4973122080282497,29.230329096295517,23.572796055256212,26.049737587773613,46.08708329906717,37.16692384172299,41.072285644526495,0.7487437185929648,-0.0012562814070351536,-0.0012562814070351536,0.5678391959798995,-0.0021608040201005485,-0.0021608040201005485,0.44723618090452266,-0.0027638190954772934,-0.0027638190954772934,0.4140625,0.11386756822612087,0.17510146103896107,0.3803921568627451,0.42211055276381915,0.12135867306457104,0.1817098849841864,0.3787878787878788,0.4140625,0.11386756822612087,0.17510146103896107,0.3803921568627451,22.0,-3.0,-3.0,33.0,-5.0,-5.0,42.0,-8.0,-8.0,0.0001076628378219563,-4.241991843749743e-05,0.00012349246906085497,-8.629588256159337e-05,-0.00014530477676810705,0.00011039017629776993,0.94140625,-0.33757157173735036,241,-0.13913941383361816
167,1,test,2.7212069306535125,1.3157490438578965,1.7826077608439963,4.223313156374251,2.0420425160674553,2.7666072448298826,15.19865490209906,11.121261603648197,12.642257072442046,23.58831240805774,17.260198008861998,19.620782976430057,2.7212069306535125,1.3157490438578965,1.7826077608439963,4.223313156374251,2.0420425160674553,2.7666072448298826,15.19865490209906,11.121261603648197,12.642257072442046,23.58831240805774,17.260198008861998,19.620782976430057,2.7212069306535125,1.3157490438578965,1.7826077608439963,4.223313156374251,2.0420425160674553,2.7666072448298826,15.19865490209906,11.121261603648197,12.642257072442046,23.58831240805774,17.260198008861998,19.620782976430057,0.6787564766839378,0.0037564766839377484,0.0037564766839377484,0.5284974093264249,-0.001502590673575166,-0.001502590673575166,0.3523316062176166,0.0073316062176166374,0.0073316062176166374,0.3886010362694301,0.08627545487408128,0.15107952163948168,0.34895833333333337,0.3886010362694301,0.08627545487408128,0.15107952163948168,0.34895833333333337,0.3886010362694301,0.08627545487408128,0.15107952163948168,0.34895833333333337,17.0,1.0,1.0,29.0,1.0,1.0,39.0,1.0,1.0,-0.00019089208022342202,-3.50067117055826e-05,-1.7336440070031195e-05,-0.0002101430002401372,-0.00010959901406604189,-6.409989052702514e-05,0.05181347150259067,0.48023404658080243,10,-0.47684526443481445
809,1,test,3.1792590736555444,1.5640010160276727,2.0995347159077173,4.985656274596195,2.452637956952487,3.2924521681280114,24.028943277724647,18.999757701997833,21.085075292906392,37.68175195825002,29.79507457813297,33.06523170933048,3.1879709334985527,1.5252354306318536,2.0754243590268766,4.58700853740799,2.194583353427128,2.986222099319247,24.239194573871224,18.96547717392921,21.197099112483034,34.8765389552104,27.288456365365775,30.49942318342883,3.1792590736555444,1.5640010160276727,2.0995347159077173,4.985656274596195,2.452637956952487,3.2924521681280114,24.028943277724647,18.999757701997833,21.085075292906392,37.68175195825002,29.79507457813297,33.06523170933048,0.6683417085427136,-0.0016582914572863539,-0.0016582914572863539,0.5376884422110553,-0.0023115577889447625,-0.0023115577889447625,0.44221105527638194,-0.0027889447236180143,-0.0027889447236180143,0.42181818181818187,0.12181818181818183,0.19151515151515153,0.3795620437956204,0.4321608040201005,0.1306532663316583,0.20268006700167507,0.3787878787878788,0.42181818181818187,0.12181818181818183,0.19151515151515153,0.3795620437956204,25.0,-5.0,-5.0,39.0,-7.0,-7.0,47.0,-6.0,-6.0,-0.00019695290241920454,-1.0189097963821148e-05,9.617268913978025e-05,-0.0002179643979092205,0.00019661043173790915,4.380359388900246e-05,0.03636363636363636,0.8869615838069274,10,-0.3483102321624756
821,1,test,1.192251317987541,0.5387259711709731,0.7545048991062291,2.1591380575749977,0.9756195941327988,1.3663899697228659,3.2944898088615266,1.3721841168461186,1.7452778021697575,5.966240690438252,2.484991967703032,3.160655531978158,0.9075288275718763,0.36445095110712555,0.5418785362312195,1.452046124115002,0.5831215217714009,0.8670056579699511,2.478190923290973,0.756894267481989,1.0367398567086914,3.965105477265557,1.2110308279711823,1.6587837707339066,1.192251317987541,0.5387259711709731,0.7545048991062291,2.1591380575749977,0.9756195941327988,1.3663899697228659,3.2944898088615266,1.3721841168461186,1.7452778021697575,5.966240690438252,2.484991967703032,3.160655531978158,0.25125628140703515,-0.003743718592964851,-0.003743718592964851,0.16582914572864327,-0.004170854271356772,-0.004170854271356772,0.10050251256281406,-0.004497487437185921,-0.004497487437185921,0.29391891891891897,0.11010778907068963,0.15796386273914365,0.29491525423728815,0.25125628140703515,0.09336154456492984,0.13439484568082483,0.24747474747474751,0.29391891891891897,0.11010778907068963,0.15796386273914365,0.29491525423728815,14.0,-3.0,-3.0,20.0,-5.0,-5.0,25.0,-7.0,-7.0,-0.0018202627380168165,-0.0005646220444510637,6.459509518699807e-05,-0.06461397579073802,-0.05831997401486255,-0.06530945282947309,0.033783783783783786,0.4856019986736132,10,-1.402800440788269
76,1,test,2.4597936025154814,1.1959366504249482,1.6169510441137667,4.316856322295381,2.0988292209444452,2.8376955409943587,11.702395945617114,8.16335082050584,9.379435193268534,20.537317388003547,14.326410380357935,16.460598186862,2.6092846432832966,1.2601513152586075,1.7097166424325478,4.277515808661142,2.065821828292799,2.802814167922209,13.58932615819044,9.735242301820858,11.13078536400847,22.27758386588597,15.959413609542391,18.247189121325363,2.4597936025154814,1.1959366504249482,1.6169510441137667,4.316856322295381,2.0988292209444452,2.8376955409943587,11.702395945617114,8.16335082050584,9.379435193268534,20.537317388003547,14.326410380357935,16.460598186862,0.6432160804020101,-0.001783919597989958,-0.001783919597989958,0.457286432160804,-0.0027135678391959628,-0.0027135678391959628,0.35678391959798994,-0.0032160804020100464,-0.0032160804020100464,0.3787878787878788,0.08578220771037404,0.15712541027402493,0.33840304182509506,0.3919597989949749,0.0962204506240476,0.16658417295156924,0.3484848484848485,0.3787878787878788,0.08578220771037404,0.15712541027402493,0.33840304182509506,21.0,-4.0,-4.0,33.0,-1.0,-1.0,43.0,-4.0,-4.0,0.0002633400477044588,0.0004315237965266496,0.00024357951903184597,-0.005797198822591554,-0.005420527231741801,-0.005490654990683019,0.9242424242424242,-0.13187941712464654,244,-0.42078113555908203
313,1,test,2.445259833044363,1.1828366260325558,1.6005356453660904,3.85749545854592,1.865972217537989,2.524909173171105,11.533546005910223,7.999571333593518,9.206210187766622,18.194631399697943,12.619644617166243,14.523165804230766,2.402247831593946,1.1427061985019134,1.5582818811326453,3.639769441809009,1.731373028033202,2.361033153231281,11.04798249431375,7.524176573205471,8.722410679952684,16.739367415626894,11.400267535159806,13.215773757504067,2.445259833044363,1.1828366260325558,1.6005356453660904,3.85749545854592,1.865972217537989,2.524909173171105,11.533546005910223,7.999571333593518,9.206210187766622,18.194631399697943,12.619644617166243,14.523165804230766,0.5979899497487438,-0.0020100502512562235,-0.0020100502512562235,0.39698492462311563,-0.0030150753768843908,-0.0030150753768843908,0.29648241206030146,-0.0035175879396985854,-0.0035175879396985854,0.3537414965986394,0.09228139473106722,0.14446547849909186,0.33105802047781574,0.3467336683417085,0.06853817961990394,0.1347136349527268,0.303030303030303,0.3537414965986394,0.09228139473106722,0.14446547849909186,0.33105802047781574,22.0,-7.0,-7.0,32.0,-8.0,-8.0,36.0,-4.0,-4.0,0.00012558800768346838,0.0004212461252607628,7.624474078365883e-05,-0.0003496329132595122,0.00012301345579235345,-2.278298851532412e-05,0.9591836734693877,-0.3792725166154259,282,-0.3099706172943115
296,1,test,2.6977477490134225,1.295683022190629,1.7618108705241726,4.468144709303481,2.1459750055032294,2.917999254305661,14.846256545818617,10.78267504902336,12.296655540337103,24.589112404012084,17.85880554994494,20.366335738683325,2.8381528212962643,1.3454514985737238,1.8423179023788219,4.65270954310863,2.2056581943831537,3.0201932825882327,17.084178841664468,12.635081092062617,14.377195331885993,28.006850560105686,20.71324769190593,23.56917267522294,2.6977477490134225,1.295683022190629,1.7618108705241726,4.468144709303481,2.1459750055032294,2.917999254305661,14.846256545818617,10.78267504902336,12.296655540337103,24.589112404012084,17.85880554994494,20.366335738683325,0.6733668341708543,-0.001633165829145744,-0.001633165829145744,0.5326633165829145,-0.0023366834170853723,-0.0023366834170853723,0.4120603015075377,-0.0029396984924623393,-0.0029396984924623393,0.41287878787878785,0.12176347596952508,0.19247576520876264,0.37262357414448666,0.42211055276381915,0.10882734474376898,0.1917265794750045,0.3939393939393939,0.41287878787878785,0.12176347596952508,0.19247576520876264,0.37262357414448666,23.0,-8.0,-8.0,34.0,-8.0,-8.0,44.0,-10.0,-10.0,0.0002435088145255123,0.0003943563425996772,0.00017204707684133133,-0.000141735257445319,-0.00018927773293242467,8.23537205478786e-05,0.9583333333333334,0.3110384493369252,253,-0.20126867294311523
502,1,test,3.283126480835142,1.611355709144095,2.1677824926575644,5.446127456444177,2.672954764580205,3.5959686054672546,26.65899136689528,21.337408599939955,23.608373991867104,44.222562149790996,35.39499544225334,39.162126268861904,3.2929931782113124,1.6093366791539774,2.168003183569306,5.159886948535836,2.5217165287530823,3.3971073506322202,26.923329494745204,21.53811846081241,23.843143464345268,42.18694936578186,33.748705304737555,37.360516137044954,3.283126480835142,1.611355709144095,2.1677824926575644,5.446127456444177,2.672954764580205,3.5959686054672546,26.65899136689528,21.337408599939955,23.608373991867104,44.222562149790996,35.39499544225334,39.162126268861904,0.7424242424242424,0.00242424242424244,0.00242424242424244,0.5555555555555556,0.0005555555555556424,0.0005555555555556424,0.4040404040404041,-0.000959595959595938,-0.000959595959595938,0.4092526690391459,0.08953686086863077,0.1678325506959507,0.37857142857142856,0.38888888888888884,0.07150853624405262,0.1472781506338553,0.3451776649746193,0.4092526690391459,0.08953686086863077,0.1678325506959507,0.37857142857142856,26.0,1.0,1.0,37.0,0.0,0.0,45.0,0.0,0.0,-0.00028851914427437787,0.0005490403487688197,0.000150031732025554,-0.00025954392907312496,0.0001733692814402943,2.277625207813827e-05,0.9572953736654805,-0.4859832057442189,269,-0.2549092769622803
490,1,test,1.9368743817729475,0.9232957214111626,1.2607645228227988,3.4971343004233773,1.6670617192145991,2.2763803884300535,6.937034528100115,4.1815903373750825,4.970820542470834,12.525201231291874,7.550093664705008,8.975092646127894,1.9266246681302381,0.8961732290112459,1.2368567141357354,3.4099551648322803,1.5861473079845063,2.1891269276738683,6.866295059608237,4.06396442874875,4.873042106418739,12.152734618775641,7.192857396015487,8.624853285696883,1.903677972706188,0.8985556456899695,1.2330256430503008,3.4403818783846773,1.6238957452228364,2.2283595958740374,6.710530256709254,3.9782887773772306,4.755017713226803,12.127464319354074,7.189678513332344,8.593405505831571,0.44723618090452266,-0.0027638190954772934,-0.0027638190954772934,0.3266331658291457,-0.0033668341708542604,-0.0033668341708542604,0.24623115577889443,-0.0037688442211055717,-0.0037688442211055717,0.31481481481481477,0.07906751127090106,0.1310365807285725,0.2941176470588235,0.3316582914572864,0.10358811601868989,0.15135779062256194,0.29292929292929293,0.31438127090301005,0.08566674669599839,0.13529339548587993,0.28859060402684567,21.0,-10.0,-10.0,29.0,-10.0,-10.0,36.0,-13.0,-13.0,0.0002890682595069107,0.00022260705713568861,-0.00019967711232656026,-0.043780042106662975,-0.04568199873504142,-0.042945092153432896,0.030864197530864196,0.5271913149924742,10,-0.9099369049072266
720,1,test,2.5466319715520713,1.233077138359058,1.6694056121635823,4.132558468806056,2.0009814640437407,2.7090354544690465,12.764041650736807,9.04466966426235,10.359819648598696,20.712905912273502,14.67727831745567,16.81144386089968,2.4854599592284345,1.1571128378288456,1.5922719363655984,3.9141101720132827,1.822224941462749,2.507514860418265,12.006641550532072,8.231842606590552,9.563736262371489,18.908096929971766,12.96353166392213,15.061001987986597,2.5466319715520713,1.233077138359058,1.6694056121635823,4.132558468806056,2.0009814640437407,2.7090354544690465,12.764041650736807,9.04466966426235,10.359819648598696,20.712905912273502,14.67727831745567,16.81144386089968,0.5879396984924623,-0.002060301507537776,-0.002060301507537776,0.42211055276381915,-0.0028894472361808976,-0.0028894472361808976,0.321608040201005,-0.0033919597989949812,-0.0033919597989949812,0.3666666666666667,0.06537276648182377,0.14745484400656816,0.3234200743494424,0.3467336683417085,0.058513116963262335,0.13304418587092381,0.28787878787878785,0.3666666666666667,0.06537276648182377,0.14745484400656816,0.3234200743494424,18.0,0.0,0.0,29.0,0.0,0.0,35.0,0.0,0.0,0.0001248390165775274,0.0002796759474408029,0.00028636632559737055,-0.0001833147886074471,0.00021597805698636563,6.13263787334617e-05,0.040740740740740744,0.43035191796167205,11,-0.40294456481933594
837,1,test,2.9753042605184272,1.409745069725312,1.9294257420337508,4.36170258086471,2.066641987031871,2.828477527588745,19.595584505363103,14.81023439378012,16.749686905967618,28.726511316762664,21.71133837831641,24.55451483597347,3.0369851214187595,1.4438062457693364,1.9718130984209865,4.307780314069163,2.0479521216586334,2.796898011944662,20.8423113786489,15.922949239182735,17.940973340648025,29.5635622392183,22.585743601677635,25.448189135670958,2.9753042605184272,1.409745069725312,1.9294257420337508,4.36170258086471,2.066641987031871,2.828477527588745,19.595584505363103,14.81023439378012,16.749686905967618,28.726511316762664,21.71133837831641,24.55451483597347,0.7236180904522613,-0.0013819095477386467,-0.0013819095477386467,0.5728643216080402,-0.0021356783919597166,-0.0021356783919597166,0.4371859296482412,-0.002814070351758735,-0.002814070351758735,0.4229390681003584,0.10272439904848008,0.18217625522789116,0.42086330935251803,0.4321608040201005,0.10133373635092757,0.18174344174964974,0.43939393939393945,0.4229390681003584,0.10272439904848008,0.18217625522789116,0.42086330935251803,29.0,-10.0,-10.0,41.0,-11.0,-11.0,50.0,-12.0,-12.0,0.00028713983425809067,0.00012393810980769292,-4.026601672842693e-06,-0.0002456840853515274,0.00018111633153772289,2.978536601450088e-05,0.035842293906810034,-0.5634929922438112,10,-0.5603492259979248
543,1,test,2.4378078260247538,1.1584235055692027,1.5840443847539343,3.7446738770895704,1.779434044637229,2.4332228178178994,11.447917388903946,7.853491359308858,9.099448823868862,17.58494526749163,12.06361043852598,13.977503863468666,2.521743546219118,1.1669104136043429,1.615985818232644,3.6813774397359382,1.703518851977143,2.359103384281232,12.45028539846072,8.574171292820848,9.97647971359326,18.175599121840467,12.517038383680072,14.564203961450016,2.4378078260247538,1.1584235055692027,1.5840443847539343,3.7446738770895704,1.779434044637229,2.4332228178178994,11.447917388903946,7.853491359308858,9.099448823868862,17.58494526749163,12.06361043852598,13.977503863468666,0.6180904522613065,-0.0019095477386934512,-0.0019095477386934512,0.4723618090452262,-0.0026381909547738003,-0.0026381909547738003,0.31155778894472363,-0.003442211055276312,-0.003442211055276312,0.3872053872053872,0.10653311829782419,0.17667907141591355,0.347972972972973,0.38190954773869346,0.09619526202440776,0.16488116710430278,0.33838383838383834,0.3872053872053872,0.10653311829782419,0.17667907141591355,0.347972972972973,21.0,-11.0,-11.0,28.0,-14.0,-14.0,36.0,-14.0,-14.0,0.0007528776146046441,0.00029062463429046955,0.00012178507301907913,0.0005149329265217162,0.00011139288064487829,-3.329665942342075e-05,0.9629629629629629,0.43209773017975,286,-0.8165640830993652
641,1,test,2.423818990141251,1.1736305848250912,1.5855727700233258,4.091976765709053,1.981364575557654,2.6768199117452616,11.288889253893542,7.797888635311813,8.97658111472163,19.05830126980851,13.164670813732297,15.15458105838299,2.32757407363632,1.0958086310452544,1.5007265748914467,3.5808831902097227,1.6858594323773142,2.30881011521761,10.25303822272584,6.825763367337246,7.966937788830682,15.773904958039752,10.50117441128807,12.256827367431818,2.423818990141251,1.1736305848250912,1.5855727700233258,4.091976765709053,1.981364575557654,2.6768199117452616,11.288889253893542,7.797888635311813,8.97658111472163,19.05830126980851,13.164670813732297,15.15458105838299,0.6180904522613065,-0.0019095477386934512,-0.0019095477386934512,0.42713567839195976,-0.002864321608040288,-0.002864321608040288,0.321608040201005,-0.0033919597989949812,-0.0033919597989949812,0.3776223776223776,0.08617386104297098,0.1473898194828427,0.37192982456140355,0.371859296482412,0.08363874510396585,0.14648367043900634,0.3535353535353535,0.3776223776223776,0.08617386104297098,0.1473898194828427,0.37192982456140355,23.0,-12.0,-12.0,33.0,-17.0,-17.0,39.0,-15.0,-15.0,-0.0004314799061788294,0.00016195840241704548,7.857816542124579e-05,-0.004969722579938107,-0.005090491512242501,-0.005579013847453851,0.9615384615384616,-0.5363367476443641,275,-0.4473295211791992
939,1,test,2.4068976441943657,1.1614348253327706,1.5756283912035989,4.2967580166729045,2.073376243742205,2.812788461333832,11.09947316072754,7.62493064964953,8.803241770739833,19.814615049891383,13.61191323381879,15.715416790728144,2.244289698826422,1.059226537956743,1.4520824470692693,3.903112519698125,1.8421331094899878,2.525360777511773,9.433712399123623,6.162818991709575,7.225447150852881,16.406456346301955,10.717946072538393,12.565995044961532,2.4068976441943657,1.1614348253327706,1.5756283912035989,4.2967580166729045,2.073376243742205,2.812788461333832,11.09947316072754,7.62493064964953,8.803241770739833,19.814615049891383,13.61191323381879,15.715416790728144,0.6030150753768844,-0.0019849246231156137,-0.0019849246231156137,0.44723618090452266,-0.0027638190954772934,-0.0027638190954772934,0.3065326633165829,-0.0034673366834171437,-0.0034673366834171437,0.4083333333333333,0.12143104643104641,0.18534164358264082,0.39748953974895396,0.42713567839195976,0.13139633002103246,0.2050989505121601,0.3939393939393939,0.4083333333333333,0.12143104643104641,0.18534164358264082,0.39748953974895396,13.0,0.0,0.0,19.0,0.0,0.0,26.0,1.0,1.0,-1.2886600385599718e-05,-0.0002224927236440261,-0.0002216044618380374,2.4582867206746073e-05,-5.7358864443912694e-05,-7.978146849918488e-05,0.9416666666666667,-0.6440637378788139,226,-0.422091007232666
617,1,test,2.5738448298606924,1.2482682328248018,1.689031668650971,5.315549105147082,2.5779452634425253,3.4882175765617873,13.116157010979437,9.351801765539282,10.693625284677431,27.087715566153186,19.31350364622243,22.08466091400774,2.9415452075467985,1.4440546040424984,1.9398547646074285,4.985669843299659,2.4475501763432184,3.287889431538015,18.94509781473177,14.47464098028076,16.222216999881724,32.110335279206396,24.53328979708604,27.495283050646993,2.5738448298606924,1.2482682328248018,1.689031668650971,5.315549105147082,2.5779452634425253,3.4882175765617873,13.116157010979437,9.351801765539282,10.693625284677431,27.087715566153186,19.31350364622243,22.08466091400774,0.6482412060301508,-0.0017587939698492372,-0.0017587939698492372,0.4974874371859297,-0.002512562814070307,-0.002512562814070307,0.39698492462311563,-0.0030150753768843908,-0.0030150753768843908,0.37323943661971826,0.11091549295774639,0.16666666666666663,0.2897526501766784,0.40703517587939697,0.12311557788944727,0.18592964824120606,0.31818181818181823,0.37323943661971826,0.11091549295774639,0.16666666666666663,0.2897526501766784,17.0,0.0,0.0,29.0,0.0,0.0,31.0,0.0,0.0,0.0009093703305256194,9.0845495490628e-05,0.00030299041097843265,-0.02073196528653476,-0.015948231736977903,-0.01906604537577916,0.03873239436619718,-0.14000281276999454,11,-0.5535800457000732
290,1,test,2.088597496597558,0.9963240510078282,1.3586265271246116,3.8243913620130954,1.8243501204264962,2.487755330072768,8.073583991140508,5.092540376127042,5.998563623275704,14.783386902696469,9.324854337367757,10.983856364241321,2.269226214173294,1.0253563980529965,1.4353642364829815,3.750787130864949,1.6948039637239614,2.3725028702198045,9.671913927908665,6.202901966315759,7.369721317517962,15.986634591584572,10.252730522835966,12.181357549616468,2.088597496597558,0.9963240510078282,1.3586265271246116,3.8243913620130954,1.8243501204264962,2.487755330072768,8.073583991140508,5.092540376127042,5.998563623275704,14.783386902696469,9.324854337367757,10.983856364241321,0.5025125628140703,-0.0024874371859296973,-0.0024874371859296973,0.37688442211055273,-0.003115577889447274,-0.003115577889447274,0.27135678391959794,-0.0036432160804020786,-0.0036432160804020786,0.3222222222222222,0.08747176011501334,0.13749315818281327,0.32713754646840154,0.3417085427135679,0.07855064797672573,0.1363663056517983,0.36868686868686873,0.3222222222222222,0.08747176011501334,0.13749315818281327,0.32713754646840154,21.0,-1.0,-1.0,27.0,-2.0,-2.0,33.0,-1.0,-1.0,0.0008738183585987848,7.02419951117511e-06,-0.0003525862013107778,-0.09210042267182672,-0.08250429596263764,-0.07706584173629594,0.037037037037037035,0.8496094630637211,10,-0.6651160717010498
779,1,test,3.39168718922362,1.6210892919592699,2.2040978574123677,4.769560109845716,2.279656816817724,3.0995126119861425,29.71604659276506,23.841682014649447,26.43687990401045,41.78819052107586,33.52736533310078,37.17686236501469,3.39168718922362,1.6210892919592699,2.2040978574123677,4.769560109845716,2.279656816817724,3.0995126119861425,29.71604659276506,23.841682014649447,26.43687990401045,41.78819052107586,33.52736533310078,37.17686236501469,3.39168718922362,1.6210892919592699,2.2040978574123677,4.769560109845716,2.279656816817724,3.0995126119861425,29.71604659276506,23.841682014649447,26.43687990401045,41.78819052107586,33.52736533310078,37.17686236501469,0.7238805970149254,0.22388059701492535,0.22388059701492535,0.5746268656716418,0.17962686567164177,0.17962686567164177,0.417910447761194,0.13291044776119398,0.13291044776119398,0.3880597014925373,0.07579204349997226,0.14548544406679476,0.3984962406015038,0.3880597014925373,0.07579204349997226,0.14548544406679476,0.3984962406015038,0.3880597014925373,0.07579204349997226,0.14548544406679476,0.3984962406015038,16.0,3.0,3.0,23.0,4.0,4.0,29.0,4.0,4.0,-4.1428967261104515e-05,2.026504876271683e-05,-4.079383524935373e-05,-1.5738226426087465e-05,9.48436626417859e-05,-9.664159380307069e-06,0.08208955223880597,-0.5394749405506601,11,-0.5194458961486816
910,1,test,2.6046493139887494,1.2545858005590071,1.7036644302083523,4.8045220453981665,2.314202186166277,3.142570198965407,13.526480923261277,9.668810386458365,11.06445419559955,24.950873594934652,17.835035375021175,20.409432401342414,2.62847035677095,1.2524306217014456,1.709798115310219,4.652159923488408,2.2166913658432668,3.0261913545313615,13.852564206646747,9.893373113197757,11.346603337564174,24.51781275512699,17.5103948906155,20.082483783299423,2.6046493139887494,1.2545858005590071,1.7036644302083523,4.8045220453981665,2.314202186166277,3.142570198965407,13.526480923261277,9.668810386458365,11.06445419559955,24.950873594934652,17.835035375021175,20.409432401342414,0.6482412060301508,-0.0017587939698492372,-0.0017587939698492372,0.4522613065326633,-0.0027386934673366836,-0.0027386934673366836,0.33668341708542715,-0.0033165829145728187,-0.0033165829145728187,0.3933823529411765,0.0869603345925527,0.1696659715230836,0.35424354243542433,0.37688442211055273,0.07362627674714417,0.15484769423075306,0.3282828282828283,0.3933823529411765,0.0869603345925527,0.1696659715230836,0.35424354243542433,25.0,-11.0,-11.0,33.0,-7.0,-7.0,40.0,-10.0,-10.0,-0.0001450561530983049,0.00031010222247403917,0.00011131517807998308,-0.00019717463232815646,0.00020823100688893703,5.431726479621091e-05,0.04044117647058824,-0.24831189269696993,11,-0.37760448455810547
212,1,test,2.5931376508094273,1.2336033147195058,1.6856672866509799,3.8684512495681624,1.8402934694995907,2.5146839850039213,13.371661455353674,9.477282047800475,10.893615411328096,19.947888400609582,14.138240431964645,16.251131187391096,2.6898369283848864,1.2769748364377282,1.7472467530600555,3.710119901220533,1.7613446019830734,2.409995521462146,14.7292737981212,10.621578600902343,12.162652984202813,20.316239721546484,14.650453242623922,16.776073081659053,2.5931376508094273,1.2336033147195058,1.6856672866509799,3.8684512495681624,1.8402934694995907,2.5146839850039213,13.371661455353674,9.477282047800475,10.893615411328096,19.947888400609582,14.138240431964645,16.251131187391096,0.6231155778894473,-0.0018844221105527303,-0.0018844221105527303,0.457286432160804,-0.0027135678391959628,-0.0027135678391959628,0.35678391959798994,-0.0032160804020100464,-0.0032160804020100464,0.3897058823529411,0.09796276308688612,0.17332446426003156,0.33579335793357934,0.40703517587939697,0.11630835883679047,0.1916762443268093,0.3484848484848485,0.3897058823529411,0.09796276308688612,0.17332446426003156,0.33579335793357934,23.0,-7.0,-7.0,35.0,-13.0,-13.0,42.0,-12.0,-12.0,5.604259779599156e-05,0.0003233420149711871,0.00012144252208125989,-0.004872703673891365,-0.005036262161542737,-0.004759737852936929,0.9338235294117647,-0.15644196973477967,254,-0.4296712875366211
555,1,test,2.780916562258166,1.3340770571368796,1.81402841077593,4.122586833523071,1.9777107250537953,2.689217556325721,16.13380180702108,11.884139574312314,13.50405347205994,23.917653556022476,17.617715684726146,20.01916698928184,2.780916562258166,1.3340770571368796,1.81402841077593,4.122586833523071,1.9777107250537953,2.689217556325721,16.13380180702108,11.884139574312314,13.50405347205994,23.917653556022476,17.617715684726146,20.01916698928184,2.780916562258166,1.3340770571368796,1.81402841077593,4.122586833523071,1.9777107250537953,2.689217556325721,16.13380180702108,11.884139574312314,13.50405347205994,23.917653556022476,17.617715684726146,20.01916698928184,0.6488095238095238,0.07880952380952377,0.07880952380952377,0.5476190476190477,0.06761904761904769,0.06761904761904769,0.39880952380952384,0.04880952380952386,0.04880952380952386,0.4285714285714286,0.10809665112335742,0.2012987012987013,0.43113772455089816,0.4285714285714286,0.10809665112335742,0.2012987012987013,0.43113772455089816,0.4285714285714286,0.10809665112335742,0.2012987012987013,0.43113772455089816,21.0,2.0,2.0,29.0,2.0,2.0,38.0,3.0,3.0,4.128420087748341e-05,0.00013629791444554843,-6.093297492063666e-05,3.5699890170270976e-05,6.804720801945052e-05,7.471573781625551e-05,0.9345238095238095,-0.5081047442815669,157,-0.5191707611083984
967,1,test,2.1986906086541746,1.0448715299591265,1.4253439253985298,4.030932782532654,1.9155978049250653,2.6131305298973047,9.01320395820484,5.842926600217307,6.84619754235536,16.524207256708877,10.7120321003984,12.551362160984828,2.2524066889549177,1.088527416565533,1.4711840274172254,3.5752487126268533,1.7278212961357664,2.3352127419321036,9.510597364662111,6.3082654351356755,7.326456265721813,15.096186293114462,10.013119738310596,11.629295659875893,2.1986906086541746,1.0448715299591265,1.4253439253985298,4.030932782532654,1.9155978049250653,2.6131305298973047,9.01320395820484,5.842926600217307,6.84619754235536,16.524207256708877,10.7120321003984,12.551362160984828,0.592964824120603,-0.0020351758793969443,-0.0020351758793969443,0.40201005025125625,-0.002989949748743781,-0.002989949748743781,0.27135678391959794,-0.0036432160804020786,-0.0036432160804020786,0.3650190114068441,0.0671062979343583,0.14378007335374676,0.3435114503816794,0.3668341708542714,0.07109482248334409,0.14145854481086573,0.3434343434343434,0.3650190114068441,0.0671062979343583,0.14378007335374676,0.3435114503816794,13.0,1.0,1.0,21.0,0.0,0.0,32.0,0.0,0.0,0.00011832120840120193,0.00017468219632727524,0.00018391938067167775,-0.009485863418709606,-0.01067276745027268,-0.011082676351862553,0.03802281368821293,0.27389584721316945,10,-0.46133923530578613
672,1,test,2.071887767246084,0.9896261810798941,1.3479016589175425,3.6818005593629732,1.7585924704325147,2.3952576776710384,7.939797468960187,4.988450734995565,5.877158721770989,14.109234691463033,8.864611779079956,10.443869890714662,2.2014454936770425,1.0353639709990792,1.4208745427443357,3.8286008585687696,1.800632993041877,2.471086161294497,9.038068532593563,5.828676495442583,6.855350397839439,15.718380056684458,10.13682868772623,11.922348517981634,2.071887767246084,0.9896261810798941,1.3479016589175425,3.6818005593629732,1.7585924704325147,2.3952576776710384,7.939797468960187,4.988450734995565,5.877158721770989,14.109234691463033,8.864611779079956,10.443869890714662,0.5778894472361809,-0.002110552763819218,-0.002110552763819218,0.3869346733668342,-0.0030653266331658324,-0.0030653266331658324,0.27135678391959794,-0.0036432160804020786,-0.0036432160804020786,0.36259541984732824,0.09211922937113781,0.15447359243616077,0.3524904214559387,0.36180904522613067,0.08361355650432611,0.138102868264528,0.3737373737373737,0.36259541984732824,0.09211922937113781,0.15447359243616077,0.3524904214559387,16.0,0.0,0.0,24.0,0.0,0.0,27.0,0.0,0.0,0.00028213111980291295,0.00022054373487978974,-4.4939966762043424e-05,-0.016143088179984666,-0.015905142164374553,-0.014347949640574953,0.03816793893129771,0.43346122038621615,10,-0.4218902587890625
317,1,test,2.041583469362943,0.9893603360725953,1.041792237282269,3.621202796023322,1.7548508150776692,1.84785046466855,7.702796689640355,4.83878556529301,4.985082291990043,13.662624785274499,8.582663447928478,8.842153262434895,1.9872943616941594,0.8939800855787594,1.2570621109747928,3.0573759410679373,1.3753539778134758,1.9339417091919886,7.29576732640598,4.311619334915008,5.220204723798313,11.22425742523997,6.633260515253857,8.031084190458943,2.1247711987704365,1.0172099362279199,1.3856758287760376,3.302753158710523,1.581155341286922,2.153900251983478,8.370981978030862,5.344014571069005,6.27694165234114,13.011889085022066,8.306758400625396,9.756904122810063,0.4522613065326633,-0.0027386934673366836,-0.0027386934673366836,0.3919597989949749,-0.0030402010050251116,-0.0030402010050251116,0.3015075376884422,-0.0034924623115578646,-0.0034924623115578646,0.37731958762886597,0.13246362055067662,0.13978293073737036,0.3822314049586777,0.39698492462311563,0.15698492462311564,0.22560389300913897,0.4040404040404041,0.40802675585284276,0.15302675585284276,0.21934751056982393,0.42281879194630867,19.0,-8.0,-8.0,25.0,-7.0,-7.0,32.0,-8.0,-8.0,0.0003289469045356011,-0.0005978724867163982,2.743903407688071e-05,-0.10791308478147599,-0.08538299059478849,-0.0942211624472371,0.9670103092783505,-0.2699485296493567,469,-1.1871442794799805
57,1,test,3.656845398507807,1.774080960039686,2.399291807652225,5.060283362259452,2.4549444636224846,3.3201010959944304,38.738943982485104,32.16729729492543,35.22213657740329,53.60632248387128,44.51258436486979,48.73982142602834,3.668660622548889,1.7726121963368986,2.401895652753395,4.795634800717502,2.3171401259305866,3.139732879416203,39.19936793459271,32.539841166325424,35.65001622499707,51.2410038360689,42.5357400866999,46.60132839868898,3.656845398507807,1.774080960039686,2.399291807652225,5.060283362259452,2.4549444636224846,3.3201010959944304,38.738943982485104,32.16729729492543,35.22213657740329,53.60632248387128,44.51258436486979,48.73982142602834,0.7638190954773869,-0.001180904522613102,-0.001180904522613102,0.6532663316582914,-0.0017336683417086274,-0.0017336683417086274,0.48743718592964824,-0.002562814070351749,-0.002562814070351749,0.4156862745098039,0.084313725490196,0.17124183006535942,0.36220472440944884,0.40201005025125625,0.0653266331658291,0.15577889447236182,0.33333333333333337,0.4156862745098039,0.084313725490196,0.17124183006535942,0.36220472440944884,26.0,-2.0,-2.0,35.0,-3.0,-3.0,45.0,-4.0,-4.0,-9.6987133565679e-06,0.0003697857390643572,0.00028946036128646354,-7.936596070123869e-05,-0.0001398081572467902,0.00011389473326595123,0.07058823529411765,0.4845741028204724,18,-0.31472301483154297
791,1,test,2.1887551879084066,1.0237990965103154,1.4106820136293345,3.9981261432460227,1.8701396829588428,2.576845811562918,8.924097373312623,5.718315254611029,6.746824377755205,16.301351201917726,10.44545586508948,12.32419919669951,2.2364480708361296,1.0127284839574884,1.4180551164286963,4.141570501548388,1.8754231184397936,2.626027993386475,9.360026024080625,5.9602158909068566,7.093172052983606,17.33338152607523,11.037436835012695,13.13550380182149,2.1887551879084066,1.0237990965103154,1.4106820136293345,3.9981261432460227,1.8701396829588428,2.576845811562918,8.924097373312623,5.718315254611029,6.746824377755205,16.301351201917726,10.44545586508948,12.32419919669951,0.5326633165829145,-0.0023366834170853723,-0.0023366834170853723,0.3668341708542714,-0.0031658291457286047,-0.0031658291457286047,0.27135678391959794,-0.0036432160804020786,-0.0036432160804020786,0.3589743589743589,0.09157509157509147,0.15995115995115994,0.27941176470588236,0.33668341708542715,0.08040201005025127,0.13567839195979903,0.24242424242424243,0.3589743589743589,0.09157509157509147,0.15995115995115994,0.27941176470588236,19.0,-3.0,-3.0,29.0,-3.0,-3.0,33.0,-1.0,-1.0,0.00023614509288474544,0.0008834077128707159,0.0005718027354565685,-0.03045942866086726,-0.033796509928571083,-0.0361941677342168,0.040293040293040296,0.5593291581320824,11,-0.438007116317749
535,1,test,2.483906743437616,1.1874880004465498,1.616361799732454,4.275330394765351,2.0439187401625465,2.782101521963739,11.988007120672709,8.33182764542424,9.60694908023207,20.633903165279087,14.34084273515445,16.53559720476308,2.5117675682516865,1.1882810776120585,1.6293409696535948,4.0188281092026985,1.9012497241792938,2.606945551445752,12.326699097686337,8.570203538570869,9.90994200152874,19.72271855629814,13.712325661713392,15.855907202445987,2.483906743437616,1.1874880004465498,1.616361799732454,4.275330394765351,2.0439187401625465,2.782101521963739,11.988007120672709,8.33182764542424,9.60694908023207,20.633903165279087,14.34084273515445,16.53559720476308,0.6281407035175879,-0.0018592964824121205,-0.0018592964824121205,0.44723618090452266,-0.0027638190954772934,-0.0027638190954772934,0.3517587939698492,-0.0032412060301507672,-0.0032412060301507672,0.3816254416961131,0.09943849284249762,0.16423413734828707,0.33687943262411346,0.3919597989949749,0.11376431027317035,0.17660086744238723,0.3282828282828283,0.3816254416961131,0.09943849284249762,0.16423413734828707,0.33687943262411346,17.0,-5.0,-5.0,26.0,-6.0,-6.0,35.0,-8.0,-8.0,0.00011148777998032974,0.00037798619769837495,0.00019259813586145237,-0.004948932814357043,-0.0033307065472811814,-0.004172433347627624,0.04946996466431095,0.556811028831433,14,-0.5255627632141113
932,1,test,2.023129266986495,0.9703064685038472,1.3191771213617196,3.216256783414428,1.5425384883907314,2.0971533724211953,7.561951312353993,4.696222225175242,5.540224213332603,12.021563624767886,7.465789178483717,8.807535928887727,2.014746672484378,0.9589552604944169,1.3065261526141647,3.123638251913764,1.486752341851809,2.0256219420374646,7.498827481228755,4.624578512112109,5.468452451153235,11.626089118184115,7.169889166065284,8.478220854501139,2.023129266986495,0.9703064685038472,1.3191771213617196,3.216256783414428,1.5425384883907314,2.0971533724211953,7.561951312353993,4.696222225175242,5.540224213332603,12.021563624767886,7.465789178483717,8.807535928887727,0.5376884422110553,-0.0023115577889447625,-0.0023115577889447625,0.3517587939698492,-0.0032412060301507672,-0.0032412060301507672,0.24120603015075381,-0.0037939698492461815,-0.0037939698492461815,0.35627530364372473,0.08354803091645202,0.15035336555489565,0.33739837398373984,0.3517587939698492,0.07857583657636547,0.14975545507168564,0.3232323232323232,0.35627530364372473,0.08354803091645202,0.15035336555489565,0.33739837398373984,18.0,-6.0,-6.0,26.0,-7.0,-7.0,29.0,-3.0,-3.0,0.00015209215814558102,-0.00010353346107505037,-0.00015572374545856564,-0.012688161217405458,-0.01135329826131759,-0.01126877152609218,0.04048582995951417,0.7672190915500461,10,-0.528470516204834
272,1,test,2.10266309590844,0.9766985049527803,1.3500253197713892,3.354810782235938,1.5583279517224136,2.1539729821071605,8.18794618953656,5.10475675787186,6.065354629420016,13.063914145103276,8.144668085593302,9.677307386265642,2.162104962789834,0.9951330411360877,1.3813936032301481,3.1109423925033584,1.4318461023540832,1.9876166952951773,8.689409304400847,5.477158355269833,6.506384675673646,12.50274720057676,7.880803388877459,9.361704569314599,2.10266309590844,0.9766985049527803,1.3500253197713892,3.354810782235938,1.5583279517224136,2.1539729821071605,8.18794618953656,5.10475675787186,6.065354629420016,13.063914145103276,8.144668085593302,9.677307386265642,0.5326633165829145,-0.0023366834170853723,-0.0023366834170853723,0.40703517587939697,-0.00296482412060306,-0.00296482412060306,0.29648241206030146,-0.0035175879396985854,-0.0035175879396985854,0.38869257950530034,0.127669651815706,0.1842272446051828,0.375886524822695,0.40201005025125625,0.1338396241860933,0.19165946594407757,0.38383838383838387,0.38869257950530034,0.127669651815706,0.1842272446051828,0.375886524822695,19.0,0.0,0.0,27.0,0.0,0.0,36.0,0.0,0.0,-4.674774563788757e-05,0.0001520070109659624,0.00015096891212749262,-0.009624461855920252,-0.008321284034115806,-0.009612343097328946,0.038869257950530034,-0.6751147875788515,11,-0.7215728759765625
15,1,test,3.2922140063884138,1.5743836431199518,2.146038504688247,5.3151406850126195,2.5417760021454643,3.464688670219579,26.902359765596234,21.329934564814238,23.756222291629054,43.432725404697536,34.436279899820576,38.35341912142522,3.463206412145036,1.68648076239498,2.2762261767005523,5.09295060609564,2.4801187682279116,3.3473914363243416,31.919158585954687,26.008686840785572,28.641988617556937,46.939939096992184,38.24806888350819,42.12057149640726,3.2922140063884138,1.5743836431199518,2.146038504688247,5.3151406850126195,2.5417760021454643,3.464688670219579,26.902359765596234,21.329934564814238,23.756222291629054,43.432725404697536,34.436279899820576,38.35341912142522,0.7085427135678393,-0.0014572864321606982,-0.0014572864321606982,0.5829145728643217,-0.002085427135678275,-0.002085427135678275,0.46733668341708545,-0.002663316582914521,-0.002663316582914521,0.4044943820224719,0.09234484931219156,0.17410832971861134,0.37593984962406013,0.4170854271356784,0.10129595345146791,0.18169310660145477,0.3939393939393939,0.4044943820224719,0.09234484931219156,0.17410832971861134,0.37593984962406013,20.0,0.0,0.0,30.0,0.0,0.0,43.0,0.0,0.0,0.0003852509432889812,0.0003298248900964477,7.505217660629662e-06,-0.00016252502302549487,0.00022759863213561715,7.184004964067014e-05,0.9588014981273408,-0.45485723188511945,256,-0.4561917781829834
432,1,test,2.0814765798579455,0.9864189483601569,1.3500391672638177,3.780909989995129,1.7917863175909179,2.452286335472884,8.016296882189298,5.026941922756512,5.9382313827693185,14.561248134103344,9.13121729007037,10.786534220599963,2.2911241749746445,1.0585561018125917,1.4680359398447052,3.755941270450237,1.735337871823921,2.4066162948273853,9.88604508115131,6.456018285940829,7.608522568002729,16.20663128057592,10.583636534329226,12.472987816397916,2.0814765798579455,0.9864189483601569,1.3500391672638177,3.780909989995129,1.7917863175909179,2.452286335472884,8.016296882189298,5.026941922756512,5.9382313827693185,14.561248134103344,9.13121729007037,10.786534220599963,0.5477386934673367,-0.002261306532663321,-0.002261306532663321,0.40703517587939697,-0.00296482412060306,-0.00296482412060306,0.3417085427135679,-0.003291457286432098,-0.003291457286432098,0.3776223776223776,0.12631347709881735,0.18576191250609853,0.3508771929824561,0.3919597989949749,0.12378937292981196,0.18494811285140234,0.36868686868686873,0.3776223776223776,0.12631347709881735,0.18576191250609853,0.3508771929824561,18.0,-6.0,-6.0,29.0,-10.0,-10.0,34.0,-5.0,-5.0,0.0005369972626131513,0.00023093956601697444,0.0001460712102229987,-0.016944210126840886,-0.014638984816376599,-0.016803648773999313,0.04895104895104895,0.28981892922057595,14,-0.5989112854003906
503,1,test,2.0521611268085915,0.9842761157976656,1.3373610140401164,3.8637240525430725,1.8531543421569845,2.5179279781582884,7.784706678579661,4.875486658232253,5.740928562302819,14.65672360863619,9.179364535844172,10.808782741439101,1.9797076090278813,0.9284104989885793,1.2687194641908777,3.4731712439085642,1.628790349102771,2.225823621387505,7.240625582068635,4.379265371020579,5.204623452108711,12.702851898366028,7.682921703544877,9.13091833703283,2.0521611268085915,0.9842761157976656,1.3373610140401164,3.8637240525430725,1.8531543421569845,2.5179279781582884,7.784706678579661,4.875486658232253,5.740928562302819,14.65672360863619,9.179364535844172,10.808782741439101,0.49246231155778897,-0.002537688442211028,-0.002537688442211028,0.3316582914572864,-0.0033417085427135396,-0.0033417085427135396,0.24623115577889443,-0.0037688442211055717,-0.0037688442211055717,0.34558823529411764,0.0960469508904479,0.14509923773910538,0.30996309963099633,0.3316582914572864,0.08855052203372749,0.13132440164092585,0.2777777777777778,0.34558823529411764,0.0960469508904479,0.14509923773910538,0.30996309963099633,17.0,-5.0,-5.0,23.0,-7.0,-7.0,32.0,-10.0,-10.0,-5.367560229080756e-05,0.0002916931824147076,0.0002451061008916506,-0.00857797277497152,-0.009192424665295462,-0.009955377193909598,0.03676470588235294,0.5203396208498547,10,-0.5533649921417236
828,1,test,2.447234260940625,1.1622981474313618,1.5717960562966438,3.831086968020145,1.8195500760383818,2.4606093024167697,11.55634065667914,7.941903620536211,9.156413934064261,18.091176147063177,12.43286102500609,14.334148003922026,2.434298466262859,1.1417225599472627,1.5580662622859236,3.6605991973877576,1.7168760299958834,2.3429567853923663,11.407812939890858,7.765656603648439,9.005979920359994,17.154605924647907,11.677679103230734,13.542826947909765,2.447234260940625,1.1622981474313618,1.5717960562966438,3.831086968020145,1.8195500760383818,2.4606093024167697,11.55634065667914,7.941903620536211,9.156413934064261,18.091176147063177,12.43286102500609,14.334148003922026,0.5728643216080402,-0.0021356783919597166,-0.0021356783919597166,0.40703517587939697,-0.00296482412060306,-0.00296482412060306,0.321608040201005,-0.0033919597989949812,-0.0033919597989949812,0.36259541984732824,0.1016430388949473,0.15447359243616077,0.33333333333333337,0.3668341708542714,0.10367627611742924,0.15982248471069882,0.3282828282828283,0.36259541984732824,0.1016430388949473,0.15447359243616077,0.33333333333333337,18.0,-7.0,-7.0,28.0,-11.0,-11.0,38.0,-19.0,-19.0,-1.3998520983513719e-05,-9.409815786896358e-05,8.810782284416539e-05,-0.010458868020434053,-0.010654027161132618,-0.011067913191435075,0.9351145038167938,-0.23592539399664586,245,-0.45583033561706543
621,1,test,2.415188325819977,1.1768105190065408,1.5880547791208852,3.7972127567058527,1.8502076493269501,2.4967750138400584,11.191877878674738,7.741865542245604,8.905123416890117,17.596119109249727,12.171933046975031,14.000832927666128,2.556448147297707,1.2250698845888077,1.6668149936349281,3.844282928267228,1.8422103527651243,2.5064887122329744,12.889952698254605,9.103694446683232,10.455716201522709,19.383387516172338,13.689766085237942,15.722881506049186,2.415188325819977,1.1768105190065408,1.5880547791208852,3.7972127567058527,1.8502076493269501,2.4967750138400584,11.191877878674738,7.741865542245604,8.905123416890117,17.596119109249727,12.171933046975031,14.000832927666128,0.6331658291457287,-0.0018341708542712887,-0.0018341708542712887,0.44221105527638194,-0.0027889447236180143,-0.0027889447236180143,0.3467336683417085,-0.003266331658291488,-0.003266331658291488,0.36879432624113473,0.08737839703759487,0.1647848922788706,0.3345195729537367,0.38190954773869346,0.0987015276885681,0.16321171802249979,0.3434343434343434,0.36879432624113473,0.08737839703759487,0.1647848922788706,0.3345195729537367,16.0,-4.0,-4.0,28.0,-7.0,-7.0,33.0,-4.0,-4.0,0.000596759366864465,0.00023714517064517453,0.00013742941559026563,-0.00026647385093347964,0.00016949575638847136,1.9271695109068787e-05,0.03546099290780142,0.40887029525595364,10,-0.3293325901031494
137,1,test,2.466025371925228,1.1868448952618298,1.6125708494998405,4.43239854431005,2.133217949000021,2.8984116575977525,11.775550282425646,8.181856879589798,9.427807091541565,21.16520475599381,14.705951907759442,16.945404903097582,2.3544548149312785,1.1031678574700396,1.5179894881151776,3.957066915850888,1.8540636260000665,2.551242837168366,10.532385197010193,7.037547424939746,8.22419136725464,17.70148772606755,11.82781079821806,13.82217036513385,2.466025371925228,1.1868448952618298,1.6125708494998405,4.43239854431005,2.133217949000021,2.8984116575977525,11.775550282425646,8.181856879589798,9.427807091541565,21.16520475599381,14.705951907759442,16.945404903097582,0.6180904522613065,-0.0019095477386934512,-0.0019095477386934512,0.4522613065326633,-0.0027386934673366836,-0.0027386934673366836,0.321608040201005,-0.0033919597989949812,-0.0033919597989949812,0.4087591240875912,0.11732014412402103,0.19395329884487278,0.39560439560439564,0.40201005025125625,0.11378949887281009,0.18498166961686557,0.3737373737373737,0.4087591240875912,0.11732014412402103,0.19395329884487278,0.39560439560439564,20.0,-7.0,-7.0,27.0,-7.0,-7.0,40.0,-11.0,-11.0,-0.00041234568508179056,8.296451215334389e-05,2.1832903418023306e-05,-0.004886563517612963,-0.0050440092116437185,-0.0047667469668759566,0.043795620437956206,0.314993847602129,12,-0.3573157787322998
702,1,test,1.857882797954359,0.8311152432258484,1.152513691381381,3.5867459571618876,1.6045141501165683,2.224991709750166,6.41015080998366,3.6181246493002504,4.38555697206615,12.3751522581629,6.9849906423990955,8.466561376627705,1.9740028253684216,0.8803341521863433,1.219260078093872,3.403453147186934,1.5178175037695574,2.1021725484377103,7.1994369773088245,4.214231225100557,5.072372717421082,12.412822374670387,7.265915905345787,8.745470202450141,1.857882797954359,0.8311152432258484,1.152513691381381,3.5867459571618876,1.6045141501165683,2.224991709750166,6.41015080998366,3.6181246493002504,4.38555697206615,12.3751522581629,6.9849906423990955,8.466561376627705,0.48743718592964824,-0.002562814070351749,-0.002562814070351749,0.3316582914572864,-0.0033417085427135396,-0.0033417085427135396,0.2613065326633166,-0.003693467336683409,-0.003693467336683409,0.33574007220216606,0.06727160373369756,0.11725267724418287,0.2717391304347826,0.33668341708542715,0.09106938199770787,0.12967173094185458,0.26262626262626265,0.33574007220216606,0.06727160373369756,0.11725267724418287,0.2717391304347826,16.0,-5.0,-5.0,27.0,-14.0,-14.0,35.0,-16.0,-16.0,0.0004230383120577806,0.0009100734136531506,0.00013827090820874873,-0.02454030149945563,-0.027261249298336843,-0.023352033755706714,0.04693140794223827,-0.23711967239749215,13,-1.049975037574768
287,1,test,2.540188716258564,1.2175257101879469,1.6491145360701935,4.496134027777658,2.1550205070326656,2.9189327288442417,12.68206405669932,8.928660640369667,10.244317231975645,22.447253380357797,15.803729333454312,18.13244150059689,2.540188716258564,1.2175257101879469,1.6491145360701935,4.496134027777658,2.1550205070326656,2.9189327288442417,12.68206405669932,8.928660640369667,10.244317231975645,22.447253380357797,15.803729333454312,18.13244150059689,2.540188716258564,1.2175257101879469,1.6491145360701935,4.496134027777658,2.1550205070326656,2.9189327288442417,12.68206405669932,8.928660640369667,10.244317231975645,22.447253380357797,15.803729333454312,18.13244150059689,0.7045454545454546,0.054545454545454564,0.054545454545454564,0.46590909090909094,0.0459090909090909,0.0459090909090909,0.30113636363636365,0.026136363636363624,0.026136363636363624,0.375,0.052053824362606194,0.12216981132075466,0.34285714285714286,0.375,0.052053824362606194,0.12216981132075466,0.34285714285714286,0.375,0.052053824362606194,0.12216981132075466,0.34285714285714286,18.0,1.0,1.0,29.0,2.0,2.0,38.0,2.0,2.0,0.00013009495609863665,0.00012809887135345913,8.358857727825505e-05,-4.296983476148597e-05,1.1200416952128478e-05,3.029473674498462e-05,0.9375,-0.4651050119008247,165,-0.22494721412658691
451,1,test,2.5222823964862484,1.2064606399248035,1.6430253226002327,3.7435980832059057,1.7906415813620769,2.4385954788066613,12.456996045928248,8.729182964138507,10.047886794690825,18.488804657640873,12.955945241510836,14.91317934790954,2.5800361607876976,1.2083055702779415,1.6643976324724057,3.4631357862922116,1.6218866715140154,2.2340907818421556,13.197615387197974,9.255448314683868,10.699245364498855,17.714919982816074,12.423420556622645,14.361403173823968,2.5222823964862484,1.2064606399248035,1.6430253226002327,3.7435980832059057,1.7906415813620769,2.4385954788066613,12.456996045928248,8.729182964138507,10.047886794690825,18.488804657640873,12.955945241510836,14.91317934790954,0.5678391959798995,-0.0021608040201005485,-0.0021608040201005485,0.44221105527638194,-0.0027889447236180143,-0.0027889447236180143,0.371859296482412,-0.003140703517587995,-0.003140703517587995,0.38434163701067614,0.10547840432861577,0.1725073174840489,0.375,0.40703517587939697,0.13886474981423402,0.2016929388176274,0.3939393939393939,0.38434163701067614,0.10547840432861577,0.1725073174840489,0.375,14.0,-1.0,-1.0,24.0,-3.0,-3.0,31.0,0.0,0.0,-5.313761977785871e-05,0.0001653688665263759,8.439694511581909e-05,-0.00025954392907312496,0.0001733692814402943,2.277625207813827e-05,0.9039145907473309,-0.2063590717799151,254,-0.5184803009033203
528,1,test,2.528612140156132,1.1801810582589622,1.6269317140565138,4.3154980525331315,2.014175672761962,2.7766301253231167,12.536095714009232,8.684717423005333,10.072355946890706,21.39493668524242,14.821917735262431,17.190154149360136,2.6106191819636484,1.2052626044907728,1.6706693610981436,4.5402072729802585,2.0961088773752574,2.9055119323445977,13.60747374622416,9.530493504803292,11.047620782323891,23.66517173256376,16.57477131270138,19.213253534476337,2.528612140156132,1.1801810582589622,1.6269317140565138,4.3154980525331315,2.014175672761962,2.7766301253231167,12.536095714009232,8.684717423005333,10.072355946890706,21.39493668524242,14.821917735262431,17.190154149360136,0.5527638190954773,-0.0022361809045226,-0.0022361809045226,0.4321608040201005,-0.002839195979899567,-0.002839195979899567,0.3266331658291457,-0.0033668341708542604,-0.0033668341708542604,0.34509803921568627,0.08286711945051994,0.13779686581281791,0.3228346456692913,0.3417085427135679,0.08356317930504653,0.1430441019790103,0.31313131313131315,0.34509803921568627,0.08286711945051994,0.13779686581281791,0.3228346456692913,15.0,-1.0,-1.0,25.0,-1.0,-1.0,34.0,0.0,0.0,0.00023597752824957742,-4.024029096005721e-05,7.114950094561555e-05,-7.936596070123869e-05,-0.0001398081572467902,0.00011389473326595123,0.0392156862745098,0.8592206125249482,10,-0.5856742858886719
300,1,test,2.4696282559233533,1.1866834605464487,1.6124705049045283,4.0269097676202446,1.9349743050948458,2.629251269143689,11.818052743850167,8.210806040219808,9.461599205001136,19.270200652392628,13.38832067704631,15.427830550829878,2.614951204847789,1.2532366480343278,1.7029741939639036,3.962047280072407,1.8988434061126176,2.5802639302483383,13.666549500260654,9.763670223589294,11.177310575910369,20.70689318221311,14.793439732711052,16.93531905440965,2.4696282559233533,1.1866834605464487,1.6124705049045283,4.0269097676202446,1.9349743050948458,2.629251269143689,11.818052743850167,8.210806040219808,9.461599205001136,19.270200652392628,13.38832067704631,15.427830550829878,0.6532663316582914,-0.0017336683417086274,-0.0017336683417086274,0.4623115577889447,-0.002688442211055242,-0.002688442211055242,0.3266331658291457,-0.0033668341708542604,-0.0033668341708542604,0.3686274509803922,0.08291316526610648,0.14959224889434264,0.3110236220472441,0.3668341708542714,0.07360108814750443,0.13811964664725973,0.31313131313131315,0.3686274509803922,0.08291316526610648,0.14959224889434264,0.3110236220472441,17.0,-3.0,-3.0,30.0,-4.0,-4.0,37.0,-5.0,-5.0,0.0005161877061900595,6.142989558465923e-05,0.0002380170530029614,-7.936596070123869e-05,-0.0001398081572467902,0.00011389473326595123,0.043137254901960784,-0.49479894389036316,11,-0.2923102378845215
752,1,test,2.5983865254068985,1.251118937461294,1.6995130960062808,4.004572174450632,1.9281950683227005,2.6192495950214445,13.442032151408801,9.595132309921999,10.985198396572429,20.7165436686418,14.787792148232729,16.93012929354104,2.51774856507149,1.1972096518485715,1.6344803626200313,3.757833679211179,1.7868800773859275,2.439522929283629,12.40064596333495,8.655206663101078,9.981854058961462,18.508426810947686,12.918218900150862,14.898289640240987,2.5983865254068985,1.251118937461294,1.6995130960062808,4.004572174450632,1.9281950683227005,2.6192495950214445,13.442032151408801,9.595132309921999,10.985198396572429,20.7165436686418,14.787792148232729,16.93012929354104,0.5477386934673367,-0.002261306532663321,-0.002261306532663321,0.4371859296482412,-0.002814070351758735,-0.002814070351758735,0.3467336683417085,-0.003266331658291488,-0.003266331658291488,0.3908045977011494,0.1345904485615701,0.19462625375210485,0.3884615384615384,0.38190954773869346,0.13378924698681371,0.18658400516774187,0.3787878787878788,0.3908045977011494,0.1345904485615701,0.19462625375210485,0.3884615384615384,15.0,0.0,0.0,30.0,0.0,0.0,38.0,0.0,0.0,0.00013211245016849331,-9.510981497674542e-05,-0.00011481708730850611,-0.005785994588478616,-0.005410659207990776,-0.0047163348481378264,0.04597701149425287,0.3813192110386276,12,-0.4127030372619629
622,1,test,2.429152071613831,1.1723801903432471,1.588222128428307,4.279934602367226,2.065622240128578,2.7982961310403502,11.349254643715764,7.8351952864634935,9.030732575348383,19.996305800832538,13.804867885673776,15.911290727994771,2.458268599566856,1.1757366408584347,1.594761197618705,3.9649493541400904,1.8963494207394107,2.5721954800301696,11.684563358124327,8.078805550848841,9.313099557342644,18.846069932458594,13.030331533627162,15.021128318294588,2.429152071613831,1.1723801903432471,1.588222128428307,4.279934602367226,2.065622240128578,2.7982961310403502,11.349254643715764,7.8351952864634935,9.030732575348383,19.996305800832538,13.804867885673776,15.911290727994771,0.5778894472361809,-0.002110552763819218,-0.002110552763819218,0.44723618090452266,-0.0027638190954772934,-0.0027638190954772934,0.3266331658291457,-0.0033668341708542604,-0.0033668341708542604,0.39534883720930236,0.13035850838918628,0.19431790937425086,0.36575875486381326,0.3919597989949749,0.11627057593733081,0.18494811285140234,0.35858585858585856,0.39534883720930236,0.13035850838918628,0.19431790937425086,0.36575875486381326,21.0,-2.0,-2.0,35.0,-3.0,-3.0,43.0,-3.0,-3.0,-3.4561564233110676e-05,0.00025244110336979667,0.0001594158033976034,-0.017061645841898176,-0.019199346759392277,-0.019414326388352166,0.03875968992248062,0.7210555672157559,10,-0.3930680751800537
943,1,test,3.0435449616397894,1.4834932630366409,1.9987744067772866,4.991413737089255,2.4329289513800916,3.2779900271147504,20.979483031300393,16.220415755391862,18.13673683677411,34.40635217133265,26.60148183884266,29.744248412309542,3.0841155980594324,1.4786158345912837,2.0046209327095714,4.934584956895092,2.3657853353460543,3.2073934923353145,21.84813576144745,16.867787784581292,18.904943883074697,34.95701721831592,26.988460455330067,30.247910212919514,3.0435449616397894,1.4834932630366409,1.9987744067772866,4.991413737089255,2.4329289513800916,3.2779900271147504,20.979483031300393,16.220415755391862,18.13673683677411,34.40635217133265,26.60148183884266,29.744248412309542,0.7085427135678393,-0.0014572864321606982,-0.0014572864321606982,0.5326633165829145,-0.0023366834170853723,-0.0023366834170853723,0.4321608040201005,-0.002839195979899567,-0.002839195979899567,0.4163265306122449,0.10064424955318174,0.17752056046299114,0.3688524590163934,0.4120603015075377,0.09877709348748753,0.18167632821872304,0.3737373737373737,0.4163265306122449,0.10064424955318174,0.17752056046299114,0.3688524590163934,20.0,-9.0,-9.0,35.0,-14.0,-14.0,40.0,-14.0,-14.0,8.408509130008698e-05,-8.238445234361417e-05,-7.054832312151774e-07,-1.0066742095027337e-05,-8.484196204427974e-05,-0.00010243434826673337,0.04897959183673469,-0.46895224072058,12,-0.23940110206604004
195,1,test,2.8508939130223117,1.3888668111560345,1.872508368279306,4.374956696713484,2.131342779384103,2.8735348544663566,17.303242523105006,12.988545523283367,14.643084456023328,26.5534036203624,19.93210759547888,22.471148473394287,2.7149312046485785,1.3120138344372931,1.7745713477454446,4.209195666121827,2.0341299758717724,2.751273407357279,15.103570980680153,11.036523220454757,12.542668169590772,23.41638911733357,17.11088871388334,19.44599716215623,2.8508939130223117,1.3888668111560345,1.872508368279306,4.374956696713484,2.131342779384103,2.8735348544663566,17.303242523105006,12.988545523283367,14.643084456023328,26.5534036203624,19.93210759547888,22.471148473394287,0.6633165829145728,-0.0016834170854271857,-0.0016834170854271857,0.5276381909547738,-0.002361809045226204,-0.002361809045226204,0.3869346733668342,-0.0030653266331658324,-0.0030653266331658324,0.42798353909465026,0.11176177318089253,0.19405741050367897,0.4049586776859504,0.4170854271356784,0.10630848477978871,0.18837090292866676,0.3787878787878788,0.42798353909465026,0.11176177318089253,0.19405741050367897,0.4049586776859504,19.0,0.0,0.0,33.0,1.0,1.0,40.0,0.0,0.0,0.0002964351141228095,-0.00022232072208599392,-0.00035075725783460755,-0.019685581872478153,-0.018332570215259913,-0.016840545838697984,0.9465020576131687,-0.20731805857995822,230,-0.09640789031982422
34,1,test,2.9743089074811837,1.4363279870881778,1.9474874961789714,4.976247595208903,2.403087209166759,3.2582963878378948,19.576089684533198,14.920908091005463,16.783913150837837,32.7523038952767,24.963826998412987,28.08077777159407,3.066081846020554,1.4718180811898895,2.001880869501753,4.610649392512111,2.213260272465999,3.0103471721830877,21.457663322458416,16.53296132417475,18.559141251105128,32.26716289091491,24.86159597620263,27.908483084368612,2.9743089074811837,1.4363279870881778,1.9474874961789714,4.976247595208903,2.403087209166759,3.2582963878378948,19.576089684533198,14.920908091005463,16.783913150837837,32.7523038952767,24.963826998412987,28.08077777159407,0.6934673366834171,-0.0015326633165829717,-0.0015326633165829717,0.5678391959798995,-0.0021608040201005485,-0.0021608040201005485,0.4120603015075377,-0.0029396984924623393,-0.0029396984924623393,0.3961538461538462,0.09097150450317437,0.1659748180208539,0.33976833976833976,0.39698492462311563,0.08370171660306547,0.16993984949790697,0.3434343434343434,0.3961538461538462,0.09097150450317437,0.1659748180208539,0.33976833976833976,17.0,0.0,0.0,32.0,0.0,0.0,37.0,0.0,0.0,0.00024401875110863924,0.00038297131295933273,0.0003777257171230112,-0.00011401557000390028,-0.0001672912548489336,9.637194842149199e-05,0.04230769230769231,0.629857152398448,11,-0.23375773429870605
286,1,test,1.8392391371215109,0.868868509917985,1.1909639494088955,2.940097598756284,1.3889211946864142,1.9038036855514464,6.291749280910486,3.652826946375929,4.379509552547587,10.057613814010192,5.8391905201191845,7.000821839473878,1.8222906690986094,0.8317000884450827,1.1607042308785114,2.8252568513156735,1.2894575014652445,1.7995414432224983,6.186012340066143,3.493188007279209,4.248148141139488,9.590716806304098,5.415795360122805,6.5862761878131595,1.8392391371215109,0.868868509917985,1.1909639494088955,2.940097598756284,1.3889211946864142,1.9038036855514464,6.291749280910486,3.652826946375929,4.379509552547587,10.057613814010192,5.8391905201191845,7.000821839473878,0.507537688442211,-0.0024623115577889765,-0.0024623115577889765,0.3266331658291457,-0.0033668341708542604,-0.0033668341708542604,0.22613065326633164,-0.003869346733668344,-0.003869346733668344,0.33944954128440363,0.06422018348623848,0.12844036697247707,0.30414746543778803,0.3316582914572864,0.06281407035175879,0.1222780569514238,0.29292929292929293,0.33944954128440363,0.06422018348623848,0.12844036697247707,0.30414746543778803,16.0,0.0,0.0,23.0,0.0,0.0,30.0,0.0,0.0,0.0003110651398283374,0.00023734512152606715,0.00014902476004796016,-0.03343764623529477,-0.03347309199202719,-0.033470103163970144,0.045871559633027525,0.5884531978516018,10,-0.47223973274230957
314,1,test,2.1132543459381807,0.9991180337282266,1.3672087539579008,4.198331967263852,1.9849144936734096,2.716188057863029,8.275127640170474,5.2281921986937,6.166482575070174,16.439920245138673,10.38667516807148,12.250745382472743,1.92552612460337,0.8868565261579509,1.2304554473313485,3.5330754579878345,1.627259681023763,2.25771641712174,6.8587562772153845,4.033300754875745,4.854905581578279,12.584873903147493,7.400551843808706,8.908083635923447,2.1132543459381807,0.9991180337282266,1.3672087539579008,4.198331967263852,1.9849144936734096,2.716188057863029,8.275127640170474,5.2281921986937,6.166482575070174,16.439920245138673,10.38667516807148,12.250745382472743,0.48743718592964824,-0.002562814070351749,-0.002562814070351749,0.3517587939698492,-0.0032412060301507672,-0.0032412060301507672,0.27638190954773867,-0.0036180904522613577,-0.0036180904522613577,0.37037037037037035,0.10818549642079056,0.1699224420389034,0.347972972972973,0.35678391959798994,0.10114482185362905,0.15978892794523536,0.29292929292929293,0.37037037037037035,0.10818549642079056,0.1699224420389034,0.347972972972973,18.0,0.0,0.0,32.0,0.0,0.0,39.0,0.0,0.0,-0.0004473758138421889,0.00032013464103744185,-9.586867122341136e-05,-0.004160596115041493,-0.005133100287787684,-0.004221497145189268,0.04040404040404041,0.3297846640425133,12,-0.6992409229278564
970,1,test,2.8118227529790705,1.349527551487088,1.834909835511424,4.996806038733507,2.398205011878328,3.260763338265524,16.6402216061068,12.324367682555998,13.98397807731611,29.570839669450937,21.901264862631358,24.850508812555383,2.96207973468758,1.4008960855686068,1.9148702236043584,4.70171386458346,2.2236445802676297,3.039476545403743,19.338148180433645,14.573690825791637,16.48846019046582,30.695473302275627,23.132842580621645,26.172159032485425,2.8118227529790705,1.349527551487088,1.834909835511424,4.996806038733507,2.398205011878328,3.260763338265524,16.6402216061068,12.324367682555998,13.98397807731611,29.570839669450937,21.901264862631358,24.850508812555383,0.6884422110552764,-0.0015577889447235815,-0.0015577889447235815,0.542713567839196,-0.0022864321608039306,-0.0022864321608039306,0.39698492462311563,-0.0030150753768843908,-0.0030150753768843908,0.3992805755395683,0.1012554408896581,0.16602698702282193,0.3646209386281588,0.4120603015075377,0.10128335915164799,0.17332908280970794,0.3737373737373737,0.3992805755395683,0.1012554408896581,0.16602698702282193,0.3646209386281588,13.0,0.0,0.0,28.0,1.0,1.0,32.0,0.0,0.0,0.00026785361596571146,0.0004144271558829677,0.00010969555236977054,-0.00023875416349117273,0.00018498985658865763,3.328992298534672e-05,0.960431654676259,0.29891268610667593,267,-0.4238414764404297
547,1,test,2.918692206701486,1.3918803453596267,1.9007705403618744,4.742874835889915,2.2618055612093935,3.0887521280880463,18.517055137149505,13.913578257727817,15.749618011990204,30.090214597867945,22.6095646688077,25.59312926948408,2.8504936729083266,1.3359027309972162,1.840972676052689,4.222953589493817,1.9791151570329126,2.7273669274854653,17.296318457082165,12.748757927176163,14.552032278654035,25.624175491973578,18.887048781001724,21.558566338746722,2.918692206701486,1.3918803453596267,1.9007705403618744,4.742874835889915,2.2618055612093935,3.0887521280880463,18.517055137149505,13.913578257727817,15.749618011990204,30.090214597867945,22.6095646688077,25.59312926948408,0.6884422110552764,-0.0015577889447235815,-0.0015577889447235815,0.4824120603015075,-0.0025879396984924696,-0.0025879396984924696,0.371859296482412,-0.003140703517587995,-0.003140703517587995,0.3926174496644296,0.1162355401166909,0.16605494966442957,0.3872053872053872,0.37688442211055273,0.09868893338874818,0.13982265249452597,0.36868686868686873,0.3926174496644296,0.1162355401166909,0.16605494966442957,0.3872053872053872,18.0,1.0,1.0,31.0,-6.0,-6.0,37.0,0.0,0.0,-0.0004806447870371101,5.690834456333436e-05,0.00014546843193856415,-0.004164545041596135,-0.0051369738128368425,-0.004225001702156561,0.03355704697986577,0.5147145705170614,10,-0.5488173961639404
333,1,test,2.3061900055749236,1.0944783623787815,1.4975020466273214,4.35815434124395,2.06830556670006,2.829925127484702,10.036114180931545,6.6768846440000615,7.791153607828983,18.965885066327328,12.617734760315077,14.723439888810676,2.397996400257727,1.1374643790488064,1.5521475805804377,4.170428522187351,1.9781989200848806,2.6993870966616305,11.001112458302014,7.473814872917253,8.671157771469135,19.132369492699155,12.99793890942131,15.080274385163714,2.3061900055749236,1.0944783623787815,1.4975020466273214,4.35815434124395,2.06830556670006,2.829925127484702,10.036114180931545,6.6768846440000615,7.791153607828983,18.965885066327328,12.617734760315077,14.723439888810676,0.6381909547738693,-0.0018090452261306789,-0.0018090452261306789,0.4824120603015075,-0.0025879396984924696,-0.0025879396984924696,0.3065326633165829,-0.0034673366834171437,-0.0034673366834171437,0.41004184100418406,0.10732785353028007,0.18472890637275152,0.32352941176470584,0.40703517587939697,0.10377703051598841,0.1799901007541883,0.31818181818181823,0.41004184100418406,0.10732785353028007,0.18472890637275152,0.32352941176470584,16.0,-4.0,-4.0,22.0,-6.0,-6.0,30.0,-13.0,-13.0,0.00048506372826681625,0.00020593368345334703,0.00016642899867502236,-0.012646829870392118,-0.012282391136786863,-0.01188012675886263,0.04184100418410042,1.0680270062369561,10,-0.3630504608154297
182,1,test,2.164790620061439,1.0437611425408921,1.4163732620860632,3.3559433535880685,1.6180794745610005,2.195717401511409,8.71277744504787,5.644766418588387,6.599125231741729,13.506889436342153,8.750738371400178,10.230222847293398,2.324266247243045,1.0822686845808493,1.4946141145528684,3.344267981644669,1.5572211288933084,2.150523905831465,10.219178983397377,6.756655815217359,7.926657875010866,14.703854652370328,9.721806928370302,11.40526312951204,2.127816648981773,1.0158303641997373,1.3853858694841867,3.2077637924348337,1.5314025590950815,2.0885214112826933,8.396514245756203,5.356122761684894,6.295477777049145,12.6580616770194,8.074556927163156,9.490670015651977,0.5678391959798995,-0.0021608040201005485,-0.0021608040201005485,0.3869346733668342,-0.0030653266331658324,-0.0030653266331658324,0.27135678391959794,-0.0036432160804020786,-0.0036432160804020786,0.3529411764705882,0.10216718266253866,0.16202270381836947,0.37577639751552794,0.3517587939698492,0.09045226130653261,0.1507537688442211,0.4040404040404041,0.3511705685618729,0.10033444816053505,0.16276477146042367,0.37248322147651003,16.0,-7.0,-7.0,27.0,-16.0,-16.0,32.0,-16.0,-16.0,-0.00021244080533218217,-0.0003520668566089464,0.00014559860258024103,-0.02335139695511579,-0.028152810603159217,-0.025113512010992878,0.9504643962848297,0.2763977842146884,307,-1.0813686847686768
49,1,test,2.2927745730682596,1.0587288756459932,1.4657625624768342,4.334515433756782,2.0015385313307457,2.7710401728576644,9.902374462389952,6.467275630013948,7.615897906953635,18.72054734130655,12.226455388128556,14.397938378839353,2.441704860909262,1.122764258954876,1.5608412917132184,4.360187251623682,2.0049361767051352,2.787216592345032,11.492617364434377,7.7531596605398745,9.07963478007078,20.522531007918527,13.844927965249774,16.213633535840675,2.2927745730682596,1.0587288756459932,1.4657625624768342,4.334515433756782,2.0015385313307457,2.7710401728576644,9.902374462389952,6.467275630013948,7.615897906953635,18.72054734130655,12.226455388128556,14.397938378839353,0.5376884422110553,-0.0023115577889447625,-0.0023115577889447625,0.40703517587939697,-0.00296482412060306,-0.00296482412060306,0.3015075376884422,-0.0034924623115578646,-0.0034924623115578646,0.34496124031007747,0.09157632735069643,0.14264165268121154,0.2996108949416343,0.3467336683417085,0.08858830493318715,0.1380525331163328,0.303030303030303,0.34496124031007747,0.09157632735069643,0.14264165268121154,0.2996108949416343,17.0,-1.0,-1.0,27.0,-3.0,-3.0,34.0,-5.0,-5.0,0.0004193250427518595,9.864016645738771e-05,0.00021016916268396657,-0.0047756847678446235,-0.0054007911842397505,-0.005480886252328787,0.9573643410852714,-0.3716500234578086,247,-0.3119797706604004
518,1,test,2.5850900501822185,1.2568889785744222,1.6976946723239381,4.214050903721699,2.0489012116487157,2.7674748768020363,13.264483505345265,9.490235829746274,10.835688193801277,21.622925166247757,15.470384434791868,17.663656096744546,2.651059794630481,1.2373204095971284,1.703680521111487,4.2416956714087695,1.9797126553554052,2.725888833778379,14.169046970998512,10.05774653999083,11.59010487761598,22.670475153597618,16.09239446398533,18.54416780418557,2.5850900501822185,1.2568889785744222,1.6976946723239381,4.214050903721699,2.0489012116487157,2.7674748768020363,13.264483505345265,9.490235829746274,10.835688193801277,21.622925166247757,15.470384434791868,17.663656096744546,0.6783919597989949,-0.0016080402010050232,-0.0016080402010050232,0.4824120603015075,-0.0025879396984924696,-0.0025879396984924696,0.321608040201005,-0.0033919597989949812,-0.0033919597989949812,0.3966244725738397,0.08925605152120808,0.15539025097496173,0.36016949152542377,0.3919597989949749,0.086195387967406,0.15155913121534215,0.36868686868686873,0.3966244725738397,0.08925605152120808,0.15539025097496173,0.36016949152542377,18.0,-6.0,-6.0,31.0,-13.0,-13.0,36.0,-11.0,-11.0,0.00016476533288696952,2.0492269654987915e-06,1.3564719805552385e-05,-0.006967920930057048,-0.007033526564123704,-0.007046523884250533,0.04219409282700422,0.5886526339121949,10,-0.43523097038269043
102,1,test,3.027983918590471,1.4713949211033188,1.9856180030075292,4.4971832163680965,2.185326184597237,2.949053957129526,20.655547318107022,15.912930771349359,17.819628690534163,30.677765543460726,23.63399777283248,26.465839061089202,3.1377463362135236,1.5128619146009201,2.0518136122920696,4.5147429298036315,2.176779733238734,2.952249801859093,23.0518571388793,17.974025023263682,20.089655692108714,33.168139768171656,25.861906508293067,28.905979413106067,3.027983918590471,1.4713949211033188,1.9856180030075292,4.4971832163680965,2.185326184597237,2.949053957129526,20.655547318107022,15.912930771349359,17.819628690534163,30.677765543460726,23.63399777283248,26.465839061089202,0.7085427135678393,-0.0014572864321606982,-0.0014572864321606982,0.542713567839196,-0.0022864321608039306,-0.0022864321608039306,0.42713567839195976,-0.002864321608040288,-0.002864321608040288,0.4,0.09261477045908184,0.16595744680851066,0.3493975903614458,0.39698492462311563,0.07618291961058432,0.15658425684348287,0.35858585858585856,0.4,0.09261477045908184,0.16595744680851066,0.3493975903614458,23.0,0.0,0.0,36.0,0.0,0.0,44.0,0.0,0.0,0.00039112911762559653,0.00014072154946318828,0.0003708388924950891,-4.4716351397688925e-05,-0.00011232505964553496,0.0001314175181095223,0.04,0.4187518458927256,10,-0.4078865051269531
687,1,test,2.119874032710372,1.0001750783399297,1.3645925390395937,3.363871968073345,1.5871041662280323,2.165371394284385,8.330088102974312,5.266156421776852,6.201877586138833,13.218403277174806,8.356475759106981,9.841302756447849,2.0367849082270655,0.9557698496443263,1.3114364007419268,3.0628344484617522,1.4372478942019942,1.9720848131457545,7.665922890153685,4.718252799306674,5.60047209054099,11.527703594216067,7.095116991438606,8.421762542166901,2.119874032710372,1.0001750783399297,1.3645925390395937,3.363871968073345,1.5871041662280323,2.165371394284385,8.330088102974312,5.266156421776852,6.201877586138833,13.218403277174806,8.356475759106981,9.841302756447849,0.4773869346733668,-0.0026130653266331905,-0.0026130653266331905,0.35678391959798994,-0.0032160804020100464,-0.0032160804020100464,0.25125628140703515,-0.003743718592964851,-0.003743718592964851,0.3522727272727273,0.08762244371885208,0.15076139226013285,0.31558935361216733,0.3517587939698492,0.10614475888212993,0.16478049680791262,0.2727272727272727,0.3522727272727273,0.08762244371885208,0.15076139226013285,0.31558935361216733,23.0,-8.0,-8.0,29.0,-6.0,-6.0,38.0,-10.0,-10.0,-0.0002983006434773818,0.0002971999001697634,0.0004369999760066341,-0.029649270499949587,-0.03346160321274283,-0.03545616235020077,0.03787878787878788,-0.47310734457672327,10,-0.6806182861328125
651,1,test,2.322441388276246,1.0916635220686084,1.4973504103000057,3.4473739357225526,1.6204380405705907,2.2226295152890714,10.20054742814696,6.7766555976923435,7.918459052479765,15.141437588655643,10.059098152824571,11.75396265602465,2.322441388276246,1.0916635220686084,1.4973504103000057,3.4473739357225526,1.6204380405705907,2.2226295152890714,10.20054742814696,6.7766555976923435,7.918459052479765,15.141437588655643,10.059098152824571,11.75396265602465,2.322441388276246,1.0916635220686084,1.4973504103000057,3.4473739357225526,1.6204380405705907,2.2226295152890714,10.20054742814696,6.7766555976923435,7.918459052479765,15.141437588655643,10.059098152824571,11.75396265602465,0.5873015873015873,0.012301587301587369,0.012301587301587369,0.38095238095238093,0.0009523809523809268,0.0009523809523809268,0.26455026455026454,-0.005449735449735482,-0.005449735449735482,0.3492063492063492,0.06688444947020145,0.13303763215889752,0.31382978723404253,0.3492063492063492,0.06688444947020145,0.13303763215889752,0.31382978723404253,0.3492063492063492,0.06688444947020145,0.13303763215889752,0.31382978723404253,14.0,1.0,1.0,22.0,2.0,2.0,27.0,2.0,2.0,0.0006251737669943113,0.00027861978628495313,0.00023066723843179784,-0.03540514356895219,-0.03529380164230478,-0.03524128704835405,0.06349206349206349,-0.5240050184261634,12,-1.0695974826812744
41,1,test,3.0678151140670127,1.495058086713103,2.018433735606628,4.897415694143123,2.3866891143311584,3.222198433347931,21.494887455027552,16.674968915754626,18.639003594810482,34.314127563748805,26.61967929322275,29.755035859185412,3.196790004037344,1.5288497902914,2.084322491001844,4.8436212182383995,2.316439076199091,3.1580643803058237,24.453907131595802,19.152670003337064,21.412052173136395,37.05137444181182,29.019196974753125,32.4425032926309,3.0678151140670127,1.495058086713103,2.018433735606628,4.897415694143123,2.3866891143311584,3.222198433347931,21.494887455027552,16.674968915754626,18.639003594810482,34.314127563748805,26.61967929322275,29.755035859185412,0.7035175879396984,-0.001482412060301641,-0.001482412060301641,0.5527638190954773,-0.0022361809045226,-0.0022361809045226,0.44221105527638194,-0.0027889447236180143,-0.0027889447236180143,0.4204545454545454,0.10665492352637906,0.1924948477215479,0.3460076045627376,0.4170854271356784,0.10630848477978871,0.18169310660145477,0.3434343434343434,0.4204545454545454,0.10665492352637906,0.1924948477215479,0.3460076045627376,21.0,-9.0,-9.0,35.0,-15.0,-15.0,39.0,-10.0,-10.0,2.1857764386769607e-05,0.0004476203677184817,0.0003281635125030916,-0.000141735257445319,-0.00018927773293242467,8.23537205478786e-05,0.946969696969697,0.3831390520721085,250,-0.5325877666473389
553,1,test,1.9514486734306993,0.9153221352114966,1.2567663726841265,4.259248843748744,1.997790051635528,2.7430292134236156,7.038877232496926,4.220597885127068,5.035804634323336,15.3631146552759,9.211913644929515,10.99119098447963,2.0394314931911333,0.9469741919112127,1.3061846118796963,3.960061151827443,1.8387848386625487,2.5362807997664003,7.686238277752037,4.704646530520174,5.604409179788313,14.924734519906867,9.135235981592569,10.882347921919052,1.9514486734306993,0.9153221352114966,1.2567663726841265,4.259248843748744,1.997790051635528,2.7430292134236156,7.038877232496926,4.220597885127068,5.035804634323336,15.3631146552759,9.211913644929515,10.99119098447963,0.48743718592964824,-0.002562814070351749,-0.002562814070351749,0.35678391959798994,-0.0032160804020100464,-0.0032160804020100464,0.27638190954773867,-0.0036180904522613577,-0.0036180904522613577,0.33599999999999997,0.09448303393213564,0.1498297872340425,0.2530120481927711,0.3467336683417085,0.09360083626150795,0.1547470239343629,0.2525252525252525,0.33599999999999997,0.09448303393213564,0.1498297872340425,0.2530120481927711,18.0,-5.0,-5.0,27.0,-6.0,-6.0,35.0,-6.0,-6.0,0.00018992567160071953,0.0004217085124834268,0.0006417961333721661,-0.05128896126337601,-0.05776374548707697,-0.061363890434840584,0.04,0.6578408843010397,10,-0.4189879894256592
366,1,test,1.5065025823321625,0.6962599348959281,0.9590280921614982,2.6229286031676047,1.2122382795063036,1.6697364104597516,4.510926579137036,2.2624730771694397,2.7820453859362093,7.853845383318947,3.939127232571793,4.843739734442508,1.5065025823321625,0.6962599348959281,0.9590280921614982,2.6229286031676047,1.2122382795063036,1.6697364104597516,4.510926579137036,2.2624730771694397,2.7820453859362093,7.853845383318947,3.939127232571793,4.843739734442508,1.5065025823321625,0.6962599348959281,0.9590280921614982,2.6229286031676047,1.2122382795063036,1.6697364104597516,4.510926579137036,2.2624730771694397,2.7820453859362093,7.853845383318947,3.939127232571793,4.843739734442508,0.4278350515463918,-0.002164948453608262,-0.002164948453608262,0.28350515463917525,-0.0014948453608247814,-0.0014948453608247814,0.2010309278350515,0.0010309278350515427,0.0010309278350515427,0.3402061855670103,0.09856094135107207,0.15698700748481853,0.36787564766839376,0.3402061855670103,0.09856094135107207,0.15698700748481853,0.36787564766839376,0.3402061855670103,0.09856094135107207,0.15698700748481853,0.36787564766839376,14.0,1.0,1.0,24.0,1.0,1.0,30.0,1.0,1.0,-0.0003909727457057257,-0.0001636513448497969,-0.00012002321228278293,-0.06421227177827671,-0.06420268934638962,-0.06293233772986273,0.05154639175257732,0.48003868072893446,10,-1.2205724716186523
534,1,test,2.3735710904442753,1.1271482299976159,1.5402236972558776,4.520104946150402,2.1464822814737206,2.9331216495568446,10.735661930990585,7.257782112892433,8.434653688482797,20.444434459886416,13.821341588899502,16.062514415458544,2.3539571711461846,1.1015576634113426,1.5121530692008391,4.526840713742662,2.1183801219448894,2.907986671540075,10.52714512492748,7.028417006435809,8.206595414072595,20.24450985562977,13.516186550838093,15.781914257831914,2.3735710904442753,1.1271482299976159,1.5402236972558776,4.520104946150402,2.1464822814737206,2.9331216495568446,10.735661930990585,7.257782112892433,8.434653688482797,20.444434459886416,13.821341588899502,16.062514415458544,0.5527638190954773,-0.0022361809045226,-0.0022361809045226,0.40703517587939697,-0.00296482412060306,-0.00296482412060306,0.31658291457286436,-0.003417085427135591,-0.003417085427135591,0.37155963302752293,0.09924842021287761,0.16424255985679126,0.30414746543778803,0.3517587939698492,0.09611969622548833,0.15476380231709463,0.2777777777777778,0.37155963302752293,0.09924842021287761,0.16424255985679126,0.30414746543778803,17.0,-2.0,-2.0,24.0,-3.0,-3.0,37.0,-5.0,-5.0,0.0009474353893001676,0.0005138216036088875,0.00025731815789295834,-0.005497593479945273,-0.005964625835388482,-0.005564376112215719,0.05045871559633028,0.3211290597906438,11,-0.43309879302978516
275,1,test,2.0172816437345067,0.971413858574721,1.3141842256232437,3.0175865910408737,1.4531066810084667,1.9658458251058437,7.517860907705274,4.6719938540894,5.4978610961750025,11.24572582061698,6.988685021406457,8.22407320998079,2.0172816437345067,0.971413858574721,1.3141842256232437,3.0175865910408737,1.4531066810084667,1.9658458251058437,7.517860907705274,4.6719938540894,5.4978610961750025,11.24572582061698,6.988685021406457,8.22407320998079,2.0172816437345067,0.971413858574721,1.3141842256232437,3.0175865910408737,1.4531066810084667,1.9658458251058437,7.517860907705274,4.6719938540894,5.4978610961750025,11.24572582061698,6.988685021406457,8.22407320998079,0.5222222222222221,0.047222222222222165,0.047222222222222165,0.35,0.030000000000000027,0.030000000000000027,0.23888888888888893,0.018888888888888955,0.018888888888888955,0.34444444444444444,0.08405663281009546,0.13964739647396474,0.2849162011173184,0.34444444444444444,0.08405663281009546,0.13964739647396474,0.2849162011173184,0.34444444444444444,0.08405663281009546,0.13964739647396474,0.2849162011173184,17.0,0.0,0.0,25.0,1.0,1.0,32.0,1.0,1.0,0.0006829984478354345,0.0003629812095963218,0.00015913649641010203,-0.02827044463803219,-0.02782624250128407,-0.02756595844005716,0.06111111111111111,0.35110799041601043,11,-0.626173734664917
675,1,test,2.625162547891243,1.2774473340506107,1.7187773998384461,4.82512271126489,2.3479841844169673,3.159161277167848,13.806818272871396,9.95819607394283,11.331459985661066,25.377320909996016,18.30344489647238,20.827542649700973,2.6379654499328926,1.2699011644872795,1.7236119690610747,4.5093426494579365,2.170771221345777,2.9463452462582476,13.984722026818996,10.056981678859817,11.489560466175895,23.90550773815213,17.191421673264642,19.640274301155376,2.625162547891243,1.2774473340506107,1.7187773998384461,4.82512271126489,2.3479841844169673,3.159161277167848,13.806818272871396,9.95819607394283,11.331459985661066,25.377320909996016,18.30344489647238,20.827542649700973,0.7185929648241206,-0.0014070351758793676,-0.0014070351758793676,0.4773869346733668,-0.0026130653266331905,-0.0026130653266331905,0.36180904522613067,-0.0031909547738693256,-0.0031909547738693256,0.4192307692307692,0.09485456961464633,0.164755065905961,0.3938223938223938,0.40703517587939697,0.08623317086686566,0.15327891544534022,0.3737373737373737,0.4192307692307692,0.09485456961464633,0.164755065905961,0.3938223938223938,20.0,-7.0,-7.0,31.0,-10.0,-10.0,39.0,-9.0,-9.0,0.00019154274283689476,0.00011138850699018337,0.00014138462348854588,-0.00011401557000390028,-0.0001672912548489336,9.637194842149199e-05,0.9576923076923077,-0.653697412050902,249,-0.44917893409729004
832,1,test,2.799340581982367,1.3539385121438854,1.8331751159139076,4.8101345211528,2.326485894106394,3.1499628752323483,16.433806449267156,12.190248442725599,13.805957908510132,28.23837164521962,20.94662408468342,23.72291358927093,2.775052729921939,1.3498487587565993,1.8234738002388653,4.743679880208443,2.307433775652307,3.117049231177548,16.03947273350281,11.880766721139167,13.44967719564545,27.41790210855181,20.309002942118234,22.990901189137524,2.799340581982367,1.3539385121438854,1.8331751159139076,4.8101345211528,2.326485894106394,3.1499628752323483,16.433806449267156,12.190248442725599,13.805957908510132,28.23837164521962,20.94662408468342,23.72291358927093,0.6532663316582914,-0.0017336683417086274,-0.0017336683417086274,0.5025125628140703,-0.0024874371859296973,-0.0024874371859296973,0.38190954773869346,-0.0030904522613065533,-0.0030904522613065533,0.4238683127572016,0.11380671111449114,0.19678212944666806,0.3842975206611571,0.4170854271356784,0.11883981310059066,0.19337925017407576,0.36868686868686873,0.4238683127572016,0.11380671111449114,0.19678212944666806,0.3842975206611571,18.0,0.0,0.0,29.0,0.0,0.0,36.0,1.0,1.0,-0.0002229952460274295,0.00012938045030285467,7.913676493521075e-05,3.793101625682027e-06,-7.384872300431056e-05,-9.33731963588258e-05,0.0411522633744856,-0.22471639093884452,10,-0.4369950294494629
303,1,test,3.106577617753274,1.51422976764947,2.0411074536592766,4.627729416791084,2.2556802056019687,3.0405462757958883,22.344442172257825,17.4291664502039,19.442238997193733,33.28551385660476,25.96344795340719,28.962231885474804,3.178526233919408,1.5147352176905942,2.067552862587754,4.640184283094026,2.2112922885994073,3.0183253468434366,24.011340364118457,18.732053546212324,20.974026974291085,35.0530516264503,27.34606357111288,30.619017480716906,3.106577617753274,1.51422976764947,2.0411074536592766,4.627729416791084,2.2556802056019687,3.0405462757958883,22.344442172257825,17.4291664502039,19.442238997193733,33.28551385660476,25.96344795340719,28.962231885474804,0.6934673366834171,-0.0015326633165829717,-0.0015326633165829717,0.5175879396984925,-0.002412060301507535,-0.002412060301507535,0.40703517587939697,-0.00296482412060306,-0.00296482412060306,0.39534883720930236,0.09836507850860632,0.16505517414902415,0.397196261682243,0.39698492462311563,0.09873931058802787,0.16827040041610397,0.4040404040404041,0.39534883720930236,0.09836507850860632,0.16505517414902415,0.397196261682243,17.0,0.0,0.0,30.0,-4.0,-4.0,40.0,-4.0,-4.0,-0.00026016280618149307,6.702690357919665e-05,-4.745156066486554e-05,0.00019783091371916584,8.005662356502796e-05,3.348293033322847e-05,0.05116279069767442,0.48231819947215887,11,-0.7725467681884766
113,1,test,2.660417626795782,1.2674129101207787,1.7269145340637528,4.600305479667707,2.1915681570838466,2.9861230484852395,14.302260858982223,10.275329177240206,11.758857491194059,24.73099273532343,17.767756702311193,20.333024411856396,2.759873399964502,1.2937993869347721,1.7639899826392638,4.561774214817359,2.13851138336326,2.9156859217177917,15.797842814193482,11.465649239252922,13.09072801684126,26.112136882964432,18.9514863458726,21.63756696998555,2.660417626795782,1.2674129101207787,1.7269145340637528,4.600305479667707,2.1915681570838466,2.9861230484852395,14.302260858982223,10.275329177240206,11.758857491194059,24.73099273532343,17.767756702311193,20.333024411856396,0.6783919597989949,-0.0016080402010050232,-0.0016080402010050232,0.507537688442211,-0.0024623115577889765,-0.0024623115577889765,0.3668341708542714,-0.0031658291457286047,-0.0031658291457286047,0.3951612903225806,0.10743493217368727,0.17532214823142778,0.3643724696356275,0.3919597989949749,0.086195387967406,0.15823692754255425,0.3787878787878788,0.3951612903225806,0.10743493217368727,0.17532214823142778,0.3643724696356275,17.0,-4.0,-4.0,29.0,-12.0,-12.0,40.0,-17.0,-17.0,9.607460393614949e-05,0.00019320360847886828,0.00010170481090515936,-3.085650767697956e-05,-0.00010133182060556578,-0.00011602607612637428,0.05241935483870968,0.30985581636358056,13,-0.23925304412841797
749,1,test,3.0955701392720316,1.5157562888498206,2.039452155119145,5.303599189661872,2.596925110267175,3.4941662797495834,22.099834930154447,17.245782782780527,19.224647158050054,37.86335355166322,29.54697050196664,32.937332543512326,3.017674968458581,1.4780779553119454,1.9900349271380948,5.202887876652726,2.5484102677792166,3.4310947019622327,20.443704127425292,15.780993246282573,17.64924089835209,35.24776573694016,27.20860904531478,30.429725686813953,3.0955701392720316,1.5157562888498206,2.039452155119145,5.303599189661872,2.596925110267175,3.4941662797495834,22.099834930154447,17.245782782780527,19.224647158050054,37.86335355166322,29.54697050196664,32.937332543512326,0.6733668341708543,-0.001633165829145744,-0.001633165829145744,0.5477386934673367,-0.002261306532663321,-0.002261306532663321,0.44723618090452266,-0.0027638190954772934,-0.0027638190954772934,0.4508196721311475,0.14407120587347877,0.22329923616384506,0.34979423868312753,0.44723618090452266,0.14648430120527456,0.221860554861117,0.31818181818181823,0.4508196721311475,0.14407120587347877,0.22329923616384506,0.34979423868312753,22.0,0.0,0.0,34.0,0.0,0.0,45.0,0.0,0.0,0.0003581087283379533,-8.330234772392002e-05,0.00024630566663683557,-3.136820234672655e-06,-7.934534252473924e-05,-9.790377231322367e-05,0.930327868852459,0.25281086406549913,227,-0.2683980464935303
908,1,test,2.98949900956664,1.4626611102654457,1.971042944171815,4.768962705737258,2.3332927235186864,3.144282791893133,19.875722450026704,15.272125703900695,17.106806013846356,31.706509622661645,24.362676718127297,27.289428641135853,3.049329693433852,1.4563980749719572,1.9840842002448316,4.691276451436695,2.2406124230337805,3.0524372311458947,21.1011954111451,16.183049468963013,18.199644203452984,32.46337755560784,24.89699918302002,27.9994526206969,2.98949900956664,1.4626611102654457,1.971042944171815,4.768962705737258,2.3332927235186864,3.144282791893133,19.875722450026704,15.272125703900695,17.106806013846356,31.706509622661645,24.362676718127297,27.289428641135853,0.6834170854271358,-0.0015829145728643024,-0.0015829145728643024,0.5628140703517588,-0.0021859296482411583,-0.0021859296482411583,0.4120603015075377,-0.0029396984924623393,-0.0029396984924623393,0.40074906367041196,0.09794532535265499,0.1691176813540981,0.37593984962406013,0.4120603015075377,0.09376456215916673,0.17666798097331404,0.3787878787878788,0.40074906367041196,0.09794532535265499,0.1691176813540981,0.37593984962406013,22.0,-5.0,-5.0,32.0,-3.0,-3.0,42.0,-4.0,-4.0,0.0002668747819834716,0.0002834304527418627,0.0001241534966111751,-0.00016252502302549487,0.00022759863213561715,7.184004964067014e-05,0.951310861423221,-0.4429891568562037,254,-0.31722187995910645
437,1,test,2.7588819589016316,1.3251581946060695,1.8010722267002284,4.316042328343044,2.0731002430953853,2.8176283301138545,15.782187945844708,11.587899255273665,13.17620552716766,24.689925927548472,18.128308650888254,20.613082266427938,2.7468078460538643,1.299130689907151,1.7804505259562395,4.225858224698253,1.9986625998571554,2.739154655317291,15.59277780836732,11.339554350407848,12.96442505591374,23.98888893594972,17.44546823139669,19.945269316790366,2.7588819589016316,1.3251581946060695,1.8010722267002284,4.316042328343044,2.0731002430953853,2.8176283301138545,15.782187945844708,11.587899255273665,13.17620552716766,24.689925927548472,18.128308650888254,20.613082266427938,0.6231155778894473,-0.0018844221105527303,-0.0018844221105527303,0.46733668341708545,-0.002663316582914521,-0.002663316582914521,0.35678391959798994,-0.0032160804020100464,-0.0032160804020100464,0.3700787401574803,0.08520644153272594,0.14494785010512434,0.34782608695652173,0.371859296482412,0.08865127643228665,0.15149201768441534,0.33838383838383834,0.3700787401574803,0.08520644153272594,0.14494785010512434,0.34782608695652173,19.0,-2.0,-2.0,30.0,-2.0,-2.0,40.0,-3.0,-3.0,-9.43125258493024e-05,-0.00012290856933378248,8.916720110171572e-05,-7.243603883999583e-05,-0.00013431153772813786,0.00011739929023413254,0.047244094488188976,0.4157771940000662,12,-0.6431326866149902
491,1,test,1.7713433237087364,0.846823869058477,1.1544554049296076,3.7623881449317347,1.798680155984672,2.452099077137306,5.878745117298139,3.3580884378720577,4.025593217927662,12.48663691581155,7.1326839688135175,8.550484819474258,1.8966591296878472,0.8915117138260751,1.2247396168758526,3.6828332615298005,1.7310907064583982,2.378135178399714,6.663595006529408,3.931284977552983,4.7056028997917005,12.93901943015419,7.6335630632096745,9.137093009304271,1.7713433237087364,0.846823869058477,1.1544554049296076,3.7623881449317347,1.798680155984672,2.452099077137306,5.878745117298139,3.3580884378720577,4.025593217927662,12.48663691581155,7.1326839688135175,8.550484819474258,0.48743718592964824,-0.002562814070351749,-0.002562814070351749,0.3266331658291457,-0.0033668341708542604,-0.0033668341708542604,0.25125628140703515,-0.003743718592964851,-0.003743718592964851,0.315018315018315,0.06821758375688902,0.11769797397081194,0.2536764705882353,0.3316582914572864,0.08353799070540668,0.12965495255912285,0.26262626262626265,0.315018315018315,0.06821758375688902,0.11769797397081194,0.2536764705882353,15.0,-4.0,-4.0,25.0,-6.0,-6.0,33.0,-6.0,-6.0,0.0006635147565012205,0.0009013956697697509,0.00029967358933032426,-0.053120490370441864,-0.0572338189522803,-0.05041638837833773,0.9597069597069597,-0.24319344772238793,262,-0.29560935497283936
526,1,test,2.978175379720002,1.415242665410264,1.9330362364752396,4.8883154508507625,2.322950030121675,3.1728456846972906,19.651926608045112,14.879128614857269,16.808132417170036,32.25626574286026,24.422293864386415,27.5885207950791,2.874178710415838,1.3513263136819809,1.853309149387682,4.5986859366653405,2.1621221018911694,2.9652946390202914,17.710872391665834,13.125586778418764,14.935265116850616,28.337395826665336,21.000938845470024,23.896424186960985,2.978175379720002,1.415242665410264,1.9330362364752396,4.8883154508507625,2.322950030121675,3.1728456846972906,19.651926608045112,14.879128614857269,16.808132417170036,32.25626574286026,24.422293864386415,27.5885207950791,0.6733668341708543,-0.001633165829145744,-0.001633165829145744,0.4974874371859297,-0.002512562814070307,-0.002512562814070307,0.35678391959798994,-0.0032160804020100464,-0.0032160804020100464,0.3755274261603375,0.07658005773928489,0.1385007781939981,0.36016949152542377,0.37688442211055273,0.08365133940378577,0.14483099973993507,0.33333333333333337,0.3755274261603375,0.07658005773928489,0.1385007781939981,0.36016949152542377,16.0,0.0,0.0,26.0,0.0,0.0,34.0,0.0,0.0,-2.6890449334343982e-05,1.117459436244896e-05,3.279552795419155e-05,4.537263278781012e-05,-4.0869005880850295e-05,-6.618974063954397e-05,0.9535864978902954,-0.571465921908732,226,-0.306290864944458
141,1,test,2.7119473894797315,1.285776294564553,1.7511580377590765,5.033820154445254,2.3866121631985875,3.2504371796760934,15.058571884363477,10.89584194314174,12.444813049978231,27.951184799058232,20.224473743776787,23.099618743452744,2.7532857507950443,1.3057269888665288,1.777492272806029,4.873072125300964,2.311021219232795,3.1460040226655384,15.694114207062286,11.441394276360993,13.040842518434637,27.777193286835907,20.25025535639114,23.08113720076927,2.7119473894797315,1.285776294564553,1.7511580377590765,5.033820154445254,2.3866121631985875,3.2504371796760934,15.058571884363477,10.89584194314174,12.444813049978231,27.951184799058232,20.224473743776787,23.099618743452744,0.6281407035175879,-0.0018592964824121205,-0.0018592964824121205,0.4522613065326633,-0.0027386934673366836,-0.0027386934673366836,0.3417085427135679,-0.003291457286432098,-0.003291457286432098,0.37777777777777777,0.09311973711234334,0.1548713738368911,0.33457249070631967,0.37688442211055273,0.09868893338874818,0.15651714331255606,0.31818181818181823,0.37777777777777777,0.09311973711234334,0.1548713738368911,0.33457249070631967,18.0,0.0,0.0,28.0,0.0,0.0,38.0,0.0,0.0,0.00011036946113483976,0.0003267216565586422,0.0002624743893674723,-0.009534372871732089,-0.010273008279877871,-0.010336996053688985,0.9407407407407408,-0.28563112441589933,254,-0.5700581073760986
706,1,test,1.955313700302957,0.9548743908216832,1.2868907517987345,2.860252272343995,1.3967997287226275,1.882476554284099,7.0661353248480046,4.346659067066089,5.1149775081952455,10.336412830562782,6.358335990666923,7.482239826037672,1.955313700302957,0.9548743908216832,1.2868907517987345,2.860252272343995,1.3967997287226275,1.882476554284099,7.0661353248480046,4.346659067066089,5.1149775081952455,10.336412830562782,6.358335990666923,7.482239826037672,1.955313700302957,0.9548743908216832,1.2868907517987345,2.860252272343995,1.3967997287226275,1.882476554284099,7.0661353248480046,4.346659067066089,5.1149775081952455,10.336412830562782,6.358335990666923,7.482239826037672,0.4772727272727273,0.04227272727272724,0.04227272727272724,0.3352272727272727,0.04022727272727267,0.04022727272727267,0.26136363636363635,0.03136363636363637,0.03136363636363637,0.3352272727272727,0.08593548802472317,0.15409519725557463,0.26857142857142857,0.3352272727272727,0.08593548802472317,0.15409519725557463,0.26857142857142857,0.3352272727272727,0.08593548802472317,0.15409519725557463,0.26857142857142857,14.0,0.0,0.0,22.0,0.0,0.0,25.0,1.0,1.0,-0.00010940883928035076,0.00019691220781046603,0.00038192848331515143,-0.03501039124503613,-0.039661966820930594,-0.04239164709586518,0.056818181818181816,0.2840425556386202,10,-0.8282241821289062
548,1,test,3.022794850715494,1.4501922096394495,1.9721997865539282,5.71497151463398,2.7417696463495838,3.7286902214535202,20.54864189071966,15.72946742329091,17.68928978084044,38.84977607464186,29.738524347159377,33.44381349190146,2.991642211362645,1.4013136449581713,1.9275706475154941,5.489251763968156,2.571217697170957,3.536826876175219,19.918365814423215,15.013005414219508,17.020218824284363,36.54746020995085,27.546798925173405,31.229759310613506,3.022794850715494,1.4501922096394495,1.9721997865539282,5.71497151463398,2.7417696463495838,3.7286902214535202,20.54864189071966,15.72946742329091,17.68928978084044,38.84977607464186,29.738524347159377,33.44381349190146,0.7185929648241206,-0.0014070351758793676,-0.0014070351758793676,0.542713567839196,-0.0022864321608039306,-0.0022864321608039306,0.3668341708542714,-0.0031658291457286047,-0.0031658291457286047,0.3775933609958506,0.048400814411999726,0.1265588782372299,0.35416666666666663,0.3668341708542714,0.03600710318509848,0.11808625766562364,0.3434343434343434,0.3775933609958506,0.048400814411999726,0.1265588782372299,0.35416666666666663,21.0,-5.0,-5.0,34.0,-9.0,-9.0,38.0,-6.0,-6.0,-2.71653135501244e-05,0.00012022335247731725,1.8939185727838392e-05,1.765294534639139e-05,-6.285548396256502e-05,-8.431204445269458e-05,0.9336099585062241,-0.2988533339236721,225,-0.016936779022216797
609,1,test,2.4216316770762205,1.1366650914654437,1.5629806606145706,4.098145915052065,1.9235870778645965,2.6450441948861965,11.264223904193592,7.649676726880275,8.904248926139994,19.062532760943,12.945606768566616,15.06872895192922,2.4216316770762205,1.1366650914654437,1.5629806606145706,4.098145915052065,1.9235870778645965,2.6450441948861965,11.264223904193592,7.649676726880275,8.904248926139994,19.062532760943,12.945606768566616,15.06872895192922,2.4216316770762205,1.1366650914654437,1.5629806606145706,4.098145915052065,1.9235870778645965,2.6450441948861965,11.264223904193592,7.649676726880275,8.904248926139994,19.062532760943,12.945606768566616,15.06872895192922,0.5725190839694656,0.17251908396946558,0.17251908396946558,0.45038167938931295,0.1453816793893129,0.1453816793893129,0.3435114503816794,0.10851145038167942,0.10851145038167942,0.40458015267175573,0.1232113313789801,0.19698521596289498,0.3769230769230769,0.40458015267175573,0.1232113313789801,0.19698521596289498,0.3769230769230769,0.40458015267175573,0.1232113313789801,0.19698521596289498,0.3769230769230769,15.0,2.0,2.0,23.0,3.0,3.0,28.0,4.0,4.0,-1.464437325937936e-06,-1.662010566722913e-05,-3.6649285247391883e-05,-0.010403661140948373,-0.01057757278670568,-0.010423798551378205,0.9083969465648855,-0.5238816624273677,119,-0.40688586235046387
961,1,test,2.7244548961392283,1.3048176992702918,1.7765162767955935,4.147418599855259,1.98631484156433,2.7043782812366044,15.248099862946134,11.112480110700437,12.667714845562541,23.212075587542206,16.916450614378373,19.283973554709856,2.705294007718728,1.2631954312541651,1.7424594215396385,3.9783735407628353,1.8576403400796546,2.5624403257935864,14.958714021454313,10.729151451026212,12.339603967050495,21.99810885507987,15.778163898567957,18.14647642213308,2.7244548961392283,1.3048176992702918,1.7765162767955935,4.147418599855259,1.98631484156433,2.7043782812366044,15.248099862946134,11.112480110700437,12.667714845562541,23.212075587542206,16.916450614378373,19.283973554709856,0.6683417085427136,-0.0016582914572863539,-0.0016582914572863539,0.4974874371859297,-0.002512562814070307,-0.002512562814070307,0.37688442211055273,-0.003115577889447274,-0.003115577889447274,0.4159663865546218,0.10359741380829057,0.1827261630909347,0.3966244725738397,0.40201005025125625,0.08872684223120608,0.16494828063522948,0.3787878787878788,0.4159663865546218,0.10359741380829057,0.1827261630909347,0.3966244725738397,18.0,-7.0,-7.0,27.0,-8.0,-8.0,35.0,-8.0,-8.0,0.00014879326966850507,-0.0001239428470207198,-7.322767026687738e-05,-0.006974850851915626,-0.006074558225794391,-0.005654987631283248,0.9537815126050421,0.49874724394986747,227,-0.30879926681518555
973,1,test,2.6440536406405113,1.2685882663651424,1.725727308722558,4.535286453043099,2.175981262445765,2.960101703156054,14.07012338760601,10.113205645373188,11.565029204395781,24.134169977351977,17.3469569056054,19.8372375936511,2.702100649708882,1.2663480057833099,1.7441746581589297,4.466282065634516,2.093137199641835,2.8829333192709585,14.911021682102527,10.708214646218202,12.304736275994934,24.646316829921535,17.69952834085654,20.338407067760222,2.6440536406405113,1.2685882663651424,1.725727308722558,4.535286453043099,2.175981262445765,2.960101703156054,14.07012338760601,10.113205645373188,11.565029204395781,24.134169977351977,17.3469569056054,19.8372375936511,0.6783919597989949,-0.0016080402010050232,-0.0016080402010050232,0.507537688442211,-0.0024623115577889765,-0.0024623115577889765,0.35678391959798994,-0.0032160804020100464,-0.0032160804020100464,0.38211382113821135,0.0772357723577235,0.1449864498644986,0.33061224489795915,0.3919597989949749,0.085427135678392,0.15577889447236182,0.3282828282828283,0.38211382113821135,0.0772357723577235,0.1449864498644986,0.33061224489795915,17.0,-6.0,-6.0,28.0,-9.0,-9.0,35.0,-11.0,-11.0,0.000624531446218566,4.8641936383974026e-05,7.87096207185822e-05,-1.699666395538202e-05,-9.033858156382024e-05,-0.00010696492421935488,0.052845528455284556,0.42382178216060257,13,-0.3213918209075928
648,1,test,2.4816541324617263,1.1974312622323207,1.6205025659511978,4.1656337223464694,2.0099739044613956,2.720129307132368,11.961033196538468,8.34917321417964,9.595149598617056,20.07744857990386,14.014683609515826,16.1061439691072,2.4390326221734893,1.1556430712409327,1.5805966384811554,3.965906702721121,1.8790944247820045,2.570075834928708,11.46194734419663,7.853095940731093,9.10247978354044,18.63731275479127,12.769261692245681,14.800780135838117,2.4816541324617263,1.1974312622323207,1.6205025659511978,4.1656337223464694,2.0099739044613956,2.720129307132368,11.961033196538468,8.34917321417964,9.595149598617056,20.07744857990386,14.014683609515826,16.1061439691072,0.6381909547738693,-0.0018090452261306789,-0.0018090452261306789,0.4120603015075377,-0.0029396984924623393,-0.0029396984924623393,0.31658291457286436,-0.003417085427135591,-0.003417085427135591,0.38888888888888884,0.08119658119658113,0.1581196581196581,0.3819742489270386,0.3869346733668342,0.08291457286432158,0.15577889447236182,0.36868686868686873,0.38888888888888884,0.08119658119658113,0.1581196581196581,0.3819742489270386,19.0,0.0,0.0,32.0,0.0,0.0,41.0,0.0,0.0,0.00015460476841712417,-7.65357972420869e-05,4.4773347668328635e-05,-0.004609366643192558,-0.005268872315753903,-0.005636865327469209,0.042735042735042736,0.20636823979605393,10,-0.4622926712036133
60,0,test,3.371659547880047,1.6580295121617195,2.2291520267903904,5.273621344120073,2.5933282113298692,3.486622400877277,29.126824330464338,23.577756053069834,25.992205689407175,45.55734061944422,36.878028698391276,40.65447556548302,3.480336540617311,1.684899832600999,2.2827913557741497,5.194532150175091,2.51477586955373,3.4071512772748505,32.47064792916253,26.448543880407993,29.158671284243855,48.46365362561571,39.47543862747461,43.520404901856494,3.371659547880047,1.6580295121617195,2.2291520267903904,5.273621344120073,2.5933282113298692,3.486622400877277,29.126824330464338,23.577756053069834,25.992205689407175,45.55734061944422,36.878028698391276,40.65447556548302,0.7236180904522613,-0.0013819095477386467,-0.0013819095477386467,0.5879396984924623,-0.002060301507537776,-0.002060301507537776,0.4623115577889447,-0.002688442211055242,-0.002688442211055242,0.41975308641975306,0.11790503713843892,0.1830909797166067,0.3925619834710744,0.4321608040201005,0.12890265865669193,0.19843793256767983,0.4040404040404041,0.41975308641975306,0.11790503713843892,0.1830909797166067,0.3925619834710744,21.0,-7.0,-7.0,34.0,-10.0,-10.0,39.0,-5.0,-5.0,3.7524399369898854e-05,0.00022638557567031373,0.0003498214946527306,3.793101625682027e-06,-7.384872300431056e-05,-9.33731963588258e-05,0.9547325102880658,-0.3489450075092722,232,-0.3624300956726074
32,0,test,2.6717811661912405,1.2765327580635186,1.7376308031595893,4.389354773028466,2.0971609596757803,2.8546791766193245,14.46571209712118,10.429735079507399,11.920661926967453,23.76509844527051,17.13456477347644,19.583944594303674,2.7669397163518994,1.296163589282105,1.7845383357456903,4.160811603536691,1.9491181793715864,2.6835162943544217,15.909870715900345,11.557258705441361,13.239008411807193,23.924617617895255,17.37933639915994,19.908283326025852,2.6717811661912405,1.2765327580635186,1.7376308031595893,4.389354773028466,2.0971609596757803,2.8546791766193245,14.46571209712118,10.429735079507399,11.920661926967453,23.76509844527051,17.13456477347644,19.583944594303674,0.5778894472361809,-0.002110552763819218,-0.002110552763819218,0.4623115577889447,-0.002688442211055242,-0.002688442211055242,0.3467336683417085,-0.003266331658291488,-0.003266331658291488,0.373015873015873,0.1037089423228037,0.16457260124806294,0.3187250996015937,0.3668341708542714,0.1111950731099105,0.1681697301197138,0.31818181818181823,0.373015873015873,0.1037089423228037,0.16457260124806294,0.3187250996015937,15.0,0.0,0.0,26.0,0.0,0.0,30.0,0.0,0.0,-0.00021540986362143284,0.00045822105389229506,0.0003346925679279686,-5.857619511928647e-05,-0.00012331829868550415,0.00012440840417138332,0.03968253968253968,0.6740115991412128,10,-0.5221767425537109
622,0,test,3.3823721292578095,1.6380219919457328,2.2174888744490224,6.253455448278974,3.0284360083647854,4.099775942295286,29.440525078774105,23.718343444252582,26.234976449804687,54.430738227035846,43.85135590274606,48.504200645569135,3.3602540006703996,1.5721647253393949,2.160598271319741,5.508613115853114,2.5773192218678607,3.54196437921269,28.796504281791524,22.81848508359747,25.47753018113252,47.2073840685107,37.40735259606143,41.76644291988938,3.4291640453237076,1.6604534914386042,2.247616266133832,6.272861058518978,3.037414923363301,4.11149316975701,30.850842061387755,24.987553970510575,27.591426905696213,56.43446718546541,45.70894018995837,50.472122388468684,0.7336683417085428,-0.001331658291457205,-0.001331658291457205,0.5728643216080402,-0.0021356783919597166,-0.0021356783919597166,0.4723618090452262,-0.0026381909547738003,-0.0026381909547738003,0.4006309148264984,0.10456792270051407,0.17502755700907968,0.370253164556962,0.4170854271356784,0.11132101610810952,0.17835420843784866,0.36868686868686873,0.4046822742474916,0.10752033768655667,0.17887582263458834,0.37583892617449666,17.0,-7.0,-7.0,27.0,-14.0,-14.0,36.0,-16.0,-16.0,0.0004971851957120178,0.0002716110998784477,9.729737651661505e-05,0.00043595439539778624,3.3922379648387846e-05,-0.00010338779879681681,0.9589905362776026,-0.36627808584427257,304,-0.7962381839752197
551,0,test,2.211404267063037,1.0725110261165887,1.4516279444142204,4.185219645929219,2.0297935948818084,2.7472958617426153,9.128526285476998,6.0052165851799835,6.9907282954546215,17.276301813010186,11.365244611621621,13.230386608752962,2.137060764037072,1.0048099246556164,1.3799866103346687,3.9945061010038723,1.8781493918796568,2.579414224924614,8.474492453978899,5.371860280677357,6.342463357526102,15.84017281117551,10.040860337714683,11.855071696310468,2.211404267063037,1.0725110261165887,1.4516279444142204,4.185219645929219,2.0297935948818084,2.7472958617426153,9.128526285476998,6.0052165851799835,6.9907282954546215,17.276301813010186,11.365244611621621,13.230386608752962,0.5025125628140703,-0.0024874371859296973,-0.0024874371859296973,0.3869346733668342,-0.0030653266331658324,-0.0030653266331658324,0.27638190954773867,-0.0036180904522613577,-0.0036180904522613577,0.36403508771929827,0.10582939844139894,0.17453071454145574,0.3568281938325991,0.36180904522613067,0.10867621314593012,0.17816964622780007,0.33333333333333337,0.36403508771929827,0.10582939844139894,0.17453071454145574,0.3568281938325991,18.0,-3.0,-3.0,28.0,-3.0,-3.0,34.0,-5.0,-5.0,-8.705948570258348e-05,-0.00019627749730165533,-3.802459793405076e-05,-0.01960776807428566,-0.01893944334395581,-0.019893490473414488,0.9517543859649122,0.42403764174780156,217,-0.3388545513153076
899,0,test,3.024462038616147,1.4623281749422543,1.9819103694059692,5.489486012285955,2.654167901340277,3.5972246011183486,20.582928911365933,15.813942148385188,17.746483452692576,37.35861085646765,28.702762049670227,32.210380370783064,3.110749749796133,1.4962994267026997,2.032924043915691,5.31752093982245,2.557776797782393,3.4750838357533187,22.437860877502153,17.412735908478048,19.49957697034338,38.35531773931992,29.7653605273129,33.332610205715184,3.0381678840134567,1.4713197007467282,1.9928337339726918,5.557624178073397,2.6914384769757222,3.645427562145168,20.86697746912368,16.075455100121182,18.02262866498003,38.171300248396975,29.406320305099726,32.9682231676464,0.6683417085427136,-0.0016582914572863539,-0.0016582914572863539,0.5326633165829145,-0.0023366834170853723,-0.0023366834170853723,0.39698492462311563,-0.0030150753768843908,-0.0030150753768843908,0.3993610223642172,0.1059000973243448,0.1772568778371184,0.3717948717948718,0.38190954773869346,0.09118273069608696,0.1582033707770908,0.3535353535353535,0.39799331103678925,0.10583972172126332,0.18108563584212856,0.37248322147651003,20.0,0.0,0.0,33.0,0.0,0.0,39.0,0.0,0.0,0.0006525207927041367,9.688242347493673e-05,0.00011754239613853385,-0.002768389028717344,-0.0034469122987736966,-0.0042775700566881625,0.03514376996805112,-0.17769973411420406,11,-0.5003745555877686
119,0,test,2.116204358402249,0.9899384081323179,1.3632324086961742,3.535770014970217,1.6539964707303945,2.2776988691880176,8.299575412737754,5.2154566932024125,6.176274420093787,13.86699245979165,8.714023915971733,10.319365335436203,2.259990487693495,1.043898872198668,1.4470248727891728,3.4242280116568105,1.5816649578767694,2.1924619284684437,9.582998009916516,6.209022871578993,7.328413699000993,14.519693954418962,9.407610411483322,11.103657119698475,2.116204358402249,0.9899384081323179,1.3632324086961742,3.535770014970217,1.6539964707303945,2.2776988691880176,8.299575412737754,5.2154566932024125,6.176274420093787,13.86699245979165,8.714023915971733,10.319365335436203,0.5979899497487438,-0.0020100502512562235,-0.0020100502512562235,0.39698492462311563,-0.0030150753768843908,-0.0030150753768843908,0.2864321608040201,-0.003567839195979916,-0.003567839195979916,0.35820895522388063,0.06156716417910446,0.14552238805970152,0.35205992509363293,0.35678391959798994,0.06281407035175879,0.14405360134003353,0.36363636363636365,0.35820895522388063,0.06156716417910446,0.14552238805970152,0.35205992509363293,16.0,0.0,0.0,25.0,0.0,0.0,33.0,0.0,0.0,0.00015536937425971668,6.982732715321243e-05,-8.955548281751258e-05,-0.010519618614531545,-0.010265261229777778,-0.010329986939751734,0.03731343283582089,0.3494145352628188,10,-0.4045250415802002
203,0,test,2.520464316061172,1.2160023293943705,1.6471009695004448,4.55309682901373,2.19664936922854,2.975408202968545,12.434368800570526,8.748663199146122,10.039416423000707,22.462085575224176,15.804036746844607,18.13571998993676,2.6752011356837277,1.2582318034195226,1.725774513805991,4.280321817093965,2.0131708854712365,2.761239222089586,14.515269084570722,10.390667901320171,11.93104158964313,23.224430535313154,16.62506864211227,19.089666543429004,2.520464316061172,1.2160023293943705,1.6471009695004448,4.55309682901373,2.19664936922854,2.975408202968545,12.434368800570526,8.748663199146122,10.039416423000707,22.462085575224176,15.804036746844607,18.13571998993676,0.6683417085427136,-0.0016582914572863539,-0.0016582914572863539,0.4824120603015075,-0.0025879396984924696,-0.0025879396984924696,0.3668341708542714,-0.0031658291457286047,-0.0031658291457286047,0.3799283154121864,0.1008585479703259,0.16061961457785978,0.32014388489208634,0.39698492462311563,0.10876437324466948,0.15992315500708887,0.3282828282828283,0.3799283154121864,0.1008585479703259,0.16061961457785978,0.32014388489208634,15.0,0.0,0.0,26.0,0.0,0.0,31.0,0.0,0.0,0.0003918383946374381,0.00036992216485873193,0.0002261553782355251,-0.0002456840853515274,0.00018111633153772289,2.978536601450088e-05,0.03942652329749104,0.6595327374724572,11,-0.4813690185546875
829,0,test,2.4659419647936502,1.1929317872003236,1.6163757780429917,4.170790730576914,2.01767475119067,2.7338701431097507,11.774568158512478,8.20298064861727,9.43593605626779,19.915010342175425,13.87417714642674,15.959546169243051,2.4602959618806293,1.174864097289755,1.600497939682135,3.844212440438483,1.8357251520152422,2.500778030753336,11.70827623069954,8.092046889254588,9.3455927947959,18.29418161046803,12.643823264460295,14.602488741868594,2.4659419647936502,1.1929317872003236,1.6163757780429917,4.170790730576914,2.01767475119067,2.7338701431097507,11.774568158512478,8.20298064861727,9.43593605626779,19.915010342175425,13.87417714642674,15.959546169243051,0.6080402010050252,-0.001959798994974782,-0.001959798994974782,0.4120603015075377,-0.0029396984924623393,-0.0029396984924623393,0.3065326633165829,-0.0034673366834171437,-0.0034673366834171437,0.36630036630036633,0.05494505494505497,0.1416361416361417,0.3529411764705882,0.35678391959798994,0.05778894472361806,0.1390284757118928,0.33838383838383834,0.36630036630036633,0.05494505494505497,0.1416361416361417,0.3529411764705882,23.0,-1.0,-1.0,35.0,-6.0,-6.0,42.0,-6.0,-6.0,-0.00014835897239583217,9.08420713700585e-05,7.172566300341003e-05,-0.004879633595750832,-0.00504013568659456,-0.004763242409905999,0.04395604395604396,-0.4353965964560227,12,-0.4303715229034424
349,0,test,3.2441563627920145,1.5828681312216768,2.133979656280273,4.923871839973667,2.4024242194684335,3.2388828285675215,25.640070016257535,20.37397959564816,22.605175383557604,38.91563926325382,30.922943650247714,34.30937786641484,3.1334057605502736,1.5073892239498352,2.04488396175109,4.444547178085495,2.1381407431912556,2.9005446265972905,22.952015650313346,17.868431589536616,19.982134905344857,32.55605056782035,25.34529303480371,28.343453766446608,3.2441563627920145,1.5828681312216768,2.133979656280273,4.923871839973667,2.4024242194684335,3.2388828285675215,25.640070016257535,20.37397959564816,22.605175383557604,38.91563926325382,30.922943650247714,34.30937786641484,0.6834170854271358,-0.0015829145728643024,-0.0015829145728643024,0.5376884422110553,-0.0023115577889447625,-0.0023115577889447625,0.39698492462311563,-0.0030150753768843908,-0.0030150753768843908,0.3926174496644296,0.09110991197598739,0.16717102109300097,0.3872053872053872,0.37688442211055273,0.07863880807546497,0.15484769423075306,0.3737373737373737,0.3926174496644296,0.09110991197598739,0.16717102109300097,0.3872053872053872,22.0,0.0,0.0,30.0,0.0,0.0,40.0,0.0,0.0,0.00012216406616027183,0.0003028840844077947,0.00012831612081038577,0.0005109839999661858,0.00010751935559483172,-3.6801216390713876e-05,0.959731543624161,0.3063127730627289,286,-0.5748910903930664
79,0,test,2.8438209153525182,1.361647799068848,1.8528411946119134,4.917058098803064,2.354332968712589,3.2036221945547925,17.181288527640714,12.778786084712834,14.48741610504478,29.70700209940459,22.09493335937445,25.049209781625812,2.8955475229327683,1.3792025161803516,1.8819278757390487,4.52429300458245,2.155003931531799,2.9405123058422635,18.093405284044692,13.537861038168714,15.337848154077214,28.270945756319833,21.152907872138616,23.965387740745648,2.8438209153525182,1.361647799068848,1.8528411946119134,4.917058098803064,2.354332968712589,3.2036221945547925,17.181288527640714,12.778786084712834,14.48741610504478,29.70700209940459,22.09493335937445,25.049209781625812,0.6783919597989949,-0.0016080402010050232,-0.0016080402010050232,0.5276381909547738,-0.002361809045226204,-0.002361809045226204,0.40201005025125625,-0.002989949748743781,-0.002989949748743781,0.4157303370786517,0.10486891385767794,0.1797752808988764,0.36466165413533835,0.4170854271356784,0.10301507537688448,0.1842546063651591,0.3484848484848485,0.4157303370786517,0.10486891385767794,0.1797752808988764,0.36466165413533835,20.0,-3.0,-3.0,33.0,-3.0,-3.0,39.0,-3.0,-3.0,0.00042318534763708933,0.00043871605276235326,0.00024768142476023147,-0.00016252502302549487,0.00022759863213561715,7.184004964067014e-05,0.0449438202247191,0.47613185221170934,12,-0.7216653823852539
315,0,test,2.8548649459546676,1.3529955470609367,1.851744019544053,4.981643529853782,2.360931827086198,3.2312311750433143,17.372090878070207,12.882015907287649,14.645312239999173,30.31371562616278,22.478685475803953,25.555578405367687,2.956232914113909,1.3873700768569441,1.9054155471774927,4.6924331970062045,2.2021747251697525,3.0244691225039566,19.225411394835966,14.424226035650959,16.36542357239073,30.51652602354915,22.895596881985647,25.97686281331861,2.8548649459546676,1.3529955470609367,1.851744019544053,4.981643529853782,2.360931827086198,3.2312311750433143,17.372090878070207,12.882015907287649,14.645312239999173,30.31371562616278,22.478685475803953,25.555578405367687,0.7135678391959799,-0.0014321608040201994,-0.0014321608040201994,0.5728643216080402,-0.0021356783919597166,-0.0021356783919597166,0.40703517587939697,-0.00296482412060306,-0.00296482412060306,0.42471042471042475,0.11642526093393146,0.1910775620660088,0.43410852713178294,0.42211055276381915,0.09629601642296703,0.1767015377387774,0.4444444444444444,0.42471042471042475,0.11642526093393146,0.1910775620660088,0.43410852713178294,17.0,-5.0,-5.0,29.0,-12.0,-12.0,35.0,-11.0,-11.0,-2.7574640249944577e-05,0.00018090990817522186,9.764491384159761e-05,-0.00010708564814265742,-0.00016179463533028127,9.987650539144965e-05,0.9536679536679536,-0.5084540618023043,247,-0.09656214714050293
274,0,test,2.2591379903335613,1.0842647578470765,1.4730274337987805,3.7128441754177657,1.7819655585486733,2.420888565112778,9.574832010653774,6.3370995321278265,7.379988925578,15.736028260987506,10.414885318018776,12.128851364645584,2.2591379903335613,1.0842647578470765,1.4730274337987805,3.7128441754177657,1.7819655585486733,2.420888565112778,9.574832010653774,6.3370995321278265,7.379988925578,15.736028260987506,10.414885318018776,12.128851364645584,2.2591379903335613,1.0842647578470765,1.4730274337987805,3.7128441754177657,1.7819655585486733,2.420888565112778,9.574832010653774,6.3370995321278265,7.379988925578,15.736028260987506,10.414885318018776,12.128851364645584,0.5425531914893618,0.012553191489361737,0.012553191489361737,0.39893617021276595,0.003936170212765933,0.003936170212765933,0.30319148936170215,0.013191489361702113,0.013191489361702113,0.36170212765957444,0.09910265816355324,0.16382226900233066,0.36898395721925137,0.36170212765957444,0.09910265816355324,0.16382226900233066,0.36898395721925137,0.36170212765957444,0.09910265816355324,0.16382226900233066,0.36898395721925137,14.0,0.0,0.0,25.0,1.0,1.0,34.0,1.0,1.0,-5.900041213808799e-06,3.373973276454879e-05,-8.733917718076817e-07,-0.014950868439763454,-0.015540852263974614,-0.014868219219343004,0.0851063829787234,0.20076272227538058,16,-0.5283479690551758
847,0,test,2.5131118300596205,1.1929712671172368,1.6312705898625706,3.8162068530534974,1.8115489611780258,2.4771145994209403,12.343280550911452,8.599332950344337,9.927937709859933,18.743500095828498,13.058246332004362,15.075757263120636,2.5131118300596205,1.1929712671172368,1.6312705898625706,3.8162068530534974,1.8115489611780258,2.4771145994209403,12.343280550911452,8.599332950344337,9.927937709859933,18.743500095828498,13.058246332004362,15.075757263120636,2.5131118300596205,1.1929712671172368,1.6312705898625706,3.8162068530534974,1.8115489611780258,2.4771145994209403,12.343280550911452,8.599332950344337,9.927937709859933,18.743500095828498,13.058246332004362,15.075757263120636,0.5950920245398773,0.0900920245398773,0.0900920245398773,0.4049079754601227,0.05990797546012272,0.05990797546012272,0.32515337423312884,0.05015337423312882,0.05015337423312882,0.36809815950920244,0.08369448978443184,0.15832219209576048,0.345679012345679,0.36809815950920244,0.08369448978443184,0.15832219209576048,0.345679012345679,0.36809815950920244,0.08369448978443184,0.15832219209576048,0.345679012345679,18.0,1.0,1.0,24.0,3.0,3.0,33.0,3.0,3.0,0.0002757582900035888,-2.3828991440067583e-05,1.891054541169182e-05,8.48684682512868e-05,0.00010357645243708191,-6.376868119772894e-05,0.8957055214723927,-0.49346164566451406,146,-0.4398930072784424
436,0,test,2.8929381756110497,1.3912407832672347,1.8860366319488742,4.308188506125808,2.071847785153364,2.808702034628899,18.0462548481106,13.55695213321419,15.309147792083795,26.87463851481219,20.18913015521826,22.79851505727587,2.9282952082833265,1.3971650372052806,1.8990884750857908,4.338215123382706,2.0698741291930083,2.813464407534505,18.695730986065826,14.072331883408932,15.896886262821466,27.697379238616037,20.84789908653175,23.550942611587356,2.8929381756110497,1.3912407832672347,1.8860366319488742,4.308188506125808,2.071847785153364,2.808702034628899,18.0462548481106,13.55695213321419,15.309147792083795,26.87463851481219,20.18913015521826,22.79851505727587,0.6532663316582914,-0.0017336683417086274,-0.0017336683417086274,0.5226130653266332,-0.002386934673366814,-0.002386934673366814,0.40201005025125625,-0.002989949748743781,-0.002989949748743781,0.40291262135922334,0.10509179811467129,0.17871907297212652,0.4,0.4120603015075377,0.11381468747244994,0.18668467546413203,0.40909090909090906,0.40291262135922334,0.10509179811467129,0.17871907297212652,0.4,23.0,-12.0,-12.0,36.0,-16.0,-16.0,44.0,-16.0,-16.0,-8.758810211946604e-05,2.674597694606312e-06,-7.979443619406136e-05,0.00026020021046324615,0.0001295261992479979,7.425811391303938e-05,0.04854368932038835,0.3904889989045132,10,-0.5135672092437744
809,0,test,3.0994321829193656,1.4752449500197253,2.0154630886753084,5.454195594617845,2.596047931528218,3.546691539162394,22.185350483361688,17.111057341173886,19.22895999610895,39.04045442201959,30.11101648998781,33.83797505808783,2.952086941168621,1.3975477110252845,1.91475040126531,4.839486788801018,2.291061821352926,3.1389350840414925,19.14586836489534,14.412963122302184,16.324176830809357,31.386669450648096,23.627808397216693,26.760945624277632,3.0994321829193656,1.4752449500197253,2.0154630886753084,5.454195594617845,2.596047931528218,3.546691539162394,22.185350483361688,17.111057341173886,19.22895999610895,39.04045442201959,30.11101648998781,33.83797505808783,0.6532663316582914,-0.0017336683417086274,-0.0017336683417086274,0.5175879396984925,-0.002412060301507535,-0.002412060301507535,0.42211055276381915,-0.0028894472361808976,-0.0028894472361808976,0.42592592592592593,0.13572259875402204,0.20794563035942348,0.40892193308550184,0.42713567839195976,0.13640886134935326,0.2050989505121601,0.38888888888888884,0.42592592592592593,0.13572259875402204,0.20794563035942348,0.40892193308550184,20.0,-2.0,-2.0,33.0,-2.0,-2.0,41.0,-1.0,-1.0,0.00014302380645541684,-0.0001019094692831059,9.029339471622704e-05,-0.0001833147886074471,0.00021597805698636563,6.13263787334617e-05,0.037037037037037035,0.5598276844764344,10,-0.4466056823730469
947,0,test,5.036595335925738,2.4681995105724637,3.323084281347138,7.3017308044637685,3.5782363274965876,4.817593085127598,153.94499078792387,140.90010940864056,148.39658270572127,223.17951045445048,204.2678834813096,215.1357865680827,5.096119686284912,2.4567294661285395,3.335622560396729,7.549806942644314,3.6395992090793174,4.941663052439598,163.38668407316788,149.3820228297934,157.57135644731818,242.05434677506352,221.30670048858283,233.4390465886195,5.036595335925738,2.4681995105724637,3.323084281347138,7.3017308044637685,3.5782363274965876,4.817593085127598,153.94499078792387,140.90010940864056,148.39658270572127,223.17951045445048,204.2678834813096,215.1357865680827,0.914572864321608,-0.00042713567839203215,-0.00042713567839203215,0.7989949748743719,-0.0010050251256281673,-0.0010050251256281673,0.6180904522613065,-0.0019095477386934512,-0.0019095477386934512,0.46886446886446886,0.13369963369963367,0.19780219780219777,0.4558823529411765,0.4623115577889447,0.12562814070351758,0.18090452261306533,0.4494949494949495,0.46886446886446886,0.13369963369963367,0.19780219780219777,0.4558823529411765,28.0,-12.0,-12.0,38.0,-9.0,-9.0,47.0,-10.0,-10.0,-1.3405452884902773e-05,0.0004023335641285908,0.00019273280797300213,-0.00020410455418851114,0.00020435748183800229,5.0812707827141423e-05,0.03663003663003663,-0.27448600202418655,10,-0.26315879821777344
330,0,test,2.8635386629802744,1.4047391910283638,1.8873372519228324,4.8951032549595235,2.401344698176865,3.226326518489707,17.52342685240659,13.222633647470516,14.869072585722948,29.95558779499235,22.60355616763541,25.418076785053422,2.8320876829682713,1.3391371815360837,1.8339126356814606,4.605020622712637,2.1774588317659904,2.9819717653357087,16.980874527924303,12.530668019752337,14.267548911461517,27.61117809418586,20.37506995081681,23.199266522701656,2.8635386629802744,1.4047391910283638,1.8873372519228324,4.8951032549595235,2.401344698176865,3.226326518489707,17.52342685240659,13.222633647470516,14.869072585722948,29.95558779499235,22.60355616763541,25.418076785053422,0.6733668341708543,-0.001633165829145744,-0.001633165829145744,0.5025125628140703,-0.0024874371859296973,-0.0024874371859296973,0.39698492462311563,-0.0030150753768843908,-0.0030150753768843908,0.3928571428571429,0.08196605374823196,0.15934790802864685,0.3784860557768924,0.40201005025125625,0.09373937355952688,0.16494828063522948,0.38383838383838387,0.3928571428571429,0.08196605374823196,0.15934790802864685,0.3784860557768924,18.0,0.0,0.0,34.0,0.0,0.0,41.0,0.0,0.0,7.687462598449492e-06,0.00011421192172284743,5.759595864607058e-05,-5.857619511928647e-05,-0.00012331829868550415,0.00012440840417138332,0.04365079365079365,0.45583077639436254,11,-0.33124661445617676
220,0,test,2.7414091254652946,1.3278622172612697,1.7926672762043276,4.420522214812787,2.141177825333797,2.8906759828794777,15.508823584391038,11.398314407303264,12.926365091936123,25.00797802983055,18.379781981776517,20.843763710746998,2.7980977428495173,1.339855378850023,1.823245444590347,4.207665778721078,2.0148201185714627,2.7417224730681906,16.41339455848608,12.11499669235307,13.762618900598516,24.681796328550494,18.2180401388768,20.695667519697018,2.7414091254652946,1.3278622172612697,1.7926672762043276,4.420522214812787,2.141177825333797,2.8906759828794777,15.508823584391038,11.398314407303264,12.926365091936123,25.00797802983055,18.379781981776517,20.843763710746998,0.6381909547738693,-0.0018090452261306789,-0.0018090452261306789,0.49246231155778897,-0.002537688442211028,-0.002537688442211028,0.3668341708542714,-0.0031658291457286047,-0.0031658291457286047,0.38132295719844356,0.09006082127611348,0.16269423792289373,0.3671875,0.38190954773869346,0.08115766803944535,0.16321171802249979,0.36868686868686873,0.38132295719844356,0.09006082127611348,0.16269423792289373,0.3671875,24.0,-11.0,-11.0,33.0,-11.0,-11.0,43.0,-12.0,-12.0,0.0002840827577689719,0.00016717547537763448,0.00020698927912176323,-9.322580442105988e-05,-0.00015080139628764755,0.00010688561932692409,0.042801556420233464,0.13452258895821947,11,-0.5243730545043945
212,0,test,2.6605576135897784,1.278399125437981,1.737486668540717,4.74689415949831,2.2808847705656063,3.099976214374805,14.304263126769023,10.32077245486622,11.787254999624965,25.521275218983583,18.414040063358435,21.03049812882728,2.6993796128256657,1.2966304784172227,1.7587768783008806,4.614324124488318,2.216462356268757,3.006456202223728,14.870503393018533,10.804139798286096,12.30897852040576,25.4196639196898,18.468615039805293,21.04098892377053,2.6605576135897784,1.278399125437981,1.737486668540717,4.74689415949831,2.2808847705656063,3.099976214374805,14.304263126769023,10.32077245486622,11.787254999624965,25.521275218983583,18.414040063358435,21.03049812882728,0.7336683417085428,-0.001331658291457205,-0.001331658291457205,0.507537688442211,-0.0024623115577889765,-0.0024623115577889765,0.37688442211055273,-0.003115577889447274,-0.003115577889447274,0.42914979757085026,0.1160184844395371,0.1734297437350495,0.3739837398373984,0.4371859296482412,0.12390272162819105,0.18176022013238147,0.3737373737373737,0.42914979757085026,0.1160184844395371,0.1734297437350495,0.3739837398373984,21.0,-9.0,-9.0,35.0,-16.0,-16.0,40.0,-11.0,-11.0,0.00022851623513028702,0.00010650850972228176,0.0002096849385762703,-2.39265858157367e-05,-9.583520108336074e-05,-0.00011149550017286458,0.951417004048583,-0.3686595809894418,235,-0.15195250511169434
929,0,test,2.398019597103138,1.1446864910749288,1.5568142562658185,4.561646301256346,2.177486332646293,2.961458698009414,11.001367652366897,7.499371602044418,8.68220698053534,20.927413654502445,14.26572191967848,16.515777188537154,2.4771643699524937,1.15492833788306,1.589807800181231,4.094486561904948,1.9089724593108426,2.627781487902861,11.90745137296066,8.155650220218943,9.47875031648753,19.681737806546547,13.480413587138752,15.667355895020712,2.398019597103138,1.1446864910749288,1.5568142562658185,4.561646301256346,2.177486332646293,2.961458698009414,11.001367652366897,7.499371602044418,8.68220698053534,20.927413654502445,14.26572191967848,16.515777188537154,0.6834170854271358,-0.0015829145728643024,-0.0015829145728643024,0.44221105527638194,-0.0027889447236180143,-0.0027889447236180143,0.29648241206030146,-0.0035175879396985854,-0.0035175879396985854,0.3928571428571429,0.0813492063492064,0.14153439153439162,0.3466135458167331,0.3919597989949749,0.0879396984924623,0.14070351758793975,0.33838383838383834,0.3928571428571429,0.0813492063492064,0.14153439153439162,0.3466135458167331,18.0,0.0,0.0,27.0,0.0,0.0,37.0,0.0,0.0,4.2863777012645895e-05,0.0002359503262158701,0.0002272652258397381,-5.857619511928647e-05,-0.00012331829868550415,0.00012440840417138332,0.9484126984126984,0.2446670531427374,239,-0.3039827346801758
425,0,test,2.8113856992683597,1.3400977838798198,1.8289159046279009,4.439838617970251,2.1163292871107537,2.888287958674663,16.632950524549127,12.27811032797598,13.961905489740225,26.267337167184138,19.39002122833365,22.049129434617072,2.912194700017466,1.3893229783669034,1.8950689498713604,4.346559253757412,2.0736163856222434,2.828461119210985,18.39713047518444,13.811756250818624,15.631895121718458,27.458403694305133,20.614561568386005,23.33118674883352,2.8113856992683597,1.3400977838798198,1.8289159046279009,4.439838617970251,2.1163292871107537,2.888287958674663,16.632950524549127,12.27811032797598,13.961905489740225,26.267337167184138,19.39002122833365,22.049129434617072,0.6482412060301508,-0.0017587939698492372,-0.0017587939698492372,0.49246231155778897,-0.002537688442211028,-0.002537688442211028,0.38190954773869346,-0.0030904522613065533,-0.0030904522613065533,0.3680555555555556,0.09075919507028696,0.1405728765717219,0.32055749128919864,0.39698492462311563,0.12630823289379234,0.17494819674331596,0.3282828282828283,0.3680555555555556,0.09075919507028696,0.1405728765717219,0.32055749128919864,20.0,-2.0,-2.0,31.0,-3.0,-3.0,41.0,-5.0,-5.0,7.82891237095753e-05,0.000356055933111021,0.00012186357561325825,-0.004983582423658817,-0.004097198526636703,-0.0048158107644376,0.034722222222222224,0.7898993151605755,10,-0.4912300109863281
116,0,test,3.3154762825622646,1.6223307794599848,2.185640091931057,4.780079883111615,2.3389914635903666,3.1511412975899216,27.53550554305055,22.098951005730193,24.440356098931726,39.69924828294182,31.86110897428091,35.23682408438215,3.4724216802688033,1.6687605169563504,2.2683240293550657,4.724383238460957,2.270422472049457,3.086155141979681,32.21466166947977,26.142824863100177,28.880912154874895,43.82947165915615,35.56846920149684,39.293758033843396,3.3154762825622646,1.6223307794599848,2.185640091931057,4.780079883111615,2.3389914635903666,3.1511412975899216,27.53550554305055,22.098951005730193,24.440356098931726,39.69924828294182,31.86110897428091,35.23682408438215,0.7587939698492463,-0.001206030150753712,-0.001206030150753712,0.6030150753768844,-0.0019849246231156137,-0.0019849246231156137,0.49246231155778897,-0.002537688442211028,-0.002537688442211028,0.42905405405405406,0.12719907934916364,0.184110233829335,0.4101694915254237,0.4321608040201005,0.10885253334340872,0.17673509450424074,0.43434343434343436,0.42905405405405406,0.12719907934916364,0.184110233829335,0.4101694915254237,20.0,0.0,0.0,28.0,0.0,0.0,41.0,0.0,0.0,0.0005786867352935257,-4.096571928733766e-06,-5.3639562967943915e-05,-0.00036349275698022154,0.0001152664056931485,-2.979210245257491e-05,0.037162162162162164,-0.3213645835039911,11,-0.39012980461120605
660,0,test,2.7819243437139596,1.3459132984278719,1.821249380116582,4.5901751671280335,2.220756942405989,3.0050614771923607,16.15006934898039,11.946176161714558,13.536609480463513,26.647614425817647,19.71119066682902,22.335405642764798,2.7509535158886083,1.3387461560115281,1.8065702840701168,4.265044210680013,2.0755754356767877,2.800884161349018,15.657554495572295,11.552547857894043,13.086327457160483,24.275278287708986,17.910926911463633,20.288879778543382,2.7819243437139596,1.3459132984278719,1.821249380116582,4.5901751671280335,2.220756942405989,3.0050614771923607,16.15006934898039,11.946176161714558,13.536609480463513,26.647614425817647,19.71119066682902,22.335405642764798,0.6582914572864322,-0.0017085427135676845,-0.0017085427135676845,0.4974874371859297,-0.002512562814070307,-0.002512562814070307,0.38190954773869346,-0.0030904522613065533,-0.0030904522613065533,0.4296577946768061,0.12795001479065804,0.19324818658578202,0.416030534351145,0.42211055276381915,0.12637120439289184,0.1933960285568075,0.398989898989899,0.4296577946768061,0.12795001479065804,0.19324818658578202,0.416030534351145,21.0,-3.0,-3.0,31.0,-1.0,-1.0,42.0,-4.0,-4.0,-0.00016700217553807786,9.750050807142307e-05,9.191288040107852e-05,-0.00013480533558407615,-0.00018378111340844328,8.585827751517172e-05,0.03802281368821293,-0.32649830926483636,10,-0.45587968826293945
694,0,test,2.6443599487169034,1.2823060157988349,1.7343794103678167,4.528664343311583,2.196045033044711,2.970254559073027,14.07443384016498,10.170229794743237,11.590159655327591,24.103521426869367,17.41727976824291,19.84901593666881,2.6811831319865456,1.2702706492137061,1.7378872381666273,4.222335640923694,2.000426219234183,2.7368302963253974,14.6023595984292,10.502664999897672,12.033926833444065,22.995841887290076,16.539629921098694,18.951065879439472,2.6443599487169034,1.2823060157988349,1.7343794103678167,4.528664343311583,2.196045033044711,2.970254559073027,14.07443384016498,10.170229794743237,11.590159655327591,24.103521426869367,17.41727976824291,19.84901593666881,0.6231155778894473,-0.0018844221105527303,-0.0018844221105527303,0.457286432160804,-0.0027135678391959628,-0.0027135678391959628,0.3266331658291457,-0.0033668341708542604,-0.0033668341708542604,0.368421052631579,0.09521614895382069,0.1583860467972733,0.3380281690140845,0.36180904522613067,0.07108222818352417,0.143111215509937,0.3232323232323232,0.368421052631579,0.09521614895382069,0.1583860467972733,0.3380281690140845,20.0,-1.0,-1.0,33.0,0.0,0.0,40.0,-5.0,-5.0,-3.527634648876844e-05,0.00015164574121911148,0.00014280026803797317,-0.004962792658078641,-0.0040855779514883395,-0.004179442461563987,0.04912280701754386,0.4465614576444723,14,-0.4614675045013428
910,0,test,2.772487527431639,1.327935981797195,1.803440263568827,4.262899897669457,2.04179752114482,2.772919711614497,15.998380964990078,11.75843067280265,13.362948573791172,24.59866668605411,18.07943675702604,20.546498963170244,2.746914134899636,1.3029785047278113,1.7797947483482854,4.0100936275907095,1.9021584010624983,2.5982405085376428,15.59443523480436,11.357095589511204,12.964078739493942,22.76559888292607,16.5797015905273,18.92566239342181,2.772487527431639,1.327935981797195,1.803440263568827,4.262899897669457,2.04179752114482,2.772919711614497,15.998380964990078,11.75843067280265,13.362948573791172,24.59866668605411,18.07943675702604,20.546498963170244,0.6582914572864322,-0.0017085427135676845,-0.0017085427135676845,0.46733668341708545,-0.002663316582914521,-0.002663316582914521,0.3316582914572864,-0.0033417085427135396,-0.0033417085427135396,0.36603773584905663,0.06471946842909426,0.13642669444378686,0.3522727272727273,0.35678391959798994,0.06104457122706264,0.12973884447278128,0.3232323232323232,0.36603773584905663,0.06471946842909426,0.13642669444378686,0.3522727272727273,23.0,-10.0,-10.0,31.0,-6.0,-6.0,41.0,-9.0,-9.0,6.47979580861032e-05,6.772114075073561e-05,0.00013905283088662802,-0.0001486651793047855,0.00023534568223659846,7.884916357880911e-05,0.9584905660377359,0.31495563184090136,254,-0.5054488182067871
143,0,test,2.494124304736009,1.2095467237944246,1.6343217011133129,4.580119177787943,2.221167620058852,3.001208942044447,12.111123220327858,8.497981845293978,9.748428959944349,22.240426277329338,15.605384843176214,17.901660453715984,2.629600832926426,1.2588935160561454,1.7119578064082313,4.173969576073692,1.9982436762795963,2.7173933435051296,13.868233055135656,9.930097835073287,11.364850031618811,22.01306834148517,15.762060055671885,18.039444494633035,2.462341282739401,1.1830835062554674,1.6056949304316839,4.531916471299511,2.177454305991658,2.955266743125798,11.732247918834528,8.138276713406675,9.376999159200524,21.5930943291433,14.978423398907989,17.258280661105257,0.6331658291457287,-0.0018341708542712887,-0.0018341708542712887,0.4522613065326633,-0.0027386934673366836,-0.0027386934673366836,0.3668341708542714,-0.0031658291457286047,-0.0031658291457286047,0.38741721854304634,0.09650812763395544,0.16164629343291415,0.37873754152823924,0.3919597989949749,0.10373924761652875,0.16491472386976624,0.38888888888888884,0.38795986622073575,0.09747572598701293,0.1621534146078325,0.37583892617449666,17.0,0.0,0.0,28.0,-1.0,-1.0,35.0,1.0,1.0,0.00023131455017554083,-0.00023263135289170497,4.669466231104406e-05,-0.004180340747820921,-0.004151427877332914,-0.004239019930032839,0.956953642384106,0.3046169882556989,289,-0.5507187843322754
144,0,test,3.010166356636442,1.4663139751633902,1.9804754430809173,5.126404522514183,2.4971771334600765,3.372809693974168,20.29077514959235,15.608180439748299,17.49057495258753,34.55580495173,26.581204264056197,29.78697916167937,2.9701200407699666,1.407846353531537,1.9267747509363857,4.829463480926775,2.289181062652906,3.1329670746933105,19.494259561510372,14.72460593518068,16.655562147743048,31.697983026846135,23.94244867509054,27.08221487437894,3.010166356636442,1.4663139751633902,1.9804754430809173,5.126404522514183,2.4971771334600765,3.372809693974168,20.29077514959235,15.608180439748299,17.49057495258753,34.55580495173,26.581204264056197,29.78697916167937,0.6984924623115578,-0.0015075376884421399,-0.0015075376884421399,0.5175879396984925,-0.002412060301507535,-0.002412060301507535,0.4120603015075377,-0.0029396984924623393,-0.0029396984924623393,0.4035714285714286,0.11480137509549271,0.1731676280963692,0.37275985663082434,0.4120603015075377,0.10880215614412914,0.17332908280970794,0.36363636363636365,0.4035714285714286,0.11480137509549271,0.1731676280963692,0.37275985663082434,22.0,-7.0,-7.0,32.0,-5.0,-5.0,38.0,-3.0,-3.0,0.00024403970751068617,7.511988735370515e-05,8.183448101993377e-05,-0.0002526140072118821,0.00017724280649034085,2.6280809047207754e-05,0.9607142857142857,0.3723426839532585,269,-0.3317582607269287
215,0,test,1.9358506535128017,0.9207747713286476,1.2577324654880369,5.289824460180331,2.5160705960724674,3.4368270859266126,6.929936523645872,4.170363731803569,4.959769765396834,18.936454454148606,11.395761360160915,13.55285924265414,2.2759333053025825,1.0794570463691857,1.471915478859596,5.292868151866471,2.510365224114385,3.423059253161851,9.737002369070453,6.428564090337505,7.5025016159284865,22.644191555977798,14.950149047296524,17.447678176577877,1.9358506535128017,0.9207747713286476,1.2577324654880369,5.289824460180331,2.5160705960724674,3.4368270859266126,6.929936523645872,4.170363731803569,4.959769765396834,18.936454454148606,11.395761360160915,13.55285924265414,0.5577889447236181,-0.00221105527638199,-0.00221105527638199,0.42211055276381915,-0.0028894472361808976,-0.0028894472361808976,0.31658291457286436,-0.003417085427135591,-0.003417085427135591,0.37606837606837606,0.13513020975707546,0.20277292152292148,0.24034334763948495,0.3919597989949749,0.11877684160149116,0.19162590917861433,0.2828282828282829,0.37606837606837606,0.13513020975707546,0.20277292152292148,0.24034334763948495,20.0,-9.0,-9.0,31.0,-13.0,-13.0,36.0,-10.0,-10.0,2.680030785588728e-05,0.00044348698581224514,0.0005742237422175319,-0.01618155147941991,-0.018885093006861364,-0.020539261164118194,0.042735042735042736,-0.5541612958729237,10,-0.1293778419494629
51,0,test,2.1030246302743354,1.0280404063130293,1.3852324907580886,3.7307894570968436,1.8237552970750914,2.4574180909493775,8.190906948646015,5.260960271429074,6.141004636268255,14.53076147951892,9.333002967393952,10.89421161462278,2.225447200082308,1.0070865162868285,1.4110943089452885,3.4237649232035507,1.5493638712105056,2.17091432145429,9.25762188760874,5.875982276920488,6.99990767494689,14.242495211705755,9.039972733723829,10.769088730687523,2.133664920382149,1.0168361243588153,1.3884520712156823,3.721508582061888,1.7735513796956082,2.421718728864562,8.445763210168726,5.390612890084314,6.338873373165047,14.730982343317546,9.40223178503078,11.05617448807857,0.5979899497487438,-0.0020100502512562235,-0.0020100502512562235,0.4120603015075377,-0.0029396984924623393,-0.0029396984924623393,0.2864321608040201,-0.003567839195979916,-0.003567839195979916,0.3642172523961661,0.10105935765932395,0.15911629596683563,0.2660256410256411,0.3919597989949749,0.10373924761652875,0.17159252019697824,0.23232323232323238,0.36454849498327757,0.10077554005840283,0.15987663736370028,0.261744966442953,18.0,-8.0,-8.0,28.0,-13.0,-13.0,35.0,-17.0,-17.0,0.0012994394645722764,0.0005359848829618126,-5.825171957615663e-05,-0.010642822070185964,-0.011173450540503893,-0.012641305099331923,0.038338658146964855,0.3732363957171546,12,-0.5971662998199463
821,0,test,2.431056995633034,1.146841789176956,1.5736923864252148,3.7833324494539093,1.7847725344066379,2.4490587763742404,11.3708947162898,7.7590624143011,9.013953675309109,17.695954902226003,12.075040882256086,14.027965407199801,2.423840526283143,1.1182342269561838,1.5498146299962103,3.4875403255872564,1.608970110728322,2.2299491079082165,11.28913237563226,7.599206760579513,8.892592697245611,16.243355936161525,10.934110446876996,12.795097406108793,2.431056995633034,1.146841789176956,1.5736923864252148,3.7833324494539093,1.7847725344066379,2.4490587763742404,11.3708947162898,7.7590624143011,9.013953675309109,17.695954902226003,12.075040882256086,14.027965407199801,0.5979899497487438,-0.0020100502512562235,-0.0020100502512562235,0.44221105527638194,-0.0027889447236180143,-0.0027889447236180143,0.3266331658291457,-0.0033668341708542604,-0.0033668341708542604,0.39919354838709675,0.11549133510741871,0.17667344114849082,0.368421052631579,0.39698492462311563,0.11127063890882993,0.17661764582511896,0.35858585858585856,0.39919354838709675,0.11549133510741871,0.17667344114849082,0.368421052631579,19.0,-10.0,-10.0,29.0,-16.0,-16.0,38.0,-22.0,-22.0,2.382668389875857e-05,0.00022165777462505434,0.00011488434998413521,-0.010361849114387311,-0.01057707448784928,-0.011273302102046578,0.04032258064516129,0.15946101406674212,10,-0.46996259689331055
659,0,test,2.499858847662365,1.2108847275411756,1.6397448811792277,4.604056582745075,2.2301186348959785,3.0199617955531104,12.180774494558882,8.55171283046525,9.817344464392365,22.433656623072473,15.749917155389237,18.08086462506795,2.4127393352693307,1.1358306427485,1.5569111270562592,4.308463098695233,2.0282690049080356,2.7801984411718914,11.164502610074992,7.578964036411898,8.811179995265658,19.93661180370534,13.53386435073553,15.734249991545814,2.499858847662365,1.2108847275411756,1.6397448811792277,4.604056582745075,2.2301186348959785,3.0199617955531104,12.180774494558882,8.55171283046525,9.817344464392365,22.433656623072473,15.749917155389237,18.08086462506795,0.5879396984924623,-0.002060301507537776,-0.002060301507537776,0.4371859296482412,-0.002814070351758735,-0.002814070351758735,0.3065326633165829,-0.0034673366834171437,-0.0034673366834171437,0.3764705882352941,0.08879935535858174,0.15873916711404246,0.38976377952755903,0.36180904522613067,0.08862608783264692,0.14478066459174,0.36363636363636365,0.3764705882352941,0.08879935535858174,0.15873916711404246,0.38976377952755903,20.0,-11.0,-11.0,31.0,-16.0,-16.0,41.0,-21.0,-21.0,7.769678615850532e-05,-0.00026541968313323295,-5.875106623957124e-05,-7.936596070123869e-05,-0.0001398081572467902,0.00011389473326595123,0.9568627450980393,-0.55546701812954,244,-0.3890385627746582
955,0,test,2.723395923686282,1.2920556337619882,1.7665277327327829,4.380401877254442,2.0781858687617527,2.841342799034055,15.231961091996629,11.047657476712683,12.628431158518913,24.49960006965723,17.76942497760414,20.311994694726206,2.90293520285652,1.3872987206644265,1.8858646129136984,4.4660541582408,2.134305724099118,2.901330173713382,18.227568538410107,13.675250864330309,15.46248571168161,28.042413136015547,21.038847483585087,23.788439556433246,2.723395923686282,1.2920556337619882,1.7665277327327829,4.380401877254442,2.0781858687617527,2.841342799034055,15.231961091996629,11.047657476712683,12.628431158518913,24.49960006965723,17.76942497760414,20.311994694726206,0.6482412060301508,-0.0017587939698492372,-0.0017587939698492372,0.542713567839196,-0.0022864321608039306,-0.0022864321608039306,0.37688442211055273,-0.003115577889447274,-0.003115577889447274,0.4135338345864662,0.11842105263157898,0.19548872180451127,0.39622641509433965,0.3919597989949749,0.08040201005025127,0.16415410385259632,0.4040404040404041,0.4135338345864662,0.11842105263157898,0.19548872180451127,0.39622641509433965,22.0,0.0,0.0,33.0,-2.0,-2.0,41.0,-1.0,-1.0,0.0002883353818400325,0.00010627161864956754,-0.00010902522545923557,-0.00015559510116602837,0.0002314721571865519,7.534460660885145e-05,0.03759398496240601,0.49170600357239314,10,-0.40889787673950195
635,0,test,2.5631169186644525,1.220573315125743,1.6581062416425891,3.9839752105327904,1.8971954789454482,2.5772738321183724,12.976200108220105,9.147430105346432,10.504241792150546,20.16952842908125,14.218288098527605,16.327245394320958,2.5631169186644525,1.220573315125743,1.6581062416425891,3.9839752105327904,1.8971954789454482,2.5772738321183724,12.976200108220105,9.147430105346432,10.504241792150546,20.16952842908125,14.218288098527605,16.327245394320958,2.5631169186644525,1.220573315125743,1.6581062416425891,3.9839752105327904,1.8971954789454482,2.5772738321183724,12.976200108220105,9.147430105346432,10.504241792150546,20.16952842908125,14.218288098527605,16.327245394320958,0.6126760563380282,0.1726760563380283,0.1726760563380283,0.4225352112676056,0.11753521126760558,0.11753521126760558,0.323943661971831,0.08894366197183101,0.08894366197183101,0.3661971830985915,0.09251297257227575,0.1512439120705541,0.3049645390070922,0.3661971830985915,0.09251297257227575,0.1512439120705541,0.3049645390070922,0.3661971830985915,0.09251297257227575,0.1512439120705541,0.3049645390070922,15.0,-1.0,-1.0,21.0,0.0,0.0,26.0,2.0,2.0,9.524426330985745e-06,0.00010999033819622154,6.902426195735909e-06,-0.00011743985867251894,2.5172847252008523e-05,7.425484194012455e-05,0.07042253521126761,0.5232355220523165,10,-0.6422686576843262
244,0,test,2.825065373077081,1.36939224238172,1.8528038159523723,5.216954055615676,2.5288110075982426,3.4215110467920473,16.862047273974852,12.574678820160145,14.218130201376692,31.138580632606892,23.221240221229067,26.256147105208953,2.811445186440735,1.3271278189201132,1.8180333153697101,4.847319286966784,2.2881514119312296,3.1345401989132933,16.63394000117438,12.221987358757454,13.933507701806157,28.67920689857652,21.072391997857682,24.0232891410451,2.825065373077081,1.36939224238172,1.8528038159523723,5.216954055615676,2.5288110075982426,3.4215110467920473,16.862047273974852,12.574678820160145,14.218130201376692,31.138580632606892,23.221240221229067,26.256147105208953,0.6984924623115578,-0.0015075376884421399,-0.0015075376884421399,0.49246231155778897,-0.002537688442211028,-0.002537688442211028,0.39698492462311563,-0.0030150753768843908,-0.0030150753768843908,0.39492753623188404,0.11050724637681153,0.1630434782608695,0.3563636363636363,0.42211055276381915,0.13316582914572872,0.17587939698492472,0.36868686868686873,0.39492753623188404,0.11050724637681153,0.1630434782608695,0.3563636363636363,21.0,0.0,0.0,32.0,0.0,0.0,45.0,0.0,0.0,-0.0003186751432628574,0.00010535600454390426,0.00012420625590691867,-0.00022489431977135155,0.00019273690668875076,4.029903692170933e-05,0.9384057971014492,-0.3839770056011182,259,-0.5263426303863525
567,0,test,2.3313218186022198,1.1037472035413263,1.5099462260859178,3.5780179782825514,1.6939863498201104,2.3174041009981736,10.291536090144211,6.878594297897575,8.01791082085961,15.795031325515447,10.556986970570076,12.305563666239081,2.3841743298491256,1.1139056791693698,1.5362736374594665,3.381807560069682,1.58000805555939,2.179111542495697,10.850100361473993,7.288291045146538,8.515359996075562,15.390213278686517,10.33800148247736,12.078524817128457,2.3313218186022198,1.1037472035413263,1.5099462260859178,3.5780179782825514,1.6939863498201104,2.3174041009981736,10.291536090144211,6.878594297897575,8.01791082085961,15.795031325515447,10.556986970570076,12.305563666239081,0.5778894472361809,-0.002110552763819218,-0.002110552763819218,0.4321608040201005,-0.002839195979899567,-0.002839195979899567,0.3266331658291457,-0.0033668341708542604,-0.0033668341708542604,0.39160839160839156,0.11412148061362715,0.18463164742234506,0.37192982456140355,0.40201005025125625,0.11629576453697055,0.19332891502588057,0.38383838383838387,0.39160839160839156,0.11412148061362715,0.18463164742234506,0.37192982456140355,17.0,-4.0,-4.0,29.0,-10.0,-10.0,37.0,-10.0,-10.0,7.872948760207815e-05,0.0001333494631914164,9.410704823798498e-05,-0.004969722579938107,-0.003342327122431321,-0.004182947018532168,0.055944055944055944,0.20499137493564365,16,-1.0890285968780518
319,0,test,2.3845149210705303,1.105594666177618,1.5180434277052668,3.8824794227686836,1.800134905186634,2.471686093827806,10.853796439798657,7.261038072559094,8.475292975570193,17.672207023774735,11.822459425833394,13.799515485864289,2.332953411917675,1.082811981996649,1.4907483398393957,3.589159095257961,1.665864587687152,2.293458984368301,10.308341397620215,6.817504766320243,7.986861029068788,15.85898676556956,10.488468871261912,12.287478506259673,2.3845149210705303,1.105594666177618,1.5180434277052668,3.8824794227686836,1.800134905186634,2.471686093827806,10.853796439798657,7.261038072559094,8.475292975570193,17.672207023774735,11.822459425833394,13.799515485864289,0.5829145728643217,-0.002085427135678275,-0.002085427135678275,0.44221105527638194,-0.0027889447236180143,-0.0027889447236180143,0.3015075376884422,-0.0034924623115578646,-0.0034924623115578646,0.3913043478260869,0.10869565217391297,0.16600790513833985,0.38095238095238093,0.39698492462311563,0.11055276381909551,0.1792294807370185,0.3787878787878788,0.3913043478260869,0.10869565217391297,0.16600790513833985,0.38095238095238093,22.0,-7.0,-7.0,31.0,-9.0,-9.0,39.0,-15.0,-15.0,-0.0002485955769561177,-0.00016955645602627877,-2.8581831858709198e-05,-6.550611697964115e-05,-0.000128814918206821,0.00012090384720320202,0.05138339920948617,0.3883754410325546,13,-0.4382805824279785
83,0,test,2.191633511390992,1.0652956766474064,1.4400082197873523,3.3586071992745072,1.632531036940181,2.206765843310488,8.949820814776572,5.865480387021795,6.82937725819172,13.715309820047214,8.988658255435997,10.465798915150947,1.9653414491042909,0.9315611107001653,1.2750573809206753,2.890208013388663,1.3699428098531843,1.8750843837068754,7.137349215639665,4.325674363990501,5.143067250797619,10.496101787705388,6.361285829397795,7.563334192349439,2.191633511390992,1.0652956766474064,1.4400082197873523,3.3586071992745072,1.632531036940181,2.206765843310488,8.949820814776572,5.865480387021795,6.82937725819172,13.715309820047214,8.988658255435997,10.465798915150947,0.46733668341708545,-0.002663316582914521,-0.002663316582914521,0.3316582914572864,-0.0033417085427135396,-0.0033417085427135396,0.25125628140703515,-0.003743718592964851,-0.003743718592964851,0.35744680851063826,0.1239011609522519,0.172156850943453,0.3632478632478633,0.33668341708542715,0.09608191332602867,0.15304401808709656,0.33333333333333337,0.35744680851063826,0.1239011609522519,0.172156850943453,0.3632478632478633,21.0,0.0,0.0,28.0,0.0,0.0,37.0,0.0,0.0,-5.499926840434739e-07,-0.0002093001505612463,-0.0002468728565873926,-0.02152996995385159,-0.020738710051381837,-0.019548389270685362,0.0425531914893617,0.2382625990106423,10,-1.0127832889556885
793,0,test,2.1393860419613304,1.026808344003157,1.3963691750767322,3.7266724601907044,1.7886338895538862,2.432385014649791,8.494220932409933,5.452030788931317,6.391952711807048,14.796384850004399,9.497085890396487,11.134369239921954,2.2694565055919074,1.0469905777322805,1.4501211542401018,3.6023119136379482,1.6618898059242548,2.3017796099049237,9.674141543178326,6.2785909420826655,7.4051502888992164,15.355780227267184,9.966017368385184,11.754206807776534,2.1393860419613304,1.026808344003157,1.3963691750767322,3.7266724601907044,1.7886338895538862,2.432385014649791,8.494220932409933,5.452030788931317,6.391952711807048,14.796384850004399,9.497085890396487,11.134369239921954,0.5577889447236181,-0.00221105527638199,-0.00221105527638199,0.3517587939698492,-0.0032412060301507672,-0.0032412060301507672,0.25125628140703515,-0.003743718592964851,-0.003743718592964851,0.33085501858736055,0.05441717072094121,0.10959420276535803,0.2947761194029851,0.321608040201005,0.05845014546416283,0.1112574558938263,0.28787878787878785,0.33085501858736055,0.05441717072094121,0.10959420276535803,0.2947761194029851,18.0,-8.0,-8.0,32.0,-17.0,-17.0,34.0,-8.0,-8.0,0.0005130299457826762,0.0005117388413947672,0.0002681685668521106,-0.01062442545238973,-0.008411940141875185,-0.009351560951311733,0.03717472118959108,0.6618585202901855,10,-0.6658148765563965
383,0,test,2.9469864813537345,1.4121118234795755,1.9186954651061205,4.360337140778484,2.0893491265769226,2.838886147350892,19.048464246735733,14.407720433932823,16.25218129993458,28.18395220180287,21.317545540002648,24.04659478051545,2.9469864813537345,1.4121118234795755,1.9186954651061205,4.360337140778484,2.0893491265769226,2.838886147350892,19.048464246735733,14.407720433932823,16.25218129993458,28.18395220180287,21.317545540002648,24.04659478051545,2.9469864813537345,1.4121118234795755,1.9186954651061205,4.360337140778484,2.0893491265769226,2.838886147350892,19.048464246735733,14.407720433932823,16.25218129993458,28.18395220180287,21.317545540002648,24.04659478051545,0.6319444444444444,0.15194444444444444,0.15194444444444444,0.5,0.125,0.125,0.38888888888888884,0.0938888888888888,0.0938888888888888,0.39583333333333337,0.10863610149942338,0.17463517665130568,0.28671328671328666,0.39583333333333337,0.10863610149942338,0.17463517665130568,0.28671328671328666,0.39583333333333337,0.10863610149942338,0.17463517665130568,0.28671328671328666,20.0,2.0,2.0,24.0,3.0,3.0,32.0,5.0,5.0,0.0002894275686602934,0.00019921695376655242,0.00019503792755852617,-0.0001428652667341268,7.755143404786224e-06,6.110974449846651e-05,0.06944444444444445,0.7913543623197967,10,-0.46275901794433594
939,0,test,1.9900312869903718,0.9577201234008852,1.3001484286915688,4.456548938471395,2.1447535157850806,2.9116000022811184,7.315762646924489,4.508215604175403,5.322280647232148,16.383186772690053,10.095863113575902,11.91891018182974,1.9199089850624318,0.879135321374023,1.2242059508914998,4.41358387370674,2.0210007387908573,2.814266553773563,6.820337688432106,3.9889309646698066,4.8152194432536195,15.678937214786451,9.169956240620245,11.069469984491079,1.9329849477455687,0.9058554892797386,1.2462881951985074,4.360116423486245,2.043283058525726,2.811176380147009,6.910105792674831,4.11706900442526,4.92296512999815,15.586704795507137,9.286621814493067,11.104432624055974,0.36180904522613067,-0.0031909547738693256,-0.0031909547738693256,0.321608040201005,-0.0033919597989949812,-0.0033919597989949812,0.2613065326633166,-0.003693467336683409,-0.003693467336683409,0.34700315457413244,0.12338110733003793,0.18226023747025,0.32594936708860756,0.3266331658291457,0.13615697535295523,0.1797216466304813,0.2676767676767676,0.3377926421404682,0.12243371058788055,0.1787270136643837,0.3120805369127517,23.0,-12.0,-12.0,31.0,-12.0,-12.0,35.0,-11.0,-11.0,0.001163006679862654,3.675927488002237e-05,-4.4204603772025275e-05,-0.020343468623755356,-0.0230511283887882,-0.020011388690206466,0.031545741324921134,0.6686227459763753,10,-0.5093934535980225
393,0,test,3.279389771390349,1.5946004136336749,2.15466386710981,4.9745332764085495,2.4188624631931113,3.268427315325992,26.559560350171818,21.168245176160184,23.480187659811676,40.28841521716885,32.11028495320917,35.617289493627375,3.045745865177438,1.4324752386443969,1.9597299435822484,4.320206900960905,2.0318797711268037,2.779758785223047,21.025707699080176,16.00650735737923,18.06325979378784,29.823698863943513,22.704265755147844,25.621645097571403,3.2712280587705918,1.574505300286645,2.137296350233405,4.882429938463569,2.350007910875589,3.1899945525871716,26.343671062874957,20.887633754931564,23.23581938542887,39.318912034141725,31.17557276855457,34.68032744093861,0.6783919597989949,-0.0016080402010050232,-0.0016080402010050232,0.5276381909547738,-0.002361809045226204,-0.002361809045226204,0.40703517587939697,-0.00296482412060306,-0.00296482412060306,0.4153354632587859,0.10752047123326758,0.18579242393891338,0.4391025641025641,0.40703517587939697,0.10127076485182807,0.17164285534517332,0.4191919191919192,0.41137123745819393,0.10419260640644101,0.1800030505838891,0.43624161073825507,16.0,0.0,0.0,28.0,0.0,0.0,36.0,0.0,0.0,-0.0007778570155306323,-9.652184224689008e-05,-8.8250755104291e-05,0.00045175010162257223,4.941647984857411e-05,-8.936957092231523e-05,0.054313099041533544,-0.21034317141759468,17,-0.6022207736968994
141,0,test,2.9048083205085047,1.4149653998875966,1.9108843131611006,4.9821863921448895,2.4268800495041805,3.277456124997524,18.26174291511436,13.825344317582363,15.559927272203755,31.32165603016584,23.71256025379278,26.68763283656765,3.214910959211253,1.5486546582816119,2.1011303108622026,4.7278102341341945,2.27743332100237,3.089897515973827,24.90107460112815,19.608756782234668,21.8552226517835,36.61922735460022,28.83640703269804,32.14003331144632,2.9048083205085047,1.4149653998875966,1.9108843131611006,4.9821863921448895,2.4268800495041805,3.277456124997524,18.26174291511436,13.825344317582363,15.559927272203755,31.32165603016584,23.71256025379278,26.68763283656765,0.6834170854271358,-0.0015829145728643024,-0.0015829145728643024,0.5376884422110553,-0.0023115577889447625,-0.0023115577889447625,0.42211055276381915,-0.0028894472361808976,-0.0028894472361808976,0.3936170212765957,0.1104311805686311,0.1742773986350863,0.32028469750889677,0.39698492462311563,0.09122051359554673,0.15992315500708887,0.33333333333333337,0.3936170212765957,0.1104311805686311,0.1742773986350863,0.32028469750889677,20.0,0.0,0.0,28.0,0.0,0.0,36.0,0.0,0.0,0.0009516726454145153,0.0007573587476355906,0.0002445864574744933,-0.00026647385093347964,0.00016949575638847136,1.9271695109068787e-05,0.03546099290780142,0.9694014742428425,10,-0.3630354404449463
925,0,test,2.492981016281403,1.2380798819071732,1.6557896644834162,4.05109415145728,2.0118798080991565,2.6906582047855516,12.09728462523812,8.589793038388553,9.787414380613232,19.658087516011943,13.958413687381398,15.9045483684965,2.5257863891910617,1.210386917808694,1.6455558169975129,4.041258222705698,1.93661906849391,2.63288930719602,12.500721831875927,8.774482617967067,10.089266174934078,20.001154931001484,14.039172188747308,16.142825879894527,2.492981016281403,1.2380798819071732,1.6557896644834162,4.05109415145728,2.0118798080991565,2.6906582047855516,12.09728462523812,8.589793038388553,9.787414380613232,19.658087516011943,13.958413687381398,15.9045483684965,0.6482412060301508,-0.0017587939698492372,-0.0017587939698492372,0.4773869346733668,-0.0026130653266331905,-0.0026130653266331905,0.36180904522613067,-0.0031909547738693256,-0.0031909547738693256,0.41630901287553645,0.12294712850722811,0.1966228502507148,0.375,0.4170854271356784,0.12134607876475112,0.19170980109227276,0.3737373737373737,0.41630901287553645,0.12294712850722811,0.1966228502507148,0.375,14.0,-2.0,-2.0,24.0,-9.0,-9.0,33.0,-10.0,-10.0,0.00033964808565405206,0.00016078154197563972,1.6152527613682896e-06,-0.005591956776384244,-0.006039463773897857,-0.006268028840731965,0.04721030042918455,0.25476983990781155,11,-0.1419544219970703
373,0,test,2.536846619313049,1.2261086504637957,1.6618159638120678,4.631666933745794,2.2385771572861723,3.03407308544476,12.639750117182453,8.930840354786989,10.240801283364233,23.077119532128567,16.305549435633818,18.69722052493015,2.545273402682681,1.1882737885306265,1.6357173560729463,4.426562439448141,2.0665631104880458,2.8447258366486023,12.746712595125626,8.862191856720303,10.263492740364951,22.168195817609785,15.412507576904876,17.849552591939045,2.536846619313049,1.2261086504637957,1.6618159638120678,4.631666933745794,2.2385771572861723,3.03407308544476,12.639750117182453,8.930840354786989,10.240801283364233,23.077119532128567,16.305549435633818,18.69722052493015,0.6934673366834171,-0.0015326633165829717,-0.0015326633165829717,0.507537688442211,-0.0024623115577889765,-0.0024623115577889765,0.3517587939698492,-0.0032412060301507672,-0.0032412060301507672,0.4083333333333333,0.08608801108801112,0.17564635272391504,0.39748953974895396,0.40703517587939697,0.07620810821022406,0.16329560993615821,0.398989898989899,0.4083333333333333,0.08608801108801112,0.17564635272391504,0.39748953974895396,18.0,-5.0,-5.0,34.0,-15.0,-15.0,40.0,-12.0,-12.0,0.00013938278800226532,0.00012730863061587914,-1.7453991168087184e-05,2.4582867206746073e-05,-5.7358864443912694e-05,-7.978146849918488e-05,0.9541666666666667,-0.5018685948538615,229,-0.19886136054992676
276,0,test,1.9602550242662926,0.9236578195640033,1.2609141533927866,3.5034345114546506,1.65079269879524,2.253548699680725,7.101137796713025,4.281531667503007,5.088711974963046,12.691395211146682,7.652099150430905,9.09471927440204,1.9602550242662926,0.9236578195640033,1.2609141533927866,3.5034345114546506,1.65079269879524,2.253548699680725,7.101137796713025,4.281531667503007,5.088711974963046,12.691395211146682,7.652099150430905,9.09471927440204,1.9602550242662926,0.9236578195640033,1.2609141533927866,3.5034345114546506,1.65079269879524,2.253548699680725,7.101137796713025,4.281531667503007,5.088711974963046,12.691395211146682,7.652099150430905,9.09471927440204,0.5269461077844311,0.07194610778443111,0.07194610778443111,0.31137724550898205,0.036377245508982026,0.036377245508982026,0.21556886227544914,0.020568862275449185,0.020568862275449185,0.3293413173652695,0.06068460094735906,0.12456994559588586,0.29518072289156627,0.3293413173652695,0.06068460094735906,0.12456994559588586,0.29518072289156627,0.3293413173652695,0.06068460094735906,0.12456994559588586,0.29518072289156627,16.0,1.0,1.0,22.0,2.0,2.0,27.0,3.0,3.0,6.528330610324307e-05,0.00010997527101511296,0.00015510951482807048,-0.00801577622947569,-0.007721384381412122,-0.008296132609582507,0.059880239520958084,0.4530259039883371,10,-0.35273468494415283
634,0,test,3.4096783270496576,1.6662788647920623,2.245647430954498,5.950222962890579,2.9078199797351676,3.9188749285284374,30.255510314643622,24.538766030473067,27.05269279887065,52.798831725554564,42.822552484551046,47.20960115881349,3.3423937737597176,1.6164123406998523,2.188830579103481,5.434786623999541,2.6283127491054508,3.5590741123633833,28.286757824943088,22.668725777657126,25.117291586549364,45.99472817063917,36.85971671163761,40.84112453097458,3.4096783270496576,1.6662788647920623,2.245647430954498,5.950222962890579,2.9078199797351676,3.9188749285284374,30.255510314643622,24.538766030473067,27.05269279887065,52.798831725554564,42.822552484551046,47.20960115881349,0.7185929648241206,-0.0014070351758793676,-0.0014070351758793676,0.5829145728643217,-0.002085427135678275,-0.002085427135678275,0.457286432160804,-0.0027135678391959628,-0.0027135678391959628,0.4135338345864662,0.10396535428627862,0.18103383458646616,0.3886792452830189,0.4120603015075377,0.10128335915164799,0.17666798097331404,0.36868686868686873,0.4135338345864662,0.10396535428627862,0.18103383458646616,0.3886792452830189,18.0,0.0,0.0,30.0,0.0,0.0,39.0,0.0,0.0,0.0002698978076699016,0.00022493071686613322,0.0002664110984397746,-0.00015559510116602837,0.0002314721571865519,7.534460660885145e-05,0.9586466165413534,0.6946791037787429,255,-0.24622702598571777
104,0,test,3.2585028509782283,1.5800468757632307,2.1349723904036746,4.639224398002901,2.2495582637984977,3.039621708371333,26.01056628333895,20.65328847113583,22.93487261021275,37.03199267458427,29.404681891108638,32.65303897047239,3.2585028509782283,1.5800468757632307,2.1349723904036746,4.639224398002901,2.2495582637984977,3.039621708371333,26.01056628333895,20.65328847113583,22.93487261021275,37.03199267458427,29.404681891108638,32.65303897047239,3.2585028509782283,1.5800468757632307,2.1349723904036746,4.639224398002901,2.2495582637984977,3.039621708371333,26.01056628333895,20.65328847113583,22.93487261021275,37.03199267458427,29.404681891108638,32.65303897047239,0.7604790419161677,0.11547904191616765,0.11547904191616765,0.6167664670658682,0.09176646706586822,0.09176646706586822,0.46706586826347307,0.06706586826347305,0.06706586826347305,0.44311377245508987,0.11774063812673163,0.19460482613302232,0.4156626506024096,0.44311377245508987,0.11774063812673163,0.19460482613302232,0.4156626506024096,0.44311377245508987,0.11774063812673163,0.19460482613302232,0.4156626506024096,21.0,0.0,0.0,33.0,-2.0,-2.0,39.0,2.0,2.0,0.00020619566251763556,4.1262753817383154e-05,9.304630456909239e-05,4.5533605786296505e-05,7.51530569029768e-05,8.026836295105255e-05,0.8922155688622755,-0.2950904732240181,149,-0.35623669624328613
154,0,test,3.255039489772004,1.5901507745156949,2.142833388434714,4.7537627080842935,2.3223065268106913,3.129461711167245,25.920638113877747,20.635553046181364,22.879578227963584,37.85532041091498,30.136814880394365,33.41406028975976,3.285815091634458,1.580175093798266,2.1463231776826692,4.762050857441244,2.2901088315916893,3.1106133009893755,26.73076345936016,21.225855790309026,23.60558335803482,38.74023689762342,30.762109841027574,34.210990373963504,3.255039489772004,1.5901507745156949,2.142833388434714,4.7537627080842935,2.3223065268106913,3.129461711167245,25.920638113877747,20.635553046181364,22.879578227963584,37.85532041091498,30.136814880394365,33.41406028975976,0.6683417085427136,-0.0016582914572863539,-0.0016582914572863539,0.5376884422110553,-0.0023115577889447625,-0.0023115577889447625,0.44723618090452266,-0.0027638190954772934,-0.0027638190954772934,0.4108910891089109,0.11706392861508375,0.19214108910891092,0.3383084577114428,0.4170854271356784,0.11633354743643032,0.19170980109227276,0.3434343434343434,0.4108910891089109,0.11706392861508375,0.19214108910891092,0.3383084577114428,23.0,0.0,0.0,35.0,0.0,0.0,44.0,0.0,0.0,0.0007327627459970202,0.00036090647933809003,0.0002357855354079178,0.00028791989790644124,0.00015151267732793627,9.238041772618999e-05,0.0594059405940594,0.6862589460407468,12,-0.5679717063903809
108,0,test,2.3269811439079073,1.1098170348590977,1.5134279853808976,3.605012238489452,1.7193538519319698,2.344637137973515,10.246960693508964,6.869365047445716,7.99105132673381,15.874825115850674,10.64217693878896,12.379918894784506,2.3854559602469227,1.1305869868083676,1.5463849191654537,3.5603820302192877,1.687443263893086,2.3080371927842593,10.864015094784333,7.356636310332146,8.549798928602897,16.214947902663184,10.980054194525591,12.760893923287904,2.3269811439079073,1.1098170348590977,1.5134279853808976,3.605012238489452,1.7193538519319698,2.344637137973515,10.246960693508964,6.869365047445716,7.99105132673381,15.874825115850674,10.64217693878896,12.379918894784506,0.5678391959798995,-0.0021608040201005485,-0.0021608040201005485,0.4170854271356784,-0.0029145728643216184,-0.0029145728643216184,0.2864321608040201,-0.003567839195979916,-0.003567839195979916,0.3557046979865772,0.09104808157116684,0.14923148370086292,0.29966329966329963,0.3417085427135679,0.07604438231256538,0.1346968565699953,0.26262626262626265,0.3557046979865772,0.09104808157116684,0.14923148370086292,0.29966329966329963,15.0,0.0,0.0,27.0,0.0,0.0,33.0,0.0,0.0,0.00047479941014414177,0.00034657927292226185,3.968314971064884e-05,-0.013515603124722553,-0.011875715688482558,-0.01260140267369092,0.9630872483221476,0.5654166079303716,287,-0.49860429763793945
565,0,test,2.2831668975998567,1.0810102233331806,1.4774627681736963,5.6346045454528575,2.6678142208864735,3.6462154554011406,9.807691233386317,6.4804061730295714,7.569419256138853,24.204302218173574,15.992928995825274,18.680493393590382,3.0471105008487283,1.4532120201801384,1.9815305688097609,5.591028441924272,2.6664440737250246,3.6358359060729555,21.054419716086066,16.131516304927615,18.151897954658597,38.63196278180929,29.59911248610571,33.306234779190085,2.2831668975998567,1.0810102233331806,1.4774627681736963,5.6346045454528575,2.6678142208864735,3.6462154554011406,9.807691233386317,6.4804061730295714,7.569419256138853,24.204302218173574,15.992928995825274,18.680493393590382,0.5879396984924623,-0.002060301507537776,-0.002060301507537776,0.4974874371859297,-0.002512562814070307,-0.002512562814070307,0.39698492462311563,-0.0030150753768843908,-0.0030150753768843908,0.35074626865671643,0.12831636211466035,0.18989838835746453,0.2134831460674157,0.3919597989949749,0.12495728010328722,0.1936404712638825,0.2828282828282829,0.35074626865671643,0.12831636211466035,0.18989838835746453,0.2134831460674157,24.0,-11.0,-11.0,31.0,-7.0,-7.0,39.0,-8.0,-8.0,0.0021878628319270876,0.002435397490901258,0.0007000988440609155,-0.035118696284857975,-0.039570492384368716,-0.03712175323986777,0.08208955223880597,-0.21452297710770651,22,-0.3369143009185791
4,0,test,2.5255186013050173,1.2246856037243512,1.6538358456773712,4.198473598347832,2.035942309376151,2.7493704186101526,12.497374738178113,8.82502028192354,10.106443915618222,20.77589048830884,14.67089358969455,16.8011583565373,2.6552245700610486,1.2876758682620404,1.736420558905091,4.116627240404727,1.9963966949799077,2.692124897527273,14.228180924040332,10.302465132813651,11.72188982350102,22.059195231070284,15.97281415940101,18.173472594575223,2.5255186013050173,1.2246856037243512,1.6538358456773712,4.198473598347832,2.035942309376151,2.7493704186101526,12.497374738178113,8.82502028192354,10.106443915618222,20.77589048830884,14.67089358969455,16.8011583565373,0.5879396984924623,-0.002060301507537776,-0.002060301507537776,0.4623115577889447,-0.002688442211055242,-0.002688442211055242,0.35678391959798994,-0.0032160804020100464,-0.0032160804020100464,0.38076923076923075,0.11973276243909636,0.17488687782805423,0.33204633204633205,0.39698492462311563,0.12630823289379234,0.18997323847954306,0.3434343434343434,0.38076923076923075,0.11973276243909636,0.17488687782805423,0.33204633204633205,18.0,0.0,0.0,29.0,0.0,0.0,37.0,0.0,0.0,0.00017907097290718955,0.00023270612598733743,0.0002905598562238766,-0.00011401557000390028,-0.0001672912548489336,9.637194842149199e-05,0.05384615384615385,0.3223826383537785,14,-0.28330159187316895
864,0,test,2.2961953203036103,1.106081083398614,1.500615233607148,3.973022166051642,1.913811348248918,2.596459252886053,9.93630598494907,6.648849250133212,7.7205800477302615,17.192424171326355,11.504258899901547,13.358635214164863,2.4652919407027785,1.1735708224047743,1.5996511234634858,3.9444671051244455,1.8777133158476387,2.5594417975415773,11.766916892572834,8.127872497710248,9.390388374003976,18.827067028116534,13.004595996336398,15.024621398406362,2.2961953203036103,1.106081083398614,1.500615233607148,3.973022166051642,1.913811348248918,2.596459252886053,9.93630598494907,6.648849250133212,7.7205800477302615,17.192424171326355,11.504258899901547,13.358635214164863,0.6030150753768844,-0.0019849246231156137,-0.0019849246231156137,0.4522613065326633,-0.0027386934673366836,-0.0027386934673366836,0.321608040201005,-0.0033919597989949812,-0.0033919597989949812,0.3702290076335878,0.09594329334787355,0.16591428682140508,0.31417624521072796,0.371859296482412,0.09366380776060745,0.16150871217523333,0.33333333333333337,0.3702290076335878,0.09594329334787355,0.16591428682140508,0.31417624521072796,14.0,-2.0,-2.0,22.0,-7.0,-7.0,29.0,-6.0,-6.0,0.0004931137489523421,-1.249254602113051e-05,0.0001120484937178188,-0.02831971734013905,-0.028199366665211834,-0.028986386112434204,0.03816793893129771,0.7843067315869728,10,-0.4765479564666748
678,0,test,2.2545292738531533,1.0792660027405605,1.4695157483219865,4.364537440408028,2.089348287356726,2.8448317691874356,9.530805854532028,6.291810288968098,7.3383692601298645,18.450662615824825,12.180299405566448,14.20633023435397,2.395917735456538,1.1204954569201753,1.5438646807039946,4.240562363639891,1.983177799858718,2.7325038596530886,10.978268583665495,7.398055645649942,8.633813374429419,19.430563864894683,13.093903797610519,15.28108561845915,2.2501252411865087,1.0808131911548167,1.4695704671812044,4.32716392535867,2.078486906066955,2.826097052271547,9.48892416606431,6.269147334999646,7.306241340697393,18.24793108858521,12.056052567307013,14.050464116725756,0.5778894472361809,-0.002110552763819218,-0.002110552763819218,0.42211055276381915,-0.0028894472361808976,-0.0028894472361808976,0.27135678391959794,-0.0036432160804020786,-0.0036432160804020786,0.345514950166113,0.09012523208982781,0.14661992254180356,0.31333333333333335,0.3467336683417085,0.06853817961990394,0.13137473678912082,0.30808080808080807,0.34448160535117056,0.09072534491711381,0.14537148299299485,0.3087248322147651,20.0,0.0,0.0,28.0,1.0,1.0,37.0,0.0,0.0,0.0007934889040623855,0.00018049658655969813,9.919309360900176e-05,-0.02287061013440539,-0.020621536375875493,-0.020984095339835918,0.04318936877076412,0.4003316207885118,13,-0.6491124629974365
914,0,test,2.5394091639571155,1.227318100258359,1.6569166928872534,3.751919845846549,1.81333485083217,2.4480570957973833,12.67218157693219,8.958249911050288,10.25526527776751,18.722862870422333,13.235612481191415,15.151923473458304,2.5394091639571155,1.227318100258359,1.6569166928872534,3.751919845846549,1.81333485083217,2.4480570957973833,12.67218157693219,8.958249911050288,10.25526527776751,18.722862870422333,13.235612481191415,15.151923473458304,2.5394091639571155,1.227318100258359,1.6569166928872534,3.751919845846549,1.81333485083217,2.4480570957973833,12.67218157693219,8.958249911050288,10.25526527776751,18.722862870422333,13.235612481191415,15.151923473458304,0.6134969325153374,0.10349693251533743,0.10349693251533743,0.44171779141104295,0.07171779141104295,0.07171779141104295,0.3312883435582822,0.05128834355828216,0.05128834355828216,0.3803680981595092,0.10819684433687926,0.16040883135706518,0.345679012345679,0.3803680981595092,0.10819684433687926,0.16040883135706518,0.345679012345679,0.3803680981595092,0.10819684433687926,0.16040883135706518,0.345679012345679,17.0,2.0,2.0,27.0,3.0,3.0,34.0,4.0,4.0,0.00019573170656939727,0.0002166610507926287,0.00010083017264831712,8.48684682512868e-05,0.00010357645243708191,-6.376868119772894e-05,0.06748466257668712,0.35170504979791684,11,-0.4362912178039551
871,0,test,2.7394967476967724,1.3267307372375103,1.7956554471011525,4.553733004449602,2.20536036454712,2.9848312398833725,15.479193196230439,11.371892653518152,12.909359208528901,25.73031451823735,18.902947390947393,21.458603717488437,2.6463977786965067,1.2894439462307752,1.7397896852076984,4.30308581901871,2.0966568231394715,2.8289263174108914,14.103144387061365,10.218801484495158,11.627234168495406,22.931942092782705,16.615937373162858,18.906071818691714,2.7394967476967724,1.3267307372375103,1.7956554471011525,4.553733004449602,2.20536036454712,2.9848312398833725,15.479193196230439,11.371892653518152,12.909359208528901,25.73031451823735,18.902947390947393,21.458603717488437,0.7035175879396984,-0.001482412060301641,-0.001482412060301641,0.48743718592964824,-0.002562814070351749,-0.002562814070351749,0.31658291457286436,-0.003417085427135591,-0.003417085427135591,0.356,0.032646706586826335,0.1139787234042553,0.3373493975903614,0.35678391959798994,0.038488180249618975,0.10970545549114519,0.31313131313131315,0.356,0.032646706586826335,0.1139787234042553,0.3373493975903614,16.0,0.0,0.0,25.0,0.0,0.0,36.0,0.0,0.0,-3.843477475341818e-05,-0.0001113732379487335,-1.3363947038599235e-05,-4.4716351397688925e-05,-0.00011232505964553496,0.0001314175181095223,0.044,0.39613012748837284,11,-0.32500553131103516
628,0,test,3.765823181238952,1.8132262471580736,2.4621176446721726,5.70510937037997,2.746983476233489,3.7300345155811963,43.19925204119504,36.15228770078527,39.51633343789608,65.4455734516308,54.76963346286631,59.86606203465694,3.757279891311162,1.8159711427519007,2.460732347305556,5.406158116994478,2.612908119067483,3.5406220824540373,42.831760335635046,35.86389614753636,39.17510991043206,61.628432137604385,51.60272826983649,56.36706461932671,3.765823181238952,1.8132262471580736,2.4621176446721726,5.70510937037997,2.746983476233489,3.7300345155811963,43.19925204119504,36.15228770078527,39.51633343789608,65.4455734516308,54.76963346286631,59.86606203465694,0.7085427135678393,-0.0014572864321606982,-0.0014572864321606982,0.5728643216080402,0.0028643216080401768,0.0028643216080401768,0.49246231155778897,0.0024623115577889765,0.0024623115577889765,0.43253968253968256,0.12758918749017756,0.19639192528374583,0.4422310756972112,0.42211055276381915,0.12135867306457104,0.1900571303932015,0.43434343434343436,0.43253968253968256,0.12758918749017756,0.19639192528374583,0.4422310756972112,18.0,0.0,0.0,29.0,1.0,1.0,37.0,0.0,0.0,-0.00012979599636080128,0.00015085839545587573,-0.00010529429204282863,-5.857619511928647e-05,-0.00012331829868550415,0.00012440840417138332,0.05555555555555555,-0.32291420245069963,14,-0.33338284492492676
494,0,test,2.85947476281209,1.3508726741710764,1.8449772114705096,4.73150500321425,2.235256942873004,3.0528399902030015,17.45235790144511,12.931950654618106,14.694380594257195,28.878002282966733,21.398191730663058,24.31444270992198,2.9258575645344442,1.402209578567216,1.9070017327892965,4.836128205842057,2.3177017827557287,3.1520689798170194,18.650212955207962,14.061277886553842,15.880189378125479,30.826798273071013,23.24178163066751,26.248246905992527,2.85947476281209,1.3508726741710764,1.8449772114705096,4.73150500321425,2.235256942873004,3.0528399902030015,17.45235790144511,12.931950654618106,14.694380594257195,28.878002282966733,21.398191730663058,24.31444270992198,0.7135678391959799,-0.0014321608040201994,-0.0014321608040201994,0.5125628140703518,-0.0024371859296482556,-0.0024371859296482556,0.3467336683417085,-0.003266331658291488,-0.003266331658291488,0.3668122270742358,0.06397998306552122,0.11862645058657251,0.32894736842105265,0.36180904522613067,0.058550899862722106,0.11640003020108891,0.3282828282828283,0.3668122270742358,0.06397998306552122,0.11862645058657251,0.32894736842105265,22.0,0.0,0.0,32.0,0.0,0.0,39.0,-1.0,-1.0,0.00047114533660904724,0.0001626729359992933,0.00012579153040046548,0.00010081200767153575,3.1039502799146135e-06,-2.9945133013242753e-05,0.9475982532751092,-0.2869181568728396,217,-0.22157001495361328
557,0,test,2.6403249091124135,1.2483515977223885,1.7081727855102504,4.099883399242878,1.9384341579540192,2.6524422135252337,14.01775736501843,9.994976940712771,11.477787736704682,21.76670398294787,15.520150529057098,17.82265176506938,2.5715406973719253,1.1986842967448301,1.6534731650844612,3.7540740107619346,1.7499040828391683,2.4138294380795053,13.085970437769806,9.139362734496729,10.58152448812361,19.103606478496065,13.342135378827338,15.447481004560014,2.6403249091124135,1.2483515977223885,1.7081727855102504,4.099883399242878,1.9384341579540192,2.6524422135252337,14.01775736501843,9.994976940712771,11.477787736704682,21.76670398294787,15.520150529057098,17.82265176506938,0.6633165829145728,-0.0016834170854271857,-0.0016834170854271857,0.4824120603015075,-0.0025879396984924696,-0.0025879396984924696,0.36180904522613067,-0.0031909547738693256,-0.0031909547738693256,0.3855421686746988,0.0809329502378251,0.14522174143838373,0.3709677419354839,0.40703517587939697,0.09876449918766761,0.1683039571815672,0.36363636363636365,0.3855421686746988,0.0809329502378251,0.14522174143838373,0.3709677419354839,12.0,0.0,0.0,23.0,0.0,0.0,29.0,0.0,0.0,-9.717452914887202e-05,-0.00013632616003834353,-7.713530926323873e-05,-3.7786429536446065e-05,-0.00010682844012599446,0.00013492207507859177,0.04819277108433735,0.4869083850836768,12,-0.4880962371826172
504,0,test,2.330238628720205,1.112088531836805,1.5158590934398675,5.387511709601113,2.5711486856066927,3.504666224032973,10.280394437732932,6.899466881110795,8.022620069408633,23.768271940038538,15.951567429128158,18.54829760047276,3.37138606232321,1.6165214791097917,2.1971782317340294,5.394217699717136,2.586434366575667,3.515485170774447,29.11885965385508,23.336195034781696,25.883280852053552,46.590175446168125,37.33791205565071,41.413249363285686,2.330238628720205,1.112088531836805,1.5158590934398675,5.387511709601113,2.5711486856066927,3.504666224032973,10.280394437732932,6.899466881110795,8.022620069408633,23.768271940038538,15.951567429128158,18.54829760047276,0.6934673366834171,-0.0015326633165829717,-0.0015326633165829717,0.5879396984924623,-0.002060301507537776,-0.002060301507537776,0.457286432160804,-0.0027135678391959628,-0.0027135678391959628,0.3819444444444444,0.13411082226073556,0.20411534513728502,0.23693379790940772,0.42713567839195976,0.1138524703719096,0.190073908775933,0.3434343434343434,0.3819444444444444,0.13411082226073556,0.20411534513728502,0.23693379790940772,23.0,-2.0,-2.0,33.0,-3.0,-3.0,43.0,1.0,1.0,0.0032399995474184954,0.0011617058282930844,0.000338927225466911,-0.016574298710787083,-0.018223472903283522,-0.01541727042381158,0.03819444444444445,0.6269310122054407,11,-0.21309494972229004
247,0,test,2.3564157906811536,1.1079509064379727,1.5236573256246801,3.7593685446705107,1.767597977901043,2.4308059067769463,10.553059212966813,7.068070225442446,8.253405699986509,16.836094466929712,11.276227642902398,13.167283082059399,2.55582897372212,1.195177090611463,1.6453821345956885,3.8433518401836384,1.7972587828743802,2.4742588490160724,12.881974050492111,8.983240058060918,10.396541176543375,19.371389549612196,13.508631666257017,15.63389650608026,2.3564157906811536,1.1079509064379727,1.5236573256246801,3.7593685446705107,1.767597977901043,2.4308059067769463,10.553059212966813,7.068070225442446,8.253405699986509,16.836094466929712,11.276227642902398,13.167283082059399,0.5979899497487438,-0.0020100502512562235,-0.0020100502512562235,0.4623115577889447,-0.002688442211055242,-0.002688442211055242,0.3316582914572864,-0.0033417085427135396,-0.0033417085427135396,0.37090909090909085,0.09916996047430826,0.16584274591512227,0.3284671532846716,0.39698492462311563,0.1119849246231156,0.1823426617279409,0.35858585858585856,0.37090909090909085,0.09916996047430826,0.16584274591512227,0.3284671532846716,18.0,-2.0,-2.0,30.0,-7.0,-7.0,36.0,-4.0,-4.0,0.0004041169720358933,0.00030088376824575764,0.00010484645860011047,-0.004893493439473318,-0.0032997183468843616,-0.004144396891876845,0.96,0.5280884930522929,264,-0.7157754898071289
129,0,test,2.706700552751034,1.319872385882214,1.778491474865869,4.612075283963932,2.248993078575614,3.030455868356974,14.979768930218338,10.977633137224046,12.449794798967373,25.52473784820098,18.705309095664656,21.213795085082563,2.761113645194886,1.3306802838164544,1.8012780258851477,4.280796349139358,2.063070207467371,2.7926791098994537,15.817448168604692,11.636937697398686,13.206180972367223,24.523175455201073,18.04176387193595,20.474699181964688,2.706700552751034,1.319872385882214,1.778491474865869,4.612075283963932,2.248993078575614,3.030455868356974,14.979768930218338,10.977633137224046,12.449794798967373,25.52473784820098,18.705309095664656,21.213795085082563,0.6834170854271358,-0.0015829145728643024,-0.0015829145728643024,0.5477386934673367,-0.002261306532663321,-0.002261306532663321,0.3517587939698492,-0.0032412060301507672,-0.0032412060301507672,0.3875968992248062,0.07425067098496096,0.1504834971629505,0.33463035019455256,0.38190954773869346,0.06612007405448295,0.1465172272044698,0.33333333333333337,0.3875968992248062,0.07425067098496096,0.1504834971629505,0.33463035019455256,24.0,0.0,0.0,35.0,1.0,1.0,44.0,0.0,0.0,-0.00011164770118414186,0.0001320444199745172,0.00013574292911276646,-0.00010015572628230274,-0.00015629801580718805,0.00010338106235963096,0.03875968992248062,0.5122920207492037,10,-0.4964933395385742
254,0,test,2.673920126749507,1.2717729753801672,1.7377853537808166,4.291476746635012,2.0411171209805157,2.78903822211736,14.4966867997683,10.432770350306845,11.946581192395707,23.266287456418258,16.743952414072712,19.173525370511626,2.713290796042467,1.2443446196301353,1.72943828664313,4.272898891405459,1.959597826189189,2.7235248608553224,15.078815263157809,10.734161034514315,12.404074380394732,23.746165768752455,16.904190605534353,19.53397540219643,2.673920126749507,1.2717729753801672,1.7377853537808166,4.291476746635012,2.0411171209805157,2.78903822211736,14.4966867997683,10.432770350306845,11.946581192395707,23.266287456418258,16.743952414072712,19.173525370511626,0.6934673366834171,-0.0015326633165829717,-0.0015326633165829717,0.4773869346733668,-0.0026130653266331905,-0.0026130653266331905,0.3467336683417085,-0.003266331658291488,-0.003266331658291488,0.3706563706563707,0.06563706563706573,0.1351351351351352,0.29844961240310075,0.3668341708542714,0.055276381909547756,0.1222780569514238,0.2828282828282829,0.3706563706563707,0.06563706563706573,0.1351351351351352,0.29844961240310075,21.0,-4.0,-4.0,31.0,-2.0,-2.0,41.0,-10.0,-10.0,-3.7966420801049674e-05,0.0002960644258705108,0.00039436497438460904,-0.00010708564814265742,-0.00016179463533028127,9.987650539144965e-05,0.03861003861003861,0.32835777090157797,10,-0.2941596508026123
879,0,test,2.450050021515062,1.1687926738770968,1.584515205584573,3.9200800344240987,1.8700682782033549,2.5352243289353167,11.58892640038149,7.987761604151349,9.212649783594816,18.542282240610383,12.780418566642158,14.740239653751704,2.4732927379771894,1.1575022063403075,1.5800950106289617,3.776019447293419,1.7671789409775687,2.4123587948533767,11.861439231993865,8.133742549069106,9.418510236579568,18.109067529761624,12.417927555830694,14.379404941342848,2.450050021515062,1.1687926738770968,1.584515205584573,3.9200800344240987,1.8700682782033549,2.5352243289353167,11.58892640038149,7.987761604151349,9.212649783594816,18.542282240610383,12.780418566642158,14.740239653751704,0.6532663316582914,-0.0017336683417086274,-0.0017336683417086274,0.44723618090452266,-0.0027638190954772934,-0.0027638190954772934,0.31155778894472363,-0.003442211055276312,-0.003442211055276312,0.38745387453874536,0.07990322997152621,0.15800602177800915,0.36296296296296293,0.37688442211055273,0.07613254241130463,0.14816989790354107,0.36363636363636365,0.38745387453874536,0.07990322997152621,0.15800602177800915,0.36296296296296293,17.0,-6.0,-6.0,28.0,-14.0,-14.0,38.0,-15.0,-15.0,8.052781621061256e-07,0.00023329273721405796,0.00013765918563556122,-0.00019024471046957814,0.00021210453193631906,5.782182176528039e-05,0.9520295202952029,-0.4377876409601433,258,-0.3196394443511963
749,0,test,3.0322106817658034,1.480509380257093,1.9974537765844693,4.799450036169186,2.343382945437608,3.1616139531214302,20.743038196232604,16.023545559940718,17.928616215175673,32.832538985447925,25.362421806531934,28.37780971481794,3.121672214425791,1.4910508381448428,2.031567577571966,4.624699576927098,2.2089642046590265,3.009729744551061,22.684280926611166,17.57723379585463,19.709695619083696,33.60634211349802,26.040346364229084,29.199549065309178,3.0322106817658034,1.480509380257093,1.9974537765844693,4.799450036169186,2.343382945437608,3.1616139531214302,20.743038196232604,16.023545559940718,17.928616215175673,32.832538985447925,25.362421806531934,28.37780971481794,0.6984924623115578,-0.0015075376884421399,-0.0015075376884421399,0.5276381909547738,-0.002361809045226204,-0.002361809045226204,0.3919597989949749,-0.0030402010050251116,-0.0030402010050251116,0.36964980544747084,0.06285368894261645,0.1432591198071086,0.3515625,0.371859296482412,0.07361368244732425,0.13646697594818835,0.36363636363636365,0.36964980544747084,0.06285368894261645,0.1432591198071086,0.3515625,21.0,-9.0,-9.0,29.0,-12.0,-12.0,39.0,-13.0,-13.0,0.00016163722878583103,1.1213432995662514e-05,6.102177887681494e-05,-9.322580442105988e-05,-0.00015080139628764755,0.00010688561932692409,0.038910505836575876,0.22046001049131492,10,-0.5378870964050293
84,0,test,2.7338926371315515,1.3190926209141536,1.7871888089876662,4.088742085621524,1.972802238358336,2.672875298397483,15.3926887028679,11.277025385118245,12.815487955836645,23.020923812253763,16.86563973526534,19.166526234835334,2.7338926371315515,1.3190926209141536,1.7871888089876662,4.088742085621524,1.972802238358336,2.672875298397483,15.3926887028679,11.277025385118245,12.815487955836645,23.020923812253763,16.86563973526534,19.166526234835334,2.7338926371315515,1.3190926209141536,1.7871888089876662,4.088742085621524,1.972802238358336,2.672875298397483,15.3926887028679,11.277025385118245,12.815487955836645,23.020923812253763,16.86563973526534,19.166526234835334,0.6845238095238095,0.09452380952380945,0.09452380952380945,0.47619047619047616,0.06119047619047613,0.06119047619047613,0.34523809523809523,0.04523809523809519,0.04523809523809519,0.38095238095238093,0.08333333333333326,0.1428571428571428,0.35928143712574845,0.38095238095238093,0.08333333333333326,0.1428571428571428,0.35928143712574845,0.38095238095238093,0.08333333333333326,0.1428571428571428,0.35928143712574845,22.0,2.0,2.0,30.0,3.0,3.0,36.0,3.0,3.0,9.664405424000218e-05,5.0404385864236356e-05,0.00013390318512809625,3.5699890170270976e-05,6.804720801945052e-05,7.471573781625551e-05,0.9345238095238095,0.999862567393396,157,-0.30675363540649414
851,0,test,3.084376658010004,1.4785361139590592,2.0124390246848294,5.140627763350007,2.4642268565984318,3.354065041141382,21.853840179254533,16.871794707282035,18.932806266482604,36.423066965424226,28.11965784547006,31.554677110804345,3.1061144239753578,1.4715447996782567,2.0140405268044472,4.891518777913949,2.3173933853200888,3.1717173650463732,22.334094762285584,17.206843884370098,19.35364595046393,35.171802775252885,27.097391943889914,30.478182599155797,3.084376658010004,1.4785361139590592,2.0124390246848294,5.140627763350007,2.4642268565984318,3.354065041141382,21.853840179254533,16.871794707282035,18.932806266482604,36.423066965424226,28.11965784547006,31.554677110804345,0.6884422110552764,-0.0015577889447235815,-0.0015577889447235815,0.5276381909547738,-0.002361809045226204,-0.002361809045226204,0.3919597989949749,-0.0030402010050251116,-0.0030402010050251116,0.39748953974895396,0.09060018693058236,0.16661332278094287,0.3529411764705882,0.3919597989949749,0.0962204506240476,0.16324527478796325,0.33838383838383834,0.39748953974895396,0.09060018693058236,0.16661332278094287,0.3529411764705882,22.0,0.0,0.0,32.0,0.0,0.0,39.0,0.0,0.0,0.0004434991797285572,-0.00012407013605132558,0.00012298095404793776,3.151278906887711e-05,-5.1862244922595835e-05,-7.525089254567519e-05,0.05439330543933055,0.4432643278244383,13,-0.2358996868133545
171,0,test,2.467343440957264,1.168971686487001,1.6004171316750755,4.687952537818802,2.221046204325302,3.040792550182643,11.791081503950616,8.12775449087715,9.411496012445198,22.403054857506174,15.442733532666587,17.881842423645878,2.572919049130164,1.174007106999199,1.638048575421778,4.360879744288414,1.9898425542359304,2.77635351766403,13.104019944558058,9.053229870403536,10.557136396565726,22.210203295861117,15.344457407463622,17.893451519602927,2.467343440957264,1.168971686487001,1.6004171316750755,4.687952537818802,2.221046204325302,3.040792550182643,11.791081503950616,8.12775449087715,9.411496012445198,22.403054857506174,15.442733532666587,17.881842423645878,0.5778894472361809,-0.002110552763819218,-0.002110552763819218,0.4522613065326633,-0.0027386934673366836,-0.0027386934673366836,0.3517587939698492,-0.0032412060301507672,-0.0032412060301507672,0.4,0.12452830188679243,0.19371069182389944,0.34090909090909094,0.39698492462311563,0.12060301507537696,0.18927973199329984,0.33333333333333337,0.4,0.12452830188679243,0.19371069182389944,0.34090909090909094,18.0,-3.0,-3.0,27.0,-4.0,-4.0,37.0,-9.0,-9.0,0.00023955273692090418,0.00021053384763578808,0.0001776495648329875,-0.0048083985146432084,-0.004995903816574554,-0.0047255001978685485,0.9471698113207547,-0.363042879608619,251,-0.4267094135284424
753,0,test,2.553513858441212,1.1984212940029393,1.6493064295260491,4.178477222903801,1.961053026550264,2.698865066497171,12.85218529103072,8.975065467588376,10.382211773548816,21.030848658050267,14.686470765144614,16.989073811261697,2.3827579742050804,1.0972629332056507,1.524187468264641,3.874403210089562,1.7841673710660988,2.478353606934376,10.834743638446442,7.218285829402381,8.474958655559963,17.61746933080722,11.737050129109562,13.78042057814628,2.553513858441212,1.1984212940029393,1.6493064295260491,4.178477222903801,1.961053026550264,2.698865066497171,12.85218529103072,8.975065467588376,10.382211773548816,21.030848658050267,14.686470765144614,16.989073811261697,0.6030150753768844,-0.0019849246231156137,-0.0019849246231156137,0.39698492462311563,-0.0030150753768843908,-0.0030150753768843908,0.3266331658291457,-0.0033668341708542604,-0.0033668341708542604,0.35315985130111527,0.07434944237918217,0.13506815365551428,0.31343283582089554,0.3668341708542714,0.09045226130653272,0.14907872696817426,0.2828282828282829,0.35315985130111527,0.07434944237918217,0.13506815365551428,0.31343283582089554,18.0,0.0,0.0,30.0,0.0,0.0,38.0,1.0,1.0,-0.0003271587868445154,-1.9057899547470397e-05,0.00020533554405453286,-0.00854138730316567,-0.009167560420526577,-0.010122549571852879,0.9591078066914498,0.4512771406918446,258,-0.4761464595794678
816,0,test,2.7844119226167034,1.3535396072339085,1.8281843241073314,4.81471228285805,2.340495570841967,3.1612353937689273,16.190293930938854,12.007948005110624,13.588431264988078,27.9957165889151,20.763743425503787,23.49666239570855,2.790119712908298,1.3579575791450138,1.8338836211267884,4.810551229152238,2.3413061709396787,3.1618683122875657,16.282968966686727,12.095225093772465,13.68108420231442,28.074084425321946,20.853836368573216,23.588076210886932,2.7844119226167034,1.3535396072339085,1.8281843241073314,4.81471228285805,2.340495570841967,3.1612353937689273,16.190293930938854,12.007948005110624,13.588431264988078,27.9957165889151,20.763743425503787,23.49666239570855,0.6733668341708543,-0.001633165829145744,-0.001633165829145744,0.4623115577889447,-0.002688442211055242,-0.002688442211055242,0.35678391959798994,-0.0032160804020100464,-0.0032160804020100464,0.39919354838709675,0.09738268319594989,0.16729006313240502,0.32793522267206476,0.3919597989949749,0.086195387967406,0.15823692754255425,0.297979797979798,0.39919354838709675,0.09738268319594989,0.16729006313240502,0.32793522267206476,20.0,0.0,0.0,29.0,0.0,0.0,40.0,0.0,0.0,0.0007035686335636079,-2.861603974627174e-05,0.00017537993059816727,-3.085650767697956e-05,-0.00010133182060556578,-0.00011602607612637428,0.9435483870967742,-0.2898471877017002,234,-0.5675938129425049
279,0,test,1.823508020522003,0.8540000275594307,1.1730910160903405,2.9759650894919085,1.3937280449769909,1.9144845382594353,6.19354747651744,3.556900585169163,4.277207691916383,10.107869481676461,5.8048617549960735,6.980402953207535,1.8018316771577065,0.779983049264666,1.1167458211550256,2.9298076051344824,1.2682651207555546,1.8158468636667082,6.060738620093004,3.2824125094212144,4.0767964585241625,9.854859544866674,5.3372561128800236,6.6289373309335975,1.823508020522003,0.8540000275594307,1.1730910160903405,2.9759650894919085,1.3937280449769909,1.9144845382594353,6.19354747651744,3.556900585169163,4.277207691916383,10.107869481676461,5.8048617549960735,6.980402953207535,0.48743718592964824,-0.002562814070351749,-0.002562814070351749,0.3517587939698492,-0.0032412060301507672,-0.0032412060301507672,0.24623115577889443,-0.0037688442211055717,-0.0037688442211055717,0.37438423645320196,0.10098522167487678,0.1724137931034483,0.37623762376237624,0.37688442211055273,0.1105527638190954,0.1758793969849246,0.3737373737373737,0.37438423645320196,0.10098522167487678,0.1724137931034483,0.37623762376237624,19.0,-6.0,-6.0,31.0,-13.0,-13.0,36.0,-9.0,-9.0,-0.0007327298109863064,-0.000346738666089705,-0.00021793860669698682,-0.03618122864240725,-0.03628467540959779,-0.03632377027772726,0.07881773399014778,0.30385566064638175,16,-1.020202398300171
898,0,test,2.8230152907069486,1.3583844557427127,1.8382716927786362,4.705025484511581,2.263974092904521,3.0637861546310603,16.827514098156374,12.501568140662055,14.150388722235219,28.045856830260625,20.835946901103426,23.583981203725365,2.744789209668308,1.2991331941331703,1.7755152212663101,4.574648682780514,2.165221990221951,2.9591920354438503,15.561333407814706,11.316697631137126,12.925303431680327,25.935555679691177,18.86116271856188,21.542172386133878,2.8230152907069486,1.3583844557427127,1.8382716927786362,4.705025484511581,2.263974092904521,3.0637861546310603,16.827514098156374,12.501568140662055,14.150388722235219,28.045856830260625,20.835946901103426,23.583981203725365,0.6733668341708543,-0.001633165829145744,-0.001633165829145744,0.507537688442211,-0.0024623115577889765,-0.0024623115577889765,0.33668341708542715,-0.0033165829145728187,-0.0033165829145728187,0.39357429718875503,0.08495706271981718,0.15191875646779374,0.3870967741935484,0.39698492462311563,0.10625810758050913,0.16159260408889198,0.36868686868686873,0.39357429718875503,0.08495706271981718,0.15191875646779374,0.3870967741935484,17.0,-2.0,-2.0,28.0,-3.0,-3.0,35.0,-7.0,-7.0,0.00016706497092175925,3.116136842688659e-06,-9.302790684665025e-05,-3.7786429536446065e-05,-0.00010682844012599446,0.00013492207507859177,0.040160642570281124,0.6711232953486945,10,-0.3320150375366211
192,0,test,1.9370165853488044,0.9163871476434484,1.253994356051895,3.4015901011003398,1.609265234886056,2.2021364301399133,6.938021069359039,4.1630802025721785,4.958168802358269,12.183841877898802,7.310774989882852,8.707028140726718,2.00761279363093,0.9310557760615228,1.2872894086327027,3.431816741249453,1.5915483351479023,2.2004947156114576,7.445522117507141,4.510963613108722,5.39042442654738,12.727388235054944,7.711048911296962,9.21440072914082,1.9370165853488044,0.9163871476434484,1.253994356051895,3.4015901011003398,1.609265234886056,2.2021364301399133,6.938021069359039,4.1630802025721785,4.958168802358269,12.183841877898802,7.310774989882852,8.707028140726718,0.5175879396984925,-0.002412060301507535,-0.002412060301507535,0.37688442211055273,-0.003115577889447274,-0.003115577889447274,0.27135678391959794,-0.0036432160804020786,-0.0036432160804020786,0.3767441860465116,0.11224302595370417,0.17272563890586246,0.3457943925233645,0.37688442211055273,0.11122026170955024,0.17321163413058616,0.36363636363636365,0.3767441860465116,0.11224302595370417,0.17272563890586246,0.3457943925233645,16.0,0.0,0.0,23.0,1.0,1.0,32.0,1.0,1.0,-9.946966743264085e-05,-8.035769523112265e-05,2.7685841192957574e-06,-0.04061930739616404,-0.04075613745265727,-0.04081364277214572,0.046511627906976744,0.6927335034977893,10,-1.3137470483779907
974,0,test,2.3093741659555014,1.0977441347674983,1.4953834019600278,3.922975346014153,1.864757664829404,2.5402346251244063,10.068121709590377,6.709166314940401,7.811224928506771,17.102899057958012,11.396981240123115,13.269067987527528,2.3756805972508404,1.1329847924210106,1.544459492680414,3.8125841842977195,1.8182578523530735,2.478608379382277,10.75833278666202,7.293391094540129,8.462211953926877,17.26538890762695,11.704716353334561,13.58048531315684,2.3093741659555014,1.0977441347674983,1.4953834019600278,3.922975346014153,1.864757664829404,2.5402346251244063,10.068121709590377,6.709166314940401,7.811224928506771,17.102899057958012,11.396981240123115,13.269067987527528,0.6060606060606061,0.0010606060606060952,0.0010606060606060952,0.4797979797979798,-0.00020202020202020332,-0.00020202020202020332,0.30808080808080807,-0.001919191919191987,-0.001919191919191987,0.428030303030303,0.13691499112104022,0.21014617204793518,0.3650190114068441,0.43434343434343436,0.14215199857517236,0.21286692427632026,0.36040609137055835,0.428030303030303,0.13691499112104022,0.21014617204793518,0.3650190114068441,18.0,0.0,0.0,27.0,0.0,0.0,33.0,-1.0,-1.0,0.00020930074946889918,3.2398694030697554e-05,0.00010199961283546465,-0.01183055786185161,-0.010678264069793997,-0.011086180908831622,0.041666666666666664,0.4150057914884434,11,-0.45247507095336914
590,0,test,3.1374446039698682,1.5216409099084625,2.0585224077735393,5.290592861596248,2.5659042794534854,3.4712338640887133,23.044902699546416,18.012972268159952,20.10339522555618,38.8600320031567,30.374815981603057,33.89984292936924,3.304530143730773,1.600198522768158,2.1659997518861616,5.203984478316178,2.519997673650643,3.4110232313167907,27.235741697998247,21.738031813098523,24.11356508223896,42.890931807871254,34.233120965509485,37.974118239746396,3.1374446039698682,1.5216409099084625,2.0585224077735393,5.290592861596248,2.5659042794534854,3.4712338640887133,23.044902699546416,18.012972268159952,20.10339522555618,38.8600320031567,30.374815981603057,33.89984292936924,0.7939698492462312,-0.001030150753768888,-0.001030150753768888,0.5778894472361809,-0.002110552763819218,-0.002110552763819218,0.4371859296482412,-0.002814070351758735,-0.002814070351758735,0.40077821011673154,0.07650636545653733,0.15239528644273415,0.33203125,0.40201005025125625,0.07368924824624368,0.1382370953263815,0.3434343434343434,0.40077821011673154,0.07650636545653733,0.15239528644273415,0.33203125,17.0,-1.0,-1.0,27.0,-3.0,-3.0,36.0,0.0,0.0,-5.673771788666411e-06,0.0003586297222853723,0.0003550786626326651,-9.322580442105988e-05,-0.00015080139628764755,0.00010688561932692409,0.9571984435797666,-0.2694250609476065,246,-0.19333338737487793
284,0,test,2.1712916849440487,1.0253592266517242,1.4064311304878978,3.716956952192355,1.755275964268206,2.4076193928691136,8.769604293898304,5.62423137499054,6.620909566039696,15.012373452266589,9.627921506339739,11.334099426610326,2.1976799628022827,1.0144124062958968,1.4075576803615646,3.4072557562826087,1.5727324128618554,2.182259969552813,9.004099402527892,5.739073955743587,6.800433523104723,13.959844034926965,8.897789078672227,10.543307787759261,2.1756535709384335,1.0416572328611329,1.418828299274748,3.729691835894457,1.7856981134762275,2.4322770844709964,8.807939854936375,5.699887311974778,6.6764413162058265,15.099325465605213,9.771235391956761,11.445327970638559,0.5276381909547738,-0.002361809045226204,-0.002361809045226204,0.4170854271356784,-0.0029145728643216184,-0.0029145728643216184,0.31155778894472363,-0.003442211055276312,-0.003442211055276312,0.3774834437086093,0.11467352635323746,0.18365084458966663,0.3588039867109635,0.3869346733668342,0.11375171597335043,0.1899396817140796,0.36363636363636365,0.3745819397993311,0.11414788303806234,0.18103355270255683,0.3557046979865772,19.0,1.0,1.0,31.0,1.0,1.0,35.0,0.0,0.0,-3.393735724533301e-05,3.8825533864177836e-05,4.035059964589746e-05,-0.022858763354736134,-0.02211020675783537,-0.022229603404452014,0.0728476821192053,0.19579520332395953,22,-0.6986815929412842
552,0,test,2.2251769036614957,1.0739482177899247,1.4566860687989815,3.718198826118241,1.7945328284360675,2.4340754310899113,9.255119923698464,6.093044202111285,7.098610655566109,15.465006840244529,10.181280311914986,11.861549418010465,2.223419030223267,1.0475654929480558,1.4385363825354502,3.456721773550235,1.6286369773176803,2.236474532223083,9.238864885552703,5.9979568861385815,7.046715213747381,14.363547751757718,9.324948596418576,10.955440058872883,2.2251769036614957,1.0739482177899247,1.4566860687989815,3.718198826118241,1.7945328284360675,2.4340754310899113,9.255119923698464,6.093044202111285,7.098610655566109,15.465006840244529,10.181280311914986,11.861549418010465,0.5555555555555556,0.0005555555555556424,0.0005555555555556424,0.398989898989899,-0.0010101010101010166,-0.0010101010101010166,0.31313131313131315,-0.0018686868686867975,-0.0018686868686867975,0.3682170542635659,0.09355554555950396,0.15816550787181327,0.3463035019455253,0.38383838383838387,0.10676029819606647,0.17242898786522953,0.35532994923857864,0.3682170542635659,0.09355554555950396,0.15816550787181327,0.3463035019455253,14.0,-5.0,-5.0,25.0,-10.0,-10.0,30.0,-6.0,-6.0,0.00010226091734636459,0.00012057329661839658,0.00020771382996833212,-0.00010015572628230274,-0.00015629801580718805,0.00010338106235963096,0.050387596899224806,0.427568415912888,13,-0.5930953025817871
983,0,test,2.8352304995699136,1.365432441952357,1.853559341729414,4.405019137749865,2.121434584954226,2.8798238360202753,17.034326252788677,12.685969317955614,14.365413561241684,26.465761127214044,19.709839335806745,22.31914536351109,3.0546551570922604,1.4710763747318967,1.996485656670563,4.427036459554001,2.1319947459882567,2.893457473435599,21.213868813220174,16.34150704427543,18.33277649205708,30.744737410464023,23.68334354242816,26.569241292836345,2.8352304995699136,1.365432441952357,1.853559341729414,4.405019137749865,2.121434584954226,2.8798238360202753,17.034326252788677,12.685969317955614,14.365413561241684,26.465761127214044,19.709839335806745,22.31914536351109,0.7035175879396984,-0.001482412060301641,-0.001482412060301641,0.542713567839196,-0.0022864321608039306,-0.0022864321608039306,0.40201005025125625,-0.002989949748743781,-0.002989949748743781,0.3868613138686131,0.08813635940595377,0.1429292750336617,0.36630036630036633,0.39698492462311563,0.08119545093890512,0.16159260408889198,0.38383838383838387,0.3868613138686131,0.08813635940595377,0.1429292750336617,0.36630036630036633,19.0,-1.0,-1.0,29.0,-3.0,-3.0,37.0,-2.0,-2.0,2.4140749227952506e-06,0.00023330752207657366,1.895919641979796e-05,-0.000211034476049754,0.00020048395678795572,4.730815085896012e-05,0.04744525547445255,0.374627924827012,13,-0.5236854553222656
810,0,test,2.4399041179193346,1.1790475128527145,1.5984387952733563,4.071235359551448,1.9673641638879595,2.66716240839217,11.471940736513144,7.943498061442104,9.1521770467121,19.142133670809724,13.254557811824906,15.271365188409145,2.5832783986532544,1.236792481978867,1.6765247610308873,3.9242168040610506,1.8787916329297292,2.546781888894248,13.240474637939148,9.396580632600752,10.764204038940665,20.113392770609853,14.27419500677519,16.35172979961216,2.4399041179193346,1.1790475128527145,1.5984387952733563,4.071235359551448,1.9673641638879595,2.66716240839217,11.471940736513144,7.943498061442104,9.1521770467121,19.142133670809724,13.254557811824906,15.271365188409145,0.6161616161616161,-0.003838383838383863,-0.003838383838383863,0.505050505050505,-0.004949494949495037,-0.004949494949495037,0.3535353535353535,-0.0014646464646465018,-0.0014646464646465018,0.42657342657342656,0.12814410720169878,0.2091315661083103,0.38596491228070173,0.43434343434343436,0.13207643182454265,0.21286692427632026,0.3908629441624365,0.42657342657342656,0.12814410720169878,0.2091315661083103,0.38596491228070173,19.0,0.0,0.0,29.0,1.0,1.0,39.0,1.0,1.0,0.0003482529579044243,0.00020405591936816355,0.00018281094592523126,-0.004969722579938107,-0.004089451476537498,-0.004808801650498573,0.03496503496503497,0.6564223449931093,10,-0.6622581481933594
687,0,test,2.2156013089743474,1.0641552904313265,1.4428484659758607,5.577873470838927,2.679057617138515,3.632434295921685,9.166919605714025,6.004156587079599,7.001199663494074,23.0781221652625,15.115727548174078,17.625827223007008,2.8976714824029157,1.398613182548825,1.8943776354081334,5.467304683779086,2.638892797261934,3.574297425298365,18.131875783973925,13.654405134331885,15.404625588978124,34.21108638485646,25.763028555343173,29.06533129995872,2.2156013089743474,1.0641552904313265,1.4428484659758607,5.577873470838927,2.679057617138515,3.632434295921685,9.166919605714025,6.004156587079599,7.001199663494074,23.0781221652625,15.115727548174078,17.625827223007008,0.6532663316582914,-0.0017336683417086274,-0.0017336683417086274,0.4974874371859297,-0.002512562814070307,-0.002512562814070307,0.3869346733668342,-0.0030653266331658324,-0.0030653266331658324,0.3496503496503497,0.11055785401335139,0.16360383802244272,0.28421052631578947,0.40703517587939697,0.11630835883679047,0.1849984479995973,0.38383838383838387,0.3496503496503497,0.11055785401335139,0.16360383802244272,0.28421052631578947,19.0,0.0,0.0,30.0,0.0,0.0,40.0,0.0,0.0,0.002207847191909747,0.00044162710526548816,0.00011910655528761551,-0.055984865336832,-0.05924624196240913,-0.05107356184954526,0.03496503496503497,0.34202856049935443,10,-0.5175802707672119
845,0,test,3.167559563157474,1.5370420144837795,2.079849309681677,4.985626294673894,2.4192495612584937,3.2736089726350657,23.74945453233855,18.642937626539265,20.781983002473805,37.380798258000326,29.343321944730445,32.710103424012026,3.195119661313245,1.5235453913737789,2.079463704560387,4.878045284447702,2.3260234982805783,3.1747537474204375,24.41309482050521,19.092557651150532,21.361525600255643,37.271900489320934,29.148942978855775,32.6130161835964,3.167559563157474,1.5370420144837795,2.079849309681677,4.985626294673894,2.4192495612584937,3.2736089726350657,23.74945453233855,18.642937626539265,20.781983002473805,37.380798258000326,29.343321944730445,32.710103424012026,0.7537688442211055,-0.0012311557788945438,-0.0012311557788945438,0.5276381909547738,-0.002361809045226204,-0.002361809045226204,0.40201005025125625,-0.002989949748743781,-0.002989949748743781,0.37735849056603776,0.07039050563195115,0.13269098742927488,0.3522727272727273,0.37688442211055273,0.06861374541882337,0.12980595800370798,0.3484848484848485,0.37735849056603776,0.07039050563195115,0.13269098742927488,0.3522727272727273,24.0,-9.0,-9.0,33.0,-9.0,-9.0,43.0,-10.0,-10.0,-2.2550942379336204e-05,-8.906106556154081e-05,3.0092566091037923e-05,-0.0001486651793047855,0.00023534568223659846,7.884916357880911e-05,0.052830188679245285,0.473078278210707,14,-0.4501967430114746
691,0,test,2.6541062732132614,1.282734607993449,1.7371752145356516,4.813999654173019,2.3266151855329453,3.150876423606044,14.212278487642761,10.271526104689046,11.710677158001694,25.77813270517273,18.630423210573923,21.240745465892726,2.776090929099319,1.3256360827435196,1.8070352862187729,4.626818215165533,2.2093934712392,3.0117254770312885,16.05613354802581,11.791079529700877,13.420679074399647,26.760222580043017,19.65179921616813,22.367798457332746,2.6541062732132614,1.282734607993449,1.7371752145356516,4.813999654173019,2.3266151855329453,3.150876423606044,14.212278487642761,10.271526104689046,11.710677158001694,25.77813270517273,18.630423210573923,21.240745465892726,0.6432160804020101,-0.001783919597989958,-0.001783919597989958,0.5125628140703518,-0.0024371859296482556,-0.0024371859296482556,0.37688442211055273,-0.003115577889447274,-0.003115577889447274,0.3740458015267175,0.07309342057433654,0.14688844112062616,0.3524904214559387,0.3869346733668342,0.07866399667510482,0.16322849640523152,0.35858585858585856,0.3740458015267175,0.07309342057433654,0.14688844112062616,0.3524904214559387,23.0,-10.0,-10.0,33.0,-9.0,-9.0,41.0,-9.0,-9.0,0.0003747645602020908,0.0002044684920118057,7.067810744477674e-05,-0.00012787541372372146,-0.00017828449388890277,8.936283448512938e-05,0.04198473282442748,0.6335358106083677,11,-0.5177886486053467
912,0,test,2.551570519230639,1.2154647388457154,1.658480103003325,3.5525712613903506,1.6923009056236495,2.309114604950783,12.827233388271324,9.023033156792138,10.384566532240349,17.859455717516227,12.562838472149053,14.458511864119256,2.551570519230639,1.2154647388457154,1.658480103003325,3.5525712613903506,1.6923009056236495,2.309114604950783,12.827233388271324,9.023033156792138,10.384566532240349,17.859455717516227,12.562838472149053,14.458511864119256,2.551570519230639,1.2154647388457154,1.658480103003325,3.5525712613903506,1.6923009056236495,2.309114604950783,12.827233388271324,9.023033156792138,10.384566532240349,17.859455717516227,12.562838472149053,14.458511864119256,0.5888888888888889,0.053888888888888986,0.053888888888888986,0.43333333333333335,0.03833333333333333,0.03833333333333333,0.3222222222222222,0.027222222222222148,0.027222222222222148,0.3666666666666667,0.10277777777777786,0.15740740740740744,0.34636871508379885,0.3666666666666667,0.10277777777777786,0.15740740740740744,0.34636871508379885,0.3666666666666667,0.10277777777777786,0.15740740740740744,0.34636871508379885,18.0,1.0,1.0,26.0,0.0,0.0,35.0,-3.0,-3.0,6.327206630794962e-05,-3.6013597450513096e-05,0.000105911678951532,-0.009730875310577147,-0.009640386322935512,-0.009599896783583972,0.06666666666666667,0.19163897992408258,12,-0.6854019165039062
706,0,test,1.6621230260666073,0.7917770511180505,1.0810075472837335,4.255608092601572,2.0272222774315605,2.7677520822695594,5.2704883593414795,2.8827515515859474,3.4824565290257445,13.49426760969327,7.380838024319193,8.91628956138488,1.7028924196549826,0.7786063177327056,1.0855571888515385,4.36639081962816,1.9964264557248859,2.7834799714142004,5.489803264618265,2.9697347186806895,3.635822242695898,14.076418627226321,7.614704406873563,9.32262113511769,1.6621230260666073,0.7917770511180505,1.0810075472837335,4.255608092601572,2.0272222774315605,2.7677520822695594,5.2704883593414795,2.8827515515859474,3.4824565290257445,13.49426760969327,7.380838024319193,8.91628956138488,0.3467336683417085,-0.003266331658291488,-0.003266331658291488,0.24623115577889443,-0.0037688442211055717,-0.0037688442211055717,0.19095477386934678,-0.004045226130653168,-0.004045226130653168,0.29729729729729726,0.09662276104097345,0.15122988156696016,0.2033898305084746,0.26633165829145733,0.07585546781526686,0.12442848633820192,0.13131313131313127,0.29729729729729726,0.09662276104097345,0.15122988156696016,0.2033898305084746,15.0,0.0,0.0,23.0,0.0,0.0,26.0,0.0,0.0,0.001340963813905462,0.0013300047157380232,-5.106928393093764e-05,-0.07774826653520694,-0.08450692824182049,-0.07013270890787027,0.037162162162162164,0.7308918779180281,11,-0.6739586591720581
987,0,test,2.9598776851831783,1.4276599367574812,1.935319737895885,4.192043961368031,2.021979910430279,2.7409732034453036,19.29561147197422,14.667181329857751,16.509747782243405,27.328173713701045,20.772976272603966,23.382583963086816,2.917291364593937,1.364190156834736,1.8807616454333416,3.8385412692025485,1.794987048466758,2.4746863755701862,18.49113382667608,13.765029716501427,15.671717973692536,24.330439245626422,18.111881205922934,20.620681544332285,2.962752772843107,1.4361585545704638,1.9412912667444169,4.172891229356488,2.0227585275640334,2.7342130517526995,19.351167872899744,14.74869279929316,16.573917104659532,27.255166018168655,20.772806759567832,23.34354521783033,0.6130653266331658,-0.001934673366834172,-0.001934673366834172,0.4974874371859297,-0.002512562814070307,-0.002512562814070307,0.37688442211055273,-0.003115577889447274,-0.003115577889447274,0.3942307692307693,0.11263076923076931,0.18634164343119575,0.40836012861736337,0.3869346733668342,0.09871412198838803,0.1815924363050646,0.40909090909090906,0.3913043478260869,0.10916745300137909,0.18440779610194902,0.40604026845637586,13.0,-2.0,-2.0,24.0,-8.0,-8.0,34.0,-8.0,-8.0,-0.0005758996664929616,-0.00011759557904160571,-8.285081196129614e-05,0.00045569902817899077,5.329000489684432e-05,-8.586501395235757e-05,0.03205128205128205,-0.283294503424848,10,-0.6342616081237793
986,0,test,3.0682412143886864,1.4721501750768333,2.001600779715462,5.054617029484252,2.425218496513858,3.297434810513911,21.504048385085493,16.570339377880277,18.598446858923378,35.425744449418296,27.297957934658257,30.639059854295738,3.1278084500168624,1.487558150191044,2.0299553397021124,4.812013000025942,2.2885510002939142,3.123008214926327,22.823904963473524,17.6674449517087,19.82618163422468,35.11369994380542,27.180684541090308,30.5018178988072,3.0682412143886864,1.4721501750768333,2.001600779715462,5.054617029484252,2.425218496513858,3.297434810513911,21.504048385085493,16.570339377880277,18.598446858923378,35.425744449418296,27.297957934658257,30.639059854295738,0.6984924623115578,-0.0015075376884421399,-0.0015075376884421399,0.5477386934673367,-0.002261306532663321,-0.002261306532663321,0.4120603015075377,-0.0029396984924623393,-0.0029396984924623393,0.3838028169014085,0.0850330453724103,0.1472688590559752,0.3462897526501767,0.3869346733668342,0.09370159066006722,0.15321180191441353,0.3484848484848485,0.3838028169014085,0.0850330453724103,0.1472688590559752,0.3462897526501767,20.0,-7.0,-7.0,29.0,-8.0,-8.0,38.0,-8.0,-8.0,0.0003613614433878886,0.00027602471082045874,0.0001472191459638093,-0.0002803336946550772,0.00016174870629104277,1.2262581172706177e-05,0.035211267605633804,0.30326113665896004,10,-0.32817888259887695
696,0,test,3.2664372701600235,1.5797238283037818,2.1389283809834896,5.096429234767747,2.464749828498069,3.337243678763396,26.21776593681917,20.81606743300892,23.12981146282433,40.90603239539858,32.4780811153573,36.08807933055121,3.3063682354391566,1.5965127156021295,2.1619907094962816,4.723383193484509,2.2807324508601847,3.0885581564232596,27.285849526269075,21.757686816196006,24.145363648969795,38.97978503752725,31.082409737422864,34.493376641385424,3.2664372701600235,1.5797238283037818,2.1389283809834896,5.096429234767747,2.464749828498069,3.337243678763396,26.21776593681917,20.81606743300892,23.12981146282433,40.90603239539858,32.4780811153573,36.08807933055121,0.6984924623115578,-0.0015075376884421399,-0.0015075376884421399,0.5879396984924623,-0.002060301507537776,-0.002060301507537776,0.4371859296482412,-0.002814070351758735,-0.002814070351758735,0.40697674418604646,0.08782780801583367,0.16599736274274746,0.36964980544747084,0.4120603015075377,0.09125829649500639,0.18000687913692004,0.3737373737373737,0.40697674418604646,0.08782780801583367,0.16599736274274746,0.36964980544747084,22.0,0.0,0.0,34.0,0.0,0.0,41.0,0.0,0.0,-6.937874766339834e-05,0.00021645678221552718,0.00011215931230438599,-0.00010015572628230274,-0.00015629801580718805,0.00010338106235963096,0.9534883720930233,-0.4402011046603907,246,-0.6128003597259521
863,0,test,2.9131060058767813,1.418114726177434,1.9113765431468088,4.7538048557439785,2.314176228981857,3.119114468761551,18.4139035295116,13.954605863249675,15.690916466349442,30.049062353104095,22.77207660101733,25.605506541240572,2.8231641287200535,1.3660103081595523,1.8446908546817842,4.277521407151596,2.0697125881205336,2.7949861434572485,16.830018858317377,12.53629743926007,14.169627407206024,25.500028573208144,18.99439005948495,21.46913243516064,2.9131060058767813,1.418114726177434,1.9113765431468088,4.7538048557439785,2.314176228981857,3.119114468761551,18.4139035295116,13.954605863249675,15.690916466349442,30.049062353104095,22.77207660101733,25.605506541240572,0.6683417085427136,-0.0016582914572863539,-0.0016582914572863539,0.5175879396984925,-0.002412060301507535,-0.002412060301507535,0.3869346733668342,-0.0030653266331658324,-0.0030653266331658324,0.41554054054054057,0.0985085000683652,0.17958548436076527,0.3864406779661017,0.40703517587939697,0.10127076485182807,0.1766512025905823,0.36868686868686873,0.41554054054054057,0.0985085000683652,0.17958548436076527,0.3864406779661017,20.0,0.0,0.0,28.0,0.0,0.0,39.0,0.0,0.0,-0.000203059405494194,0.00026943488499889403,-1.6206501005659424e-05,-0.00036349275698022154,0.0001152664056931485,-2.979210245257491e-05,0.033783783783783786,0.48822580783816083,10,-0.3816978931427002
352,0,test,2.4417895897145074,1.1880819614031715,1.604242666304844,4.11958366362877,2.0044327569685407,2.706544375667682,11.493591161426552,7.990283289910006,9.18289944647891,19.391028033081607,13.480539292792955,15.492621765531904,2.528737244195249,1.2134317604159592,1.6496939863848978,3.951151944055076,1.895987125649936,2.5776468537264026,12.53766412832325,8.811775118248935,10.129069928306697,19.590100200505077,13.768398622263959,15.826671762979213,2.4417895897145074,1.1880819614031715,1.604242666304844,4.11958366362877,2.0044327569685407,2.706544375667682,11.493591161426552,7.990283289910006,9.18289944647891,19.391028033081607,13.480539292792955,15.492621765531904,0.6331658291457287,-0.0018341708542712887,-0.0018341708542712887,0.4522613065326633,-0.0027386934673366836,-0.0027386934673366836,0.321608040201005,-0.0033919597989949812,-0.0033919597989949812,0.37591240875912413,0.08811641604509868,0.15382503011834747,0.3626373626373627,0.38190954773869346,0.0936889963602473,0.1531950235316818,0.36868686868686873,0.37591240875912413,0.08811641604509868,0.15382503011834747,0.3626373626373627,21.0,0.0,0.0,34.0,0.0,0.0,41.0,0.0,0.0,0.0005370556719412237,0.0002634051072588377,6.362915149904494e-05,-0.000211034476049754,0.00020048395678795572,4.730815085896012e-05,0.0364963503649635,0.6714489749459936,10,-0.26053786277770996
398,0,test,1.669247216041336,0.7803560869008487,1.0697626211269404,3.5088257806583187,1.640340345934437,2.248684693389283,5.308170387259523,2.875739483721199,3.486990474190876,11.157990814035323,6.044921771903744,7.329796302891024,1.667180703794373,0.7438707862462715,1.0481615126563908,3.4024095995803534,1.518103645400554,2.1391051278701854,5.297212314540702,2.779602619798203,3.440106631952511,10.810637376613677,5.672658407751435,7.020625779494919,1.669247216041336,0.7803560869008487,1.0697626211269404,3.5088257806583187,1.640340345934437,2.248684693389283,5.308170387259523,2.875739483721199,3.486990474190876,11.157990814035323,6.044921771903744,7.329796302891024,0.4824120603015075,-0.0025879396984924696,-0.0025879396984924696,0.29648241206030146,-0.0035175879396985854,-0.0035175879396985854,0.19095477386934678,-0.004045226130653168,-0.004045226130653168,0.35609756097560974,0.08115838822621801,0.14702138593509106,0.33333333333333337,0.3517587939698492,0.08358836790468627,0.14808600598988264,0.3282828282828283,0.35609756097560974,0.08115838822621801,0.14702138593509106,0.33333333333333337,16.0,0.0,0.0,25.0,0.0,0.0,31.0,0.0,0.0,-1.5197176715211602e-05,-6.957051148115046e-05,-8.245890073639589e-06,-0.0370852612809589,-0.03776531445564668,-0.0381288260197552,0.04878048780487805,-0.4057846678087526,10,-0.45715057849884033
811,0,test,3.1172147803421053,1.507469814010301,2.042079130979362,4.968061056170231,2.4025300160789174,3.254563614998358,22.58339225898185,17.58185675376396,19.653001879820096,35.99228141275232,28.02108420131131,31.321971745963275,3.0938911240503435,1.4700532335253893,2.0072277946353663,4.617747946343796,2.1941093037692374,2.995862380052785,22.062760104218246,16.990239318049035,19.098393666016715,32.92949269286305,25.358566146341836,28.505065173159274,3.1172147803421053,1.507469814010301,2.042079130979362,4.968061056170231,2.4025300160789174,3.254563614998358,22.58339225898185,17.58185675376396,19.653001879820096,35.99228141275232,28.02108420131131,31.321971745963275,0.6984924623115578,-0.0015075376884421399,-0.0015075376884421399,0.5226130653266332,-0.002386934673366814,-0.002386934673366814,0.4170854271356784,-0.0029145728643216184,-0.0029145728643216184,0.4133858267716536,0.12458425506241977,0.17516593148369553,0.4189723320158103,0.40201005025125625,0.11128323320864975,0.1682871787988356,0.40909090909090906,0.4133858267716536,0.12458425506241977,0.17516593148369553,0.4189723320158103,21.0,-8.0,-8.0,32.0,-12.0,-12.0,40.0,-12.0,-12.0,-0.000183712423321267,-0.000316233134626705,-0.00018730415845759097,-7.243603883999583e-05,-0.00013431153772813786,0.00011739929023413254,0.952755905511811,0.17885094300773147,242,-0.3423175811767578
951,0,test,2.8636489977467283,1.3632617826460676,1.8588167736205272,4.728788805489663,2.251175706869493,3.0694934880181073,17.52536040228275,13.041935618234593,14.793911439138931,28.93990434850638,21.536354211690014,24.42941954752547,3.014683244815826,1.4341951993540454,1.9528229198555418,4.533358262880941,2.156684510306835,2.936575819331641,20.382633613043172,15.525307784363832,17.490888038091324,30.650576861719053,23.346327495283955,26.302087275325295,2.8636489977467283,1.3632617826460676,1.8588167736205272,4.728788805489663,2.251175706869493,3.0694934880181073,17.52536040228275,13.041935618234593,14.793911439138931,28.93990434850638,21.536354211690014,24.42941954752547,0.7487437185929648,-0.0012562814070351536,-0.0012562814070351536,0.5728643216080402,-0.0021356783919597166,-0.0021356783919597166,0.3919597989949749,-0.0030402010050251116,-0.0030402010050251116,0.396,0.07065069860279438,0.1526489361702128,0.357429718875502,0.3869346733668342,0.04858880870518001,0.13150896385097444,0.3484848484848485,0.396,0.07065069860279438,0.1526489361702128,0.357429718875502,20.0,-4.0,-4.0,30.0,-6.0,-6.0,38.0,-5.0,-5.0,0.00021297564761627347,0.00010741467527022729,0.00035889134914198915,-4.4716351397688925e-05,-0.00011232505964553496,0.0001314175181095223,0.952,-0.4456095695348351,238,-0.3706943988800049
617,0,test,2.5477115765644704,1.2398173914647657,1.6752032183807752,4.379969902175905,2.1314668853264123,2.87997265625736,12.77782921530415,9.079451807252443,10.38492361906889,21.967363924940695,15.609194545344952,17.85353307113898,2.659415793904377,1.288876006621425,1.7393542344889905,4.188056368353349,2.029725994679409,2.7391405267543156,14.28793955860494,10.350464037449747,11.77849469346455,22.500692218275496,16.299943366062593,18.548810540889058,2.5477115765644704,1.2398173914647657,1.6752032183807752,4.379969902175905,2.1314668853264123,2.87997265625736,12.77782921530415,9.079451807252443,10.38492361906889,21.967363924940695,15.609194545344952,17.85353307113898,0.5979899497487438,-0.0020100502512562235,-0.0020100502512562235,0.44723618090452266,-0.0027638190954772934,-0.0027638190954772934,0.321608040201005,-0.0033919597989949812,-0.0033919597989949812,0.372,0.10653093812375247,0.16322340425531912,0.2730923694779116,0.35678391959798994,0.08360096220450619,0.14476388620900826,0.2727272727272727,0.372,0.10653093812375247,0.16322340425531912,0.2730923694779116,19.0,0.0,0.0,32.0,0.0,0.0,37.0,0.0,0.0,0.00036915834277898956,0.00024886067545966677,0.0006135653065279703,-4.4716351397688925e-05,-0.00011232505964553496,0.0001314175181095223,0.04,0.606852359462774,10,-0.994685173034668
45,0,test,2.8417882840502813,1.399434609516567,1.8801649542569927,4.415207785953827,2.1742628113957965,2.9211602396648195,17.146400771750834,12.915759110446515,14.5304612105978,26.639888204697623,20.066857374987524,22.57557532719997,2.97010150605075,1.4150837200203195,1.9264405975209222,4.335914607373357,2.0658156496646995,2.8123220401765283,19.493898244231527,14.758727499930117,16.654304743083905,28.458245612016825,21.545587591138855,24.312853639538545,2.8417882840502813,1.399434609516567,1.8801649542569927,4.415207785953827,2.1742628113957965,2.9211602396648195,17.146400771750834,12.915759110446515,14.5304612105978,26.639888204697623,20.066857374987524,22.57557532719997,0.6834170854271358,-0.0015829145728643024,-0.0015829145728643024,0.507537688442211,-0.0024623115577889765,-0.0024623115577889765,0.35678391959798994,-0.0032160804020100464,-0.0032160804020100464,0.3722627737226277,0.08446678100860228,0.14532102614981224,0.3296703296703297,0.35678391959798994,0.05352577423458138,0.12473049722737228,0.3232323232323232,0.3722627737226277,0.08446678100860228,0.14532102614981224,0.3296703296703297,21.0,-7.0,-7.0,30.0,-7.0,-7.0,38.0,-9.0,-9.0,0.0003037370750306818,0.00040159490881632506,0.00024123261607828704,-0.000211034476049754,0.00020048395678795572,4.730815085896012e-05,0.040145985401459854,0.39772013405698226,11,-0.36763858795166016
535,0,test,2.6042081264000405,1.2335070088747846,1.6827048906093394,3.602814250057199,1.7065059370899276,2.327952630617432,13.520514524006453,9.582403717727392,11.007449242381444,18.705072724941257,13.256859278660452,15.228350831565304,2.6042081264000405,1.2335070088747846,1.6827048906093394,3.602814250057199,1.7065059370899276,2.327952630617432,13.520514524006453,9.582403717727392,11.007449242381444,18.705072724941257,13.256859278660452,15.228350831565304,2.6042081264000405,1.2335070088747846,1.6827048906093394,3.602814250057199,1.7065059370899276,2.327952630617432,13.520514524006453,9.582403717727392,11.007449242381444,18.705072724941257,13.256859278660452,15.228350831565304,0.5846994535519126,0.024699453551912498,0.024699453551912498,0.46448087431693985,0.024480874316939905,0.024480874316939905,0.36612021857923494,0.016120218579234957,0.016120218579234957,0.40437158469945356,0.12916722502642908,0.18840062281197623,0.37362637362637363,0.40437158469945356,0.12916722502642908,0.18840062281197623,0.37362637362637363,0.40437158469945356,0.12916722502642908,0.18840062281197623,0.37362637362637363,20.0,-1.0,-1.0,30.0,2.0,2.0,39.0,2.0,2.0,3.3086030545114074e-05,0.00014369085699379112,4.3092401410922405e-05,-0.00011180584407632921,-3.854052523255547e-05,-8.5736391888247e-06,0.0546448087431694,0.5889256348005911,10,-0.46169114112854004
750,0,test,2.9812609954093086,1.4431730489894405,1.954882193951371,4.8798535240647105,2.3622464117669266,3.1998334858888233,19.712658550643614,15.056978704863099,16.921717588310823,32.26650952236928,24.64589672217065,27.698179841919295,3.1284224945606063,1.50857062213907,2.043657689200865,4.6346999919416385,2.2349194402060295,3.0276410210383187,22.837924161548823,17.785582291583147,19.87918030534633,33.83396172081307,26.349010802345404,29.45063748940197,2.92945803005274,1.3931006676567357,1.9040278231336478,4.8554552984299555,2.309006631475252,3.155847220663504,18.7174834337103,14.06985366541426,15.929188687441135,31.023453205044692,23.320199445438,26.401970200178674,0.6834170854271358,-0.0015829145728643024,-0.0015829145728643024,0.5276381909547738,-0.002361809045226204,-0.002361809045226204,0.39698492462311563,-0.0030150753768843908,-0.0030150753768843908,0.38064516129032255,0.08917978286842243,0.15425031150491486,0.3268608414239482,0.3869346733668342,0.08618279366758608,0.15321180191441353,0.31818181818181823,0.3812709030100334,0.09078676277631059,0.15546445139713017,0.3120805369127517,18.0,0.0,0.0,28.0,1.0,1.0,37.0,0.0,0.0,0.0012853354668087814,0.00022706956889053078,4.650279540988274e-05,-0.004211932160271381,-0.003435291723623557,-0.00426705638578273,0.03225806451612903,-0.38648079494954457,10,-0.5826895236968994
652,0,test,2.3137652504486734,1.113569771824623,1.5135111689812604,3.928742338010163,1.8908265253129501,2.569921649344019,10.112428889797862,6.791662891735462,7.886322420756851,17.170768517576235,11.532152426906524,13.390869613768345,2.158459225177096,1.0375623775862426,1.4064061387490736,3.453534760283354,1.6600998041379882,2.2502498219985174,8.657787675173488,5.590183531817708,6.536436809752557,13.85246028027758,8.944293650908332,10.458298895604091,2.3137652504486734,1.113569771824623,1.5135111689812604,3.928742338010163,1.8908265253129501,2.569921649344019,10.112428889797862,6.791662891735462,7.886322420756851,17.170768517576235,11.532152426906524,13.390869613768345,0.5979899497487438,-0.0020100502512562235,-0.0020100502512562235,0.39698492462311563,-0.0030150753768843908,-0.0030150753768843908,0.27638190954773867,-0.0036180904522613577,-0.0036180904522613577,0.376984126984127,0.08589501807323585,0.15007119822423254,0.3705179282868526,0.3869346733668342,0.09871412198838803,0.16489794548703451,0.3434343434343434,0.376984126984127,0.08589501807323585,0.15007119822423254,0.3705179282868526,14.0,0.0,0.0,24.0,-4.0,-4.0,34.0,-2.0,-2.0,-0.00021337059257195984,-0.00022134951710492032,-7.658735868262901e-05,-5.857619511928647e-05,-0.00012331829868550415,0.00012440840417138332,0.03968253968253968,0.4972387618252386,10,-0.42204856872558594
592,0,test,2.385071838287894,1.1494876892352857,1.5600205130711688,3.524210626723903,1.698496734840198,2.305104937224563,10.859842789411568,7.419455156397669,8.577844903051837,16.046633375399182,10.963075529602525,12.674726050778087,2.385071838287894,1.1494876892352857,1.5600205130711688,3.524210626723903,1.698496734840198,2.305104937224563,10.859842789411568,7.419455156397669,8.577844903051837,16.046633375399182,10.963075529602525,12.674726050778087,2.385071838287894,1.1494876892352857,1.5600205130711688,3.524210626723903,1.698496734840198,2.305104937224563,10.859842789411568,7.419455156397669,8.577844903051837,16.046633375399182,10.963075529602525,12.674726050778087,0.5888324873096447,-0.0011675126903554212,-0.0011675126903554212,0.4010152284263959,-0.003984771573604107,-0.003984771573604107,0.2690355329949239,-0.0009644670050761306,-0.0009644670050761306,0.3451776649746193,0.06669665231639144,0.12932606295101057,0.26530612244897955,0.3451776649746193,0.06669665231639144,0.12932606295101057,0.26530612244897955,0.3451776649746193,0.06669665231639144,0.12932606295101057,0.26530612244897955,18.0,0.0,0.0,25.0,0.0,0.0,29.0,1.0,1.0,0.0007483819116834658,0.0003892839080468394,0.00027126398372507703,-0.0002494778627060157,-0.00013802240959837064,-8.631039106266059e-05,0.050761421319796954,0.4822784390321649,10,-0.8624556064605713
246,0,test,2.2161114837043456,1.0269308196928655,1.4195278242852343,4.261752853277588,1.9748669609478182,2.729861200548527,9.171597529626608,5.887208443147511,6.953646834129701,17.637687556974246,11.321554698360597,13.372397757941734,2.061982762741132,0.9820495436961132,1.338779419974831,3.8349025213596755,1.8264285906123976,2.489879482009265,7.861541939743786,4.917059030624754,5.800517123386086,14.6209985608319,9.14481072050772,10.78787764069001,2.2161114837043456,1.0269308196928655,1.4195278242852343,4.261752853277588,1.9748669609478182,2.729861200548527,9.171597529626608,5.887208443147511,6.953646834129701,17.637687556974246,11.321554698360597,13.372397757941734,0.5505050505050505,0.0005050505050504528,0.0005050505050504528,0.38888888888888884,-0.0011111111111111738,-0.0011111111111111738,0.2777777777777778,-0.0022222222222222365,-0.0022222222222222365,0.3654618473895582,0.08890874117713332,0.1491734628768746,0.3548387096774194,0.3787878787878788,0.09415311808258908,0.16737848281472445,0.3401015228426396,0.3654618473895582,0.08890874117713332,0.1491734628768746,0.3548387096774194,14.0,0.0,0.0,26.0,1.0,1.0,32.0,1.0,1.0,0.00031487317083303616,-0.00018173992475042426,-6.190178191503252e-05,-0.01699459159350969,-0.0165766650142265,-0.016578474756885342,0.05220883534136546,0.24992373249492345,13,-0.3229382038116455
923,0,test,2.540082719097427,1.2160181529006906,1.6525051706609934,4.108455941627382,1.966848153349439,2.6728439337536876,12.680719865153451,8.922052139997316,10.251482058259752,20.510426090617326,14.430970239861427,16.581256215037584,2.653897063906798,1.2306842315596747,1.7008571808708455,3.9316993539359966,1.8232358986069253,2.5197884161049564,14.209305457720703,10.058871767927474,11.615723584232633,21.050822900326967,14.902032248781444,17.208479384048346,2.540082719097427,1.2160181529006906,1.6525051706609934,4.108455941627382,1.966848153349439,2.6728439337536876,12.680719865153451,8.922052139997316,10.251482058259752,20.510426090617326,14.430970239861427,16.581256215037584,0.6331658291457287,-0.0018341708542712887,-0.0018341708542712887,0.5025125628140703,-0.0024874371859296973,-0.0024874371859296973,0.3668341708542714,-0.0031658291457286047,-0.0031658291457286047,0.4083333333333333,0.12974705474705472,0.19088180978762692,0.37238493723849375,0.40703517587939697,0.11630835883679047,0.1833289989177943,0.3787878787878788,0.4083333333333333,0.12974705474705472,0.19088180978762692,0.37238493723849375,18.0,-1.0,-1.0,26.0,0.0,0.0,37.0,0.0,0.0,0.0002632644456621688,0.00012222384180749638,0.00013874063310743677,2.4582867206746073e-05,-5.7358864443912694e-05,-7.978146849918488e-05,0.041666666666666664,-0.4118043571642235,10,-0.46856260299682617
63,0,test,3.4798384797990534,1.712051178090254,2.3002450285494787,5.759030934404282,2.8333946397634033,3.806838263622822,32.454479598425834,26.59660230289022,29.201428188393653,53.71121477400299,44.01659913285341,48.32750980886201,3.555729698630789,1.7275551208560782,2.3334282551234775,5.4285949597416625,2.637488734131417,3.5624858856846977,35.0133598490933,28.790842285968296,31.618367717008045,53.455511219989766,43.95548440605847,48.272317125203124,3.4798384797990534,1.712051178090254,2.3002450285494787,5.759030934404282,2.8333946397634033,3.806838263622822,32.454479598425834,26.59660230289022,29.201428188393653,53.71121477400299,44.01659913285341,48.32750980886201,0.7386934673366834,-0.0013065326633165952,-0.0013065326633165952,0.5778894472361809,-0.002110552763819218,-0.002110552763819218,0.457286432160804,-0.0027135678391959628,-0.0027135678391959628,0.3936170212765957,0.08034268499340991,0.15069249297470888,0.3879003558718861,0.3919597989949749,0.08368912230324554,0.15322858029714514,0.3939393939393939,0.3936170212765957,0.08034268499340991,0.15069249297470888,0.3879003558718861,21.0,-1.0,-1.0,37.0,-4.0,-4.0,40.0,-1.0,-1.0,-0.0001448724447548881,-5.5535642349838904e-05,9.125909325915906e-06,-0.00026647385093347964,0.00016949575638847136,1.9271695109068787e-05,0.03900709219858156,-0.7014764718092661,11,-0.3565528392791748
773,0,test,2.9973060060733534,1.4261355925071848,1.9485347067298193,4.8730394421321614,2.318620447172971,3.167940297392996,20.03149942972465,15.219222176174306,17.177357353243885,32.56734100832653,24.743509602554354,27.927058406564253,3.1457543830124886,1.4902892574188313,2.040628607827655,5.073797391955627,2.4036923506755348,3.291336464238154,23.23719861076449,18.001684083026177,20.217594374560147,37.479352598007246,29.03497432746158,32.609023184774436,2.9973060060733534,1.4261355925071848,1.9485347067298193,4.8730394421321614,2.318620447172971,3.167940297392996,20.03149942972465,15.219222176174306,17.177357353243885,32.56734100832653,24.743509602554354,27.927058406564253,0.7236180904522613,-0.0013819095477386467,-0.0013819095477386467,0.5326633165829145,-0.0023366834170853723,-0.0023366834170853723,0.4321608040201005,-0.002839195979899567,-0.002839195979899567,0.4143426294820717,0.09823924976040166,0.1693095168992902,0.4,0.39698492462311563,0.08620798226722592,0.15491480776167987,0.41414141414141414,0.4143426294820717,0.09823924976040166,0.1693095168992902,0.4,24.0,-10.0,-10.0,36.0,-13.0,-13.0,44.0,-16.0,-16.0,0.0003776434122242225,4.583466885762159e-06,3.883466983109051e-05,-5.164627325804361e-05,-0.00011782167916685182,0.0001279129611404528,0.04780876494023904,0.49526603669872243,12,-0.6400938034057617
856,0,test,2.4517102622438314,1.1691044365399668,1.5940925101529437,3.3846619549560857,1.6139848858427859,2.2006940848129135,11.608182788691005,8.002158625082648,9.25064502933566,16.02545588527254,11.047227836397287,12.770801987401443,2.4517102622438314,1.1691044365399668,1.5940925101529437,3.3846619549560857,1.6139848858427859,2.2006940848129135,11.608182788691005,8.002158625082648,9.25064502933566,16.02545588527254,11.047227836397287,12.770801987401443,2.4517102622438314,1.1691044365399668,1.5940925101529437,3.3846619549560857,1.6139848858427859,2.2006940848129135,11.608182788691005,8.002158625082648,9.25064502933566,16.02545588527254,11.047227836397287,12.770801987401443,0.5096774193548388,0.09467741935483875,0.09467741935483875,0.4193548387096774,0.08935483870967742,0.08935483870967742,0.2967741935483871,0.06177419354838709,0.06177419354838709,0.3612903225806452,0.10727102997614357,0.1749948193686538,0.3116883116883117,0.3612903225806452,0.10727102997614357,0.1749948193686538,0.3116883116883117,0.3612903225806452,0.10727102997614357,0.1749948193686538,0.3116883116883117,21.0,2.0,2.0,30.0,4.0,4.0,32.0,3.0,3.0,0.0007054307979478466,8.171752913290464e-05,0.00012961232412968005,-0.009171724184718677,-0.008817827784461052,-0.008379145311371516,0.07096774193548387,0.5097662153208666,11,-1.1378600597381592
262,0,test,2.433267817927065,1.1635558422425318,1.584163795705038,4.651348685969424,2.224212188232323,3.028231473422556,11.396061553283063,7.836234455362858,9.058510034118733,21.784308139268987,14.979468584741248,17.31592734413173,2.370788235675571,1.1365767409161183,1.54650274761407,4.450819423579611,2.1337619947387507,2.903340063916981,10.705827674446015,7.270159264614723,8.42557675782325,20.098676483158087,13.648695223191792,15.817828064215348,2.433267817927065,1.1635558422425318,1.584163795705038,4.651348685969424,2.224212188232323,3.028231473422556,11.396061553283063,7.836234455362858,9.058510034118733,21.784308139268987,14.979468584741248,17.31592734413173,0.5858585858585859,0.0008585858585858919,0.0008585858585858919,0.4040404040404041,-0.000959595959595938,-0.000959595959595938,0.297979797979798,-0.002020202020202033,-0.002020202020202033,0.3678571428571429,0.0737394957983194,0.14101628775025454,0.3691756272401434,0.36868686868686873,0.08405210798157903,0.14888821096874794,0.36548223350253806,0.3678571428571429,0.0737394957983194,0.14101628775025454,0.3691756272401434,14.0,0.0,0.0,24.0,1.0,1.0,31.0,0.0,0.0,-8.487044856744681e-05,-9.234888855232139e-05,-4.432991863931199e-06,-0.004928143048775091,-0.005067250361941333,-0.005557986505642987,0.03571428571428571,0.7816574259225962,10,-0.5845293998718262
10,0,test,2.8234197577150364,1.3627665863236629,1.8488863760039689,4.603029786820271,2.2217224952791836,3.0142450614852585,16.83432164905928,12.5255486724058,14.184391232606421,27.44504559755725,20.420439956831274,23.124856009521984,2.880507767194035,1.3821243424643268,1.8805396453797592,4.299265324170201,2.0628721529318303,2.8067755901190434,17.8233209800121,13.348871044514587,15.105125804064862,26.601971611958355,19.923688126141172,22.54496388666397,2.8234197577150364,1.3627665863236629,1.8488863760039689,4.603029786820271,2.2217224952791836,3.0142450614852585,16.83432164905928,12.5255486724058,14.184391232606421,27.44504559755725,20.420439956831274,23.124856009521984,0.6884422110552764,-0.0015577889447235815,-0.0015577889447235815,0.4522613065326633,-0.0027386934673366836,-0.0027386934673366836,0.3467336683417085,-0.003266331658291488,-0.003266331658291488,0.3470149253731343,0.05837432946996857,0.11748638939298539,0.2808988764044944,0.36180904522613067,0.07108222818352417,0.1247472756101039,0.2777777777777778,0.3470149253731343,0.05837432946996857,0.11748638939298539,0.2808988764044944,19.0,0.0,0.0,28.0,0.0,0.0,37.0,0.0,0.0,0.00015462868624627034,0.0008987720551051891,0.0005462981718865901,-0.00016945494488584956,0.00022372510708557058,6.833549267337702e-05,0.03731343283582089,0.38831442039741865,10,-0.7126703262329102
54,0,test,2.7647602952031667,1.3303020501746778,1.8072156285087337,4.607933825338612,2.2171700836244637,3.012026047514557,15.87523416471454,11.677863718305339,13.26994241054874,26.458723607857568,19.463106197175566,22.116570684247904,2.479706604924634,1.1663804538081635,1.5997313567878662,4.032043260040056,1.8965535834279086,2.6011891980290507,11.937761423581026,8.21923989357009,9.526921390685096,19.410994184684597,13.364617713122097,15.490929090544874,2.7647602952031667,1.3303020501746778,1.8072156285087337,4.607933825338612,2.2171700836244637,3.012026047514557,15.87523416471454,11.677863718305339,13.26994241054874,26.458723607857568,19.463106197175566,22.116570684247904,0.5778894472361809,-0.002110552763819218,-0.002110552763819218,0.4371859296482412,-0.002814070351758735,-0.002814070351758735,0.3517587939698492,-0.0032412060301507672,-0.0032412060301507672,0.4197080291970803,0.14101950460691637,0.20611579618737152,0.42490842490842495,0.4120603015075377,0.13887734411405395,0.20170971720035902,0.3787878787878788,0.4197080291970803,0.14101950460691637,0.20611579618737152,0.42490842490842495,24.0,-13.0,-13.0,34.0,-16.0,-16.0,43.0,-19.0,-19.0,-0.0006749747295057302,-0.00011726479873282445,0.00013987814222259822,-0.000211034476049754,0.00020048395678795572,4.730815085896012e-05,0.0364963503649635,0.4593861712519885,10,-0.8342421054840088
671,0,test,2.7910365957084173,1.3571317262242457,1.8314049573600633,5.096675522597979,2.4782405435399273,3.3443047047444634,16.297905387294346,12.102857020490339,13.687170785528583,29.761392446363587,22.100869341764966,24.99396404313915,2.825259423252527,1.337022412173915,1.8317165092365146,5.18396224450005,2.453252132429202,3.3609477233697516,16.865319674701443,12.436039814456677,14.164533479544703,30.94554068752558,22.81842167790216,25.989969687237984,2.7910365957084173,1.3571317262242457,1.8314049573600633,5.096675522597979,2.4782405435399273,3.3443047047444634,16.297905387294346,12.102857020490339,13.687170785528583,29.761392446363587,22.100869341764966,24.99396404313915,0.6130653266331658,-0.001934673366834172,-0.001934673366834172,0.46733668341708545,-0.002663316582914521,-0.002663316582914521,0.36180904522613067,-0.0031909547738693256,-0.0031909547738693256,0.3720136518771331,0.09262693978173275,0.15180933859676982,0.34246575342465757,0.371859296482412,0.09867633908892826,0.15650036492982433,0.3282828282828283,0.3720136518771331,0.09262693978173275,0.15180933859676982,0.34246575342465757,14.0,0.0,0.0,25.0,0.0,0.0,30.0,0.0,0.0,0.00021930553926262272,0.0003266062226033586,0.00010215196245946968,-0.0003427029913991575,0.00012688698084151184,-1.9278431547142816e-05,0.034129692832764506,1.099767221727292,10,-0.5449097156524658
8,0,test,2.7770042400186936,1.3362192487508204,1.8124677233976332,4.9131613477253815,2.364080209328375,3.206673664472736,16.070804488663498,11.846794161545706,13.447233095760197,28.43296178763542,20.959712747350096,23.79125855403727,2.7092379634490884,1.2754841465103808,1.7468661631459856,4.711718197302763,2.2182332982789235,3.0380281098191055,15.017827020239041,10.823412278312654,12.399928772550911,26.117960035198333,18.82332570141331,21.56509351747985,2.7770042400186936,1.3362192487508204,1.8124677233976332,4.9131613477253815,2.364080209328375,3.206673664472736,16.070804488663498,11.846794161545706,13.447233095760197,28.43296178763542,20.959712747350096,23.79125855403727,0.7085427135678393,-0.0014572864321606982,-0.0014572864321606982,0.5125628140703518,-0.0024371859296482556,-0.0024371859296482556,0.3467336683417085,-0.003266331658291488,-0.003266331658291488,0.3973799126637555,0.06986899563318782,0.14410480349344978,0.3421052631578947,0.3869346733668342,0.06281407035175879,0.13400335008375208,0.3232323232323232,0.3973799126637555,0.06986899563318782,0.14410480349344978,0.3421052631578947,20.0,-4.0,-4.0,34.0,-9.0,-9.0,42.0,-7.0,-7.0,0.0005483620728763179,-1.9318946347461912e-05,-9.861240735155128e-05,0.00010081200767153575,3.1039502799146135e-06,-2.9945133013242753e-05,0.05240174672489083,0.5696178148633892,12,-0.4415466785430908
106,0,test,3.4198789557234703,1.6114197851862,2.2043746175936008,5.9453280307192635,2.8013913188621626,3.832220489047336,30.565714992263224,24.464675467614743,27.19372073143518,53.13731990962683,42.530897351391786,47.275237579264235,3.257730491019403,1.5092835761326904,2.080825508429122,5.568770070118638,2.579971925013146,3.556966681075422,25.990484519608728,20.244812294681598,22.746167090561745,44.42817866599783,34.60651674304547,38.88233690694315,3.4198789557234703,1.6114197851862,2.2043746175936008,5.9453280307192635,2.8013913188621626,3.832220489047336,30.565714992263224,24.464675467614743,27.19372073143518,53.13731990962683,42.530897351391786,47.275237579264235,0.6683417085427136,-0.0016582914572863539,-0.0016582914572863539,0.5125628140703518,-0.0024371859296482556,-0.0024371859296482556,0.4120603015075377,-0.0029396984924623393,-0.0029396984924623393,0.3911111111111111,0.09177629958117761,0.15920564582307561,0.4375,0.38190954773869346,0.0886764650319265,0.1582033707770908,0.41414141414141414,0.3911111111111111,0.09177629958117761,0.15920564582307561,0.4375,23.0,0.0,0.0,35.0,0.0,0.0,42.0,0.0,0.0,-0.00045907140437532757,-0.00013931564280364854,-7.706583461435734e-05,-0.04011455808530329,-0.04014213632662056,-0.04013360867062321,0.044444444444444446,0.6432040458921445,10,-0.42891430854797363
742,0,test,3.4126358481869286,1.6460644002440523,2.230430162908785,5.059431053998062,2.440386174780426,3.3067423926845354,30.345124077897164,24.494364776434814,27.083563827572462,44.98841069688242,36.31431987203998,40.1529580001801,3.507104429600634,1.6892818719325984,2.2945218660848585,5.010149185143764,2.4132598170465696,3.277888380121227,33.35155605522104,27.193121850629186,29.9893996226661,47.645080078887204,38.847316929470274,42.84199946095158,3.4126358481869286,1.6460644002440523,2.230430162908785,5.059431053998062,2.440386174780426,3.3067423926845354,30.345124077897164,24.494364776434814,27.083563827572462,44.98841069688242,36.31431987203998,40.1529580001801,0.7386934673366834,-0.0013065326633165952,-0.0013065326633165952,0.5879396984924623,-0.002060301507537776,-0.002060301507537776,0.46733668341708545,-0.002663316582914521,-0.002663316582914521,0.42913385826771655,0.11872128459384623,0.1909139629797585,0.3913043478260869,0.4371859296482412,0.1213964559640307,0.19845471095041145,0.38888888888888884,0.42913385826771655,0.11872128459384623,0.1909139629797585,0.3913043478260869,22.0,0.0,0.0,39.0,0.0,0.0,46.0,0.0,0.0,0.000379329596574898,0.000226192979206672,0.00026914717219009504,-7.243603883999583e-05,-0.00013431153772813786,0.00011739929023413254,0.03937007874015748,0.6187243611473572,10,-0.28063344955444336
967,0,test,2.5971042347114035,1.244192110926996,1.6919859289426182,4.137455711850581,1.9821267422354216,2.695508617832723,13.424806605091675,9.556131401490365,10.952582220928084,21.387105695008117,15.223905887891547,17.44859650368543,2.7185714628025903,1.2682098127130659,1.7482482591903776,4.057569347466552,1.892850466735919,2.609325759985638,15.158652071967634,10.89399552223109,12.519854881639958,22.624853838757662,16.259694809300136,18.68635056961188,2.5971042347114035,1.244192110926996,1.6919859289426182,4.137455711850581,1.9821267422354216,2.695508617832723,13.424806605091675,9.556131401490365,10.952582220928084,21.387105695008117,15.223905887891547,17.44859650368543,0.6381909547738693,-0.0018090452261306789,-0.0018090452261306789,0.4723618090452262,-0.0026381909547738003,-0.0026381909547738003,0.3417085427135679,-0.003291457286432098,-0.003291457286432098,0.3739130434782608,0.08107139488823911,0.15136969087710472,0.33624454148471616,0.371859296482412,0.0761199481114847,0.14648367043900634,0.3434343434343434,0.3739130434782608,0.08107139488823911,0.15136969087710472,0.33624454148471616,16.0,1.0,1.0,24.0,0.0,0.0,32.0,0.0,0.0,5.5473480403580336e-05,0.0002815021877297882,0.00020283071018398037,-0.018189272726687022,-0.018831787023639635,-0.01919001778068985,0.06956521739130435,-0.5471385694739983,16,-0.35956382751464844
994,0,test,3.18188666647678,1.535717912540455,2.079020854084323,4.626536359877157,2.23296914869388,3.022944115421459,24.092164580128642,18.90509580748538,21.079376831740177,35.030561142370956,27.488443903987363,30.64989849672566,3.302478386800129,1.6001306432996565,2.149351860323861,4.6513780095776465,2.253705131407967,3.027256141301212,27.179917864260535,21.69310395038552,24.011835328789097,38.28157445670498,30.553667535754254,33.819486378576194,3.18083631549523,1.5346675615589052,2.0779705031027733,4.625009125403984,2.2314419142207065,3.0214168809482853,24.06687263644843,18.87980386380517,21.054084888059965,34.99378607483593,27.45166883645234,30.613123429190633,0.6834170854271358,-0.0015829145728643024,-0.0015829145728643024,0.5477386934673367,-0.007261306532663214,-0.007261306532663214,0.44723618090452266,-0.0027638190954772934,-0.0027638190954772934,0.4007936507936508,0.10970454188275969,0.17256146082003598,0.3784860557768924,0.40201005025125625,0.10627070188032894,0.17663442420785058,0.398989898989899,0.4007936507936508,0.10970454188275969,0.17256146082003598,0.3784860557768924,18.0,-3.0,-3.0,28.0,-3.0,-3.0,37.0,-3.0,-3.0,0.0004870810543152968,0.0002763687734767107,0.00019094296570194296,-5.857619511928647e-05,-0.00012331829868550415,0.00012440840417138332,0.04365079365079365,0.21192163828180213,11,-0.26743340492248535
228,0,test,2.776030611571124,1.3409397899881008,1.8174066345477853,4.38959840454684,2.1203610429186845,2.873774240878686,16.05516511094498,11.855138666428186,13.447059920466778,25.38722983168175,18.74593801628957,21.263163499238093,2.8953713648601545,1.38044447658937,1.882335883880822,4.386926310394173,2.0915825402869244,2.852024066486094,18.090218265360612,13.541129742401708,15.336270368694649,27.409421614182744,20.516863246063195,23.23677328590098,2.776030611571124,1.3409397899881008,1.8174066345477853,4.38959840454684,2.1203610429186845,2.873774240878686,16.05516511094498,11.855138666428186,13.447059920466778,25.38722983168175,18.74593801628957,21.263163499238093,0.6884422110552764,-0.0015577889447235815,-0.0015577889447235815,0.5326633165829145,-0.0023366834170853723,-0.0023366834170853723,0.37688442211055273,-0.003115577889447274,-0.003115577889447274,0.3928571428571429,0.09384724186704385,0.16462495288352808,0.3665338645418327,0.39698492462311563,0.08871424793138627,0.15825370592528587,0.3737373737373737,0.3928571428571429,0.09384724186704385,0.16462495288352808,0.3665338645418327,21.0,-8.0,-8.0,30.0,-9.0,-9.0,42.0,-15.0,-15.0,0.0003372296460844751,4.6719429212820855e-05,0.00013321306784158565,-5.857619511928647e-05,-0.00012331829868550415,0.00012440840417138332,0.04365079365079365,0.5311326840779285,11,-0.366499662399292
325,0,test,2.9272860684242796,1.4289648873074208,1.9254064142288085,4.756839861189454,2.322067941874559,3.1287854231218137,18.67687389505513,14.20270245681969,15.953477831762028,30.349920079464585,23.079391492331993,25.92440147661329,2.834805589553025,1.3811093456901298,1.8584762463999591,4.5722670799242335,2.227595718855048,2.9975423329031594,17.027089734476352,12.748188550729004,14.372395868966514,27.463047958832824,20.561594436659682,23.181283659623407,2.9272860684242796,1.4289648873074208,1.9254064142288085,4.756839861189454,2.322067941874559,3.1287854231218137,18.67687389505513,14.20270245681969,15.953477831762028,30.349920079464585,23.079391492331993,25.92440147661329,0.7638190954773869,-0.001180904522613102,-0.001180904522613102,0.5175879396984925,-0.002412060301507535,-0.002412060301507535,0.371859296482412,-0.003140703517587995,-0.003140703517587995,0.3943089430894309,0.0616517422780718,0.13349813227862006,0.38367346938775515,0.40201005025125625,0.07118298258208333,0.1415759934899875,0.35858585858585856,0.3943089430894309,0.0616517422780718,0.13349813227862006,0.38367346938775515,18.0,0.0,0.0,28.0,0.0,0.0,36.0,0.0,0.0,0.00015586458299355992,-0.00010668899616563053,-6.921990322525902e-05,-1.699666395538202e-05,-9.033858156382024e-05,-0.00010696492421935488,0.9552845528455285,0.5413118612659892,235,-0.05560946464538574
161,0,test,2.110855285329659,1.0009856573977354,1.3670675603506286,4.461970521835052,2.1159046416537497,2.8897363064322232,8.255298902101005,5.221336077458311,6.151409506255851,17.45022532151432,11.03697057023708,13.002979444118058,2.2314652885863473,1.0388255837284213,1.4281673922130753,4.508010684012823,2.0986375428856996,2.8851866509355055,9.313503055717263,6.01773346175958,7.080610407927128,18.815157688317704,12.157037296484003,14.304263450357835,2.110855285329659,1.0009856573977354,1.3670675603506286,4.461970521835052,2.1159046416537497,2.8897363064322232,8.255298902101005,5.221336077458311,6.151409506255851,17.45022532151432,11.03697057023708,13.002979444118058,0.592964824120603,-0.0020351758793969443,-0.0020351758793969443,0.4170854271356784,-0.0029145728643216184,-0.0029145728643216184,0.27135678391959794,-0.0036432160804020786,-0.0036432160804020786,0.359073359073359,0.07776314712730892,0.13571007280891745,0.2829457364341085,0.3869346733668342,0.10623291898086928,0.1665673945688375,0.297979797979798,0.359073359073359,0.07776314712730892,0.13571007280891745,0.2829457364341085,18.0,-4.0,-4.0,30.0,-11.0,-11.0,37.0,-10.0,-10.0,5.703817187815029e-05,2.3676128227189376e-06,0.00022822998713526517,-0.009442348025043401,-0.01063753730257222,-0.009661332691606184,0.03861003861003861,0.7315016610439253,10,-0.6459925174713135
776,0,test,2.710013858872713,1.301518498296326,1.767034882430007,4.610787468220935,2.214389111684721,3.006413515245498,15.029483805135062,10.939686702868539,12.461864892156619,25.57099675179229,18.612661404186053,21.202478462349802,2.7348233233252772,1.293177703018721,1.763224056787587,4.558038872208796,2.1552961716978687,2.938706761312645,15.40702113419142,11.179373936352617,12.764854523262171,25.6783685569857,18.632289893921026,21.274757538770285,2.710013858872713,1.301518498296326,1.767034882430007,4.610787468220935,2.214389111684721,3.006413515245498,15.029483805135062,10.939686702868539,12.461864892156619,25.57099675179229,18.612661404186053,21.202478462349802,0.6432160804020101,-0.001783919597989958,-0.001783919597989958,0.5125628140703518,-0.0024371859296482556,-0.0024371859296482556,0.35678391959798994,-0.0032160804020100464,-0.0032160804020100464,0.39754098360655743,0.1030624559991955,0.16865814981909144,0.40740740740740744,0.39698492462311563,0.10625810758050913,0.16993984949790697,0.41414141414141414,0.39754098360655743,0.1030624559991955,0.16865814981909144,0.40740740740740744,20.0,-10.0,-10.0,28.0,-13.0,-13.0,38.0,-14.0,-14.0,-0.00021728451410004155,4.6568405552693904e-05,-6.4880771212591575e-06,-3.136820234672655e-06,-7.934534252473924e-05,-9.790377231322367e-05,0.045081967213114756,0.2772523761427123,11,-0.5215945243835449
26,0,test,2.291301116689918,1.0885816800377963,1.4851548106327574,3.7399947259519304,1.7768462261262092,2.4241559167102427,9.88779448969235,6.558636431481042,7.648532582036808,16.139432296078482,10.705387207514217,12.484378988743952,2.2912927697393366,1.0617366784810274,1.4650895105346575,3.725679300389165,1.7264011032211826,2.3822593667230203,9.887711957104834,6.468000797478379,7.603083845187107,16.07758041805664,10.51707446744452,12.362737959653833,2.291301116689918,1.0885816800377963,1.4851548106327574,3.7399947259519304,1.7768462261262092,2.4241559167102427,9.88779448969235,6.558636431481042,7.648532582036808,16.139432296078482,10.705387207514217,12.484378988743952,0.5979899497487438,-0.0020100502512562235,-0.0020100502512562235,0.4371859296482412,-0.002814070351758735,-0.002814070351758735,0.321608040201005,-0.0033919597989949812,-0.0033919597989949812,0.39682539682539686,0.10771648593430772,0.17387025170666337,0.3665338645418327,0.4120603015075377,0.1213334844649312,0.18835412454593503,0.3737373737373737,0.39682539682539686,0.10771648593430772,0.17387025170666337,0.3665338645418327,14.0,-3.0,-3.0,24.0,-9.0,-9.0,33.0,-16.0,-16.0,0.00010257476606366621,8.697292337569239e-05,8.24253850880642e-05,-5.857619511928647e-05,-0.00012331829868550415,0.00012440840417138332,0.9563492063492064,0.38203219446606035,241,-0.42817068099975586
41,0,test,2.537361201990449,1.220180393035273,1.6567501548965524,4.219589623199586,2.029139769633244,2.7551480476456476,12.646255987399918,8.913373168078852,10.233882657542617,21.030514100593233,14.822791843048257,17.018777237128884,2.6238239581787948,1.221292449620561,1.6844135390974428,3.8871466047093253,1.8093221475860162,2.495427465329545,13.788348972135477,9.722870226951045,11.22987642515796,20.427183662422927,14.404252188075619,16.636853963196977,2.5356371089255965,1.212040467653397,1.6522622229151112,4.226061848209327,2.0200674460889947,2.753770371525185,12.624471449836964,8.867562087569485,10.205421486369486,21.040785749728276,14.779270145949145,17.009035810615813,0.5527638190954773,-0.0022361809045226,-0.0022361809045226,0.4623115577889447,-0.002688442211055242,-0.002688442211055242,0.3417085427135679,-0.003291457286432098,-0.003291457286432098,0.38,0.11710482529118138,0.1782261640798226,0.32441471571906355,0.3869346733668342,0.11625798163751089,0.1866007835504736,0.31818181818181823,0.37792642140468224,0.1124840173980044,0.17547925788966556,0.3221476510067114,20.0,-2.0,-2.0,30.0,-1.0,-1.0,38.0,-2.0,-2.0,0.0010530902350975636,0.00048432458903821556,-1.0079101917851662e-05,0.0005030861468533487,9.977230549385041e-05,-4.381033032618831e-05,0.056666666666666664,0.21944364039162892,17,-0.859633207321167
241,0,test,2.884703581758339,1.385769032647638,1.8848482698768452,4.673950107152751,2.245296660492375,3.0539313739776732,17.898261437953746,13.421344844349974,15.18037288412626,28.9997147349124,21.745976456668313,24.596047204660273,3.0015401989073127,1.4357141207763844,1.9572743638632228,4.617754152165096,2.208790955040591,3.0111913290203427,20.11649648102791,15.329869049650485,17.275184714822068,30.94845612465832,23.58441392253921,26.57720725357241,2.884703581758339,1.385769032647638,1.8848482698768452,4.673950107152751,2.245296660492375,3.0539313739776732,17.898261437953746,13.421344844349974,15.18037288412626,28.9997147349124,21.745976456668313,24.596047204660273,0.7085427135678393,-0.0014572864321606982,-0.0014572864321606982,0.4824120603015075,-0.0025879396984924696,-0.0025879396984924696,0.3869346733668342,-0.0030653266331658324,-0.0030653266331658324,0.38431372549019605,0.09468554545105712,0.15093693279136944,0.3385826771653543,0.3869346733668342,0.10122038765254848,0.15154235283261053,0.3434343434343434,0.38431372549019605,0.09468554545105712,0.15093693279136944,0.3385826771653543,17.0,0.0,0.0,31.0,0.0,0.0,36.0,1.0,1.0,0.0004780865767167297,9.070885396010293e-05,0.00025534855449980325,-7.936596070123869e-05,-0.0001398081572467902,0.00011389473326595123,0.08235294117647059,0.36067594491181487,21,-0.4988749027252197
770,0,test,1.8964348532252588,0.8746384306934227,1.2137867575349448,3.272279746741623,1.5091800372749253,2.0943771502563755,6.6621006865898815,3.883919615650284,4.682989010309714,11.495389419998226,6.701665219161274,8.080451625632447,1.8573325992861671,0.8758048304472759,1.2002305261083634,3.095554332143612,1.4596747174121265,2.0003842101806057,6.406624923603039,3.738094897346615,4.477431359470787,10.677708206005066,6.230158162244359,7.4623855991179795,1.8964348532252588,0.8746384306934227,1.2137867575349448,3.272279746741623,1.5091800372749253,2.0943771502563755,6.6621006865898815,3.883919615650284,4.682989010309714,11.495389419998226,6.701665219161274,8.080451625632447,0.5276381909547738,-0.002361809045226204,-0.002361809045226204,0.35678391959798994,-0.0032160804020100464,-0.0032160804020100464,0.2160804020100503,-0.003919597989949675,-0.003919597989949675,0.38783269961977185,0.11458791783609068,0.1792359865982801,0.4122137404580153,0.3919597989949749,0.11376431027317035,0.17159252019697824,0.41414141414141414,0.38783269961977185,0.11458791783609068,0.1792359865982801,0.4122137404580153,18.0,0.0,0.0,28.0,0.0,0.0,36.0,0.0,0.0,-0.0001078567802793122,-0.0003458419122241859,-0.0001698286982673576,-0.030732137144116933,-0.028365882625532635,-0.029156901420051007,0.9581749049429658,-0.7580700470361187,252,-0.3992713689804077
86,0,test,2.4909772822226746,1.1970046714603944,1.625933528711328,4.545681707106914,2.1843644569587988,2.967099038269824,12.073069152801827,8.42582224642564,9.697959149695631,22.031645968107288,15.375935511838875,17.697405679953043,3.1126934670412916,1.4918212485494466,2.0319470997887024,5.18782244506882,2.486368747582411,3.386578499647838,22.481516147640665,17.4240165095954,19.53463796379717,37.46919357940111,29.040027515992332,32.55772993966195,2.6498253664587694,1.2737660726420976,1.7316092148276492,4.9684225621101925,2.3883113862039327,3.246767277801842,14.151567091298848,10.192298560274986,11.646748904879287,26.534188296185338,19.110559800515595,21.837654196648664,0.6180904522613065,-0.0019095477386934512,-0.0019095477386934512,0.507537688442211,-0.0024623115577889765,-0.0024623115577889765,0.40703517587939697,-0.00296482412060306,-0.00296482412060306,0.3695652173913043,0.13235591506572297,0.18981315127560183,0.2990654205607477,0.39698492462311563,0.11878943590131108,0.19331213664314906,0.3737373737373737,0.3745819397993311,0.12917292477428932,0.19104467617307963,0.31543624161073824,16.0,-5.0,-5.0,28.0,-3.0,-3.0,35.0,-4.0,-4.0,0.0016391555531512184,0.0006059456072578907,0.000707831848830948,-0.017817807614587622,-0.02494993997307482,-0.027046915576826258,0.034161490683229816,0.44939235773767156,11,-1.5600128173828125
31,0,test,3.2943796952466973,1.6171652494510123,2.1718527260658917,5.460129309714433,2.680301663441955,3.5996447959795796,26.960685040804986,21.610054319479893,23.888076251723408,44.684839095408265,35.81666410358241,39.59227452831935,3.2943796952466973,1.6171652494510123,2.1718527260658917,5.460129309714433,2.680301663441955,3.5996447959795796,26.960685040804986,21.610054319479893,23.888076251723408,44.684839095408265,35.81666410358241,39.59227452831935,3.2943796952466973,1.6171652494510123,2.1718527260658917,5.460129309714433,2.680301663441955,3.5996447959795796,26.960685040804986,21.610054319479893,23.888076251723408,44.684839095408265,35.81666410358241,39.59227452831935,0.7640449438202247,0.06904494382022464,0.06904494382022464,0.6067415730337078,0.061741573033707864,0.061741573033707864,0.4382022471910112,0.04320224719101118,0.04320224719101118,0.3932584269662921,0.0543228527366002,0.14139275532450102,0.38983050847457623,0.3932584269662921,0.0543228527366002,0.14139275532450102,0.38983050847457623,0.3932584269662921,0.0543228527366002,0.14139275532450102,0.38983050847457623,22.0,2.0,2.0,34.0,1.0,1.0,41.0,3.0,3.0,-0.0001534385513960736,-4.8404778735828276e-05,1.7509285549226406e-05,-6.263726599531338e-05,-3.0112808140358993e-06,1.9189486478943252e-05,0.9269662921348315,-0.4311065824814289,165,-0.3438608646392822
462,0,test,2.4154753789772743,1.1727093818112184,1.5835645614039116,3.7854464894419975,1.8378281356742978,2.4817056559315036,11.195091003702677,7.7299060906925074,8.89738596031034,17.544545602817628,12.114031933174825,13.943664564665458,2.429041962904052,1.1511415239122986,1.5759395122761566,3.7369876352370026,1.7709869598650747,2.4245223265787024,11.348005060726235,7.758908777955231,9.001088298517768,17.45846932419421,11.93678273531574,13.847828151565796,2.4154753789772743,1.1727093818112184,1.5835645614039116,3.7854464894419975,1.8378281356742978,2.4817056559315036,11.195091003702677,7.7299060906925074,8.89738596031034,17.544545602817628,12.114031933174825,13.943664564665458,0.6130653266331658,-0.001934673366834172,-0.001934673366834172,0.4522613065326633,-0.0027386934673366836,-0.0027386934673366836,0.31658291457286436,-0.003417085427135591,-0.003417085427135591,0.3827751196172249,0.09637893823297672,0.1490708270894029,0.34615384615384615,0.37688442211055273,0.09618266772458783,0.14650044882173807,0.3434343434343434,0.3827751196172249,0.09637893823297672,0.1490708270894029,0.34615384615384615,17.0,-3.0,-3.0,30.0,-7.0,-7.0,31.0,-1.0,-1.0,0.00013437778710381163,0.00012904911053462603,5.805047127235465e-05,0.0002394104448821821,0.00011303634068582369,6.066638605339847e-05,0.06698564593301436,0.30275765784258307,14,-0.338726282119751
594,0,test,3.042940782369727,1.4662611193678285,1.990921660912894,5.724133359842353,2.758211476293328,3.7451603271718072,20.966811490882737,16.12794903657999,18.10338459909887,39.44106497235983,30.338589446433694,34.05461858152165,3.135532311383803,1.507705845207165,2.049112276735095,5.916098700724157,2.8447280098248395,3.866249578745462,23.000876212146775,17.90808289068271,20.03723090105818,43.397879645559954,33.788835642797565,37.80609603973242,3.042940782369727,1.4662611193678285,1.990921660912894,5.724133359842353,2.758211476293328,3.7451603271718072,20.966811490882737,16.12794903657999,18.10338459909887,39.44106497235983,30.338589446433694,34.05461858152165,0.6984924623115578,-0.0015075376884421399,-0.0015075376884421399,0.507537688442211,-0.0024623115577889765,-0.0024623115577889765,0.39698492462311563,-0.0030150753768843908,-0.0030150753768843908,0.3880597014925373,0.09010811862475332,0.152327691566979,0.35205992509363293,0.3869346733668342,0.10122038765254848,0.15488125099621652,0.3434343434343434,0.3880597014925373,0.09010811862475332,0.152327691566979,0.35205992509363293,21.0,-6.0,-6.0,33.0,-9.0,-9.0,40.0,-9.0,-9.0,0.00029227437243346024,0.0005784766197206934,0.0003101088859407116,-0.00016945494488584956,0.00022372510708557058,6.833549267337702e-05,0.9552238805970149,-0.5786331018023054,256,-0.33408498764038086
309,0,test,2.402163319824439,1.1399905056882167,1.560125049191357,3.952926981989584,1.8759337435375723,2.5672943847452716,11.047048849216228,7.513958948205129,8.725955674652116,18.17868797972291,12.364742572995784,14.35916756588323,2.45888911826264,1.1728440563597353,1.592404534593473,4.030965767643671,1.9226951743602214,2.61049923703848,11.691816098137782,8.073368614571082,9.31328149837235,19.166911636291445,13.235030515690298,15.267674587495655,2.402163319824439,1.1399905056882167,1.560125049191357,3.952926981989584,1.8759337435375723,2.5672943847452716,11.047048849216228,7.513958948205129,8.725955674652116,18.17868797972291,12.364742572995784,14.35916756588323,0.6231155778894473,-0.0018844221105527303,-0.0018844221105527303,0.42713567839195976,-0.002864321608040288,-0.002864321608040288,0.3266331658291457,-0.0033668341708542604,-0.0033668341708542604,0.3861003861003861,0.1028633918807329,0.1576023116459574,0.3643410852713178,0.3869346733668342,0.10873918464502963,0.15655070007801952,0.36363636363636365,0.3861003861003861,0.1028633918807329,0.1576023116459574,0.3643410852713178,17.0,0.0,0.0,29.0,0.0,0.0,33.0,0.0,0.0,0.0002881677989675291,0.00013963818345656605,8.409891547504693e-05,-0.00010708564814265742,-0.00016179463533028127,9.987650539144965e-05,0.04633204633204633,0.4619329951213412,12,-0.2531275749206543
739,0,test,2.4609015728282557,1.1991175468011759,1.618859731942272,4.73639275318315,2.3078906208981538,3.1157505799710856,11.715369038486925,8.183652493828262,9.394267577018379,22.548073286402918,15.750728429902342,18.080747870836742,2.480069059520859,1.1714132078780197,1.6059080931237868,4.389502760213911,2.0732977130584422,2.8423152090686497,11.942089104324152,8.240893692883633,9.54522570319705,21.13644089260912,14.585652553776342,16.894204784419557,2.4609015728282557,1.1991175468011759,1.618859731942272,4.73639275318315,2.3078906208981538,3.1157505799710856,11.715369038486925,8.183652493828262,9.394267577018379,22.548073286402918,15.750728429902342,18.080747870836742,0.592964824120603,-0.0020351758793969443,-0.0020351758793969443,0.44723618090452266,-0.0027638190954772934,-0.0027638190954772934,0.3417085427135679,-0.003291457286432098,-0.003291457286432098,0.38928571428571423,0.10408072319837025,0.17194604682728198,0.3584229390681004,0.39698492462311563,0.11628317023715073,0.17828709490692196,0.3535353535353535,0.38928571428571423,0.10408072319837025,0.17194604682728198,0.3584229390681004,19.0,0.0,0.0,28.0,-2.0,-2.0,39.0,-2.0,-2.0,0.00029768041701208104,0.00020762488366630696,0.00019653569171299373,-0.016036052498905384,-0.015527035966982794,-0.01728821424205851,0.03571428571428571,-0.6549468392068656,10,-0.4937715530395508
651,0,test,2.507477830541616,1.202361620316709,1.6366971387267046,4.346294906272135,2.084093475215629,2.8369417071262886,12.2739340467552,8.585816380969469,9.88515902388846,21.27481901437568,14.882081727013746,17.134275641406667,2.6106955398549574,1.235686055984267,1.691845561354842,4.0475899842712515,1.9157923348593284,2.6230163741935533,13.608512823895849,9.653398591361192,11.102106513163024,21.098469494412168,14.966509443970843,17.212568237462055,2.507477830541616,1.202361620316709,1.6366971387267046,4.346294906272135,2.084093475215629,2.8369417071262886,12.2739340467552,8.585816380969469,9.88515902388846,21.27481901437568,14.882081727013746,17.134275641406667,0.6231155778894473,-0.0018844221105527303,-0.0018844221105527303,0.4723618090452262,-0.0026381909547738003,-0.0026381909547738003,0.3417085427135679,-0.003291457286432098,-0.003291457286432098,0.375438596491228,0.08822318493255898,0.1572355626522548,0.3415492957746479,0.3869346733668342,0.09620785632422768,0.16489794548703451,0.3484848484848485,0.375438596491228,0.08822318493255898,0.1572355626522548,0.3415492957746479,21.0,0.0,0.0,30.0,0.0,0.0,38.0,1.0,1.0,0.00041078636189815934,0.00013039181271394277,-4.7958875302106556e-05,-0.00963832169964185,-0.009330071119920014,-0.009763709776253293,0.9614035087719298,0.4306129410274726,274,-0.5935754776000977
371,0,test,2.474863526432217,1.1971642270225258,1.620553953372414,4.082896680662287,1.9750171257985834,2.6735027149544903,11.880085684781891,8.291711238739781,9.530334196117211,19.599126129716318,13.67921904868238,15.722632557046161,2.485456354256616,1.1924377481904362,1.6189806502685682,3.945168816280343,1.8927583304610098,2.5698105559818543,12.006598267005666,8.362829192108444,9.628084787775238,19.05809248731058,13.274332050965786,15.282674266309902,2.489052255660903,1.1847642626396784,1.617791920431846,4.102833388452038,1.952908125230239,2.666689978733812,12.049850529404122,8.364786161546931,9.659929471507683,19.862390982534265,13.78810905749494,15.922960667320355,0.5226130653266332,-0.002386934673366814,-0.002386934673366814,0.4170854271356784,-0.0029145728643216184,-0.0029145728643216184,0.3417085427135679,-0.003291457286432098,-0.003291457286432098,0.38888888888888884,0.12345679012345678,0.18930041152263366,0.3405572755417957,0.38190954773869346,0.12814070351758788,0.19765494137353434,0.31818181818181823,0.38795986622073575,0.12207357859531764,0.18840579710144922,0.3355704697986577,19.0,0.0,0.0,29.0,1.0,1.0,35.0,0.0,0.0,0.00019713616073630243,0.00022022367157882784,-6.207118070336716e-05,-0.012342803186293771,-0.014373712611420508,-0.01164910320689927,0.9660493827160493,0.27337370805810207,313,-0.8282644748687744
915,0,test,2.669798405771812,1.286983843700767,1.7417200081580977,4.918049694842812,2.3707597120803605,3.208431593975443,14.437058471760537,10.450953478019919,11.907414936614142,26.59458139534836,19.2517564068788,21.934711725341845,2.614879203903554,1.2402935066861411,1.695569201826903,4.7114940610874845,2.234763075110164,3.0550796429313563,13.665565531215979,9.712127068195802,11.158005949242197,24.622640596785544,17.499328050803243,20.10451522385981,2.669798405771812,1.286983843700767,1.7417200081580977,4.918049694842812,2.3707597120803605,3.208431593975443,14.437058471760537,10.450953478019919,11.907414936614142,26.59458139534836,19.2517564068788,21.934711725341845,0.6180904522613065,-0.0019095477386934512,-0.0019095477386934512,0.46733668341708545,-0.002663316582914521,-0.002663316582914521,0.3467336683417085,-0.003266331658291488,-0.003266331658291488,0.41393442622950816,0.11945589862214623,0.2000379684638406,0.40740740740740744,0.39698492462311563,0.10375184191634867,0.17995654398872496,0.38383838383838387,0.41393442622950816,0.11945589862214623,0.2000379684638406,0.40740740740740744,25.0,-15.0,-15.0,36.0,-16.0,-16.0,44.0,-17.0,-17.0,-0.00034689201537588336,5.142321769963907e-05,7.554993384657313e-06,-3.136820234672655e-06,-7.934534252473924e-05,-9.790377231322367e-05,0.040983606557377046,-0.39910809688572507,10,-0.032648563385009766
901,0,test,2.680939792269757,1.288261007229935,1.752001372548061,4.07158770590701,1.9565033478786176,2.660793528361761,14.598806696678656,10.573187305494312,12.066986676388202,22.171449742549402,16.05767483829083,18.32633270638636,2.6150788505986213,1.2251655486101496,1.6874452685177368,3.735826929426602,1.7502364980144995,2.4106360978824815,13.668294088575177,9.653792100008689,11.13977552794412,19.526134412250254,13.791131571440985,15.913965039920173,2.680939792269757,1.288261007229935,1.752001372548061,4.07158770590701,1.9565033478786176,2.660793528361761,14.598806696678656,10.573187305494312,12.066986676388202,22.171449742549402,16.05767483829083,18.32633270638636,0.6130653266331658,-0.001934673366834172,-0.001934673366834172,0.49246231155778897,-0.002537688442211028,-0.002537688442211028,0.35678391959798994,-0.0032160804020100464,-0.0032160804020100464,0.3992932862190812,0.10123332149244979,0.17602654121320582,0.400709219858156,0.42211055276381915,0.12386493872873139,0.20007382488401948,0.4040404040404041,0.3992932862190812,0.10123332149244979,0.17602654121320582,0.400709219858156,18.0,0.0,0.0,27.0,0.0,0.0,36.0,0.0,0.0,-0.00024264851656382512,4.435507702409201e-06,-7.419412037647719e-05,-0.004948932814357931,-0.005078870937090585,-0.004798287979594917,0.0353356890459364,0.5736337799773489,10,-0.7417900562286377
848,0,test,2.5550169702844117,1.2482128151577128,1.6804613434529263,5.030189660247435,2.457418979841747,3.308408269922949,12.871518088991497,9.177169826822224,10.47370855402476,25.34080123770201,18.067553096556253,20.62011371573625,2.5811331356264016,1.2287815536073083,1.6736033069790968,4.692969337502548,2.2341482792860154,3.0429151035983577,13.212100782813295,9.345593525571033,10.73390737866504,24.022001423296896,16.991988228310966,19.516195233936433,2.5550169702844117,1.2482128151577128,1.6804613434529263,5.030189660247435,2.457418979841747,3.308408269922949,12.871518088991497,9.177169826822224,10.47370855402476,25.34080123770201,18.067553096556253,20.62011371573625,0.6482412060301508,-0.0017587939698492372,-0.0017587939698492372,0.46733668341708545,-0.002663316582914521,-0.002663316582914521,0.3517587939698492,-0.0032412060301507672,-0.0032412060301507672,0.36254980079681276,0.07030327992206131,0.13738423788290544,0.32399999999999995,0.37688442211055273,0.08365133940378577,0.14983934698534407,0.33333333333333337,0.36254980079681276,0.07030327992206131,0.13738423788290544,0.32399999999999995,20.0,-9.0,-9.0,29.0,-12.0,-12.0,38.0,-14.0,-14.0,0.0002633633046846469,-7.248108432232755e-05,0.00032515593106482234,-5.164627325804361e-05,-0.00011782167916685182,0.0001279129611404528,0.9561752988047809,-0.3612158437269946,240,-0.31812381744384766
641,0,test,3.1597550550463636,1.5397375563137574,2.076480209739181,5.752374587392097,2.803111961494276,3.7802588433713282,23.56482313757803,18.511644397564233,20.610484408980014,42.90006263507795,33.70068595454001,37.52165110352771,3.181106718089174,1.540280565656084,2.0836219192746563,5.630277377148981,2.726160293196609,3.6878264057958514,24.07338126117229,18.913951033344148,21.07676182459946,42.60775444455273,33.47601952804274,37.30400322937958,3.1597550550463636,1.5397375563137574,2.076480209739181,5.752374587392097,2.803111961494276,3.7802588433713282,23.56482313757803,18.511644397564233,20.610484408980014,42.90006263507795,33.70068595454001,37.52165110352771,0.7336683417085428,-0.001331658291457205,-0.001331658291457205,0.5678391959798995,-0.0021608040201005485,-0.0021608040201005485,0.44723618090452266,-0.0027638190954772934,-0.0027638190954772934,0.41509433962264153,0.09038845726970035,0.17058023303956937,0.40284360189573465,0.42713567839195976,0.103827407715268,0.181726663366918,0.41414141414141414,0.41509433962264153,0.09038845726970035,0.17058023303956937,0.40284360189573465,19.0,0.0,0.0,31.0,0.0,0.0,39.0,0.0,0.0,-0.0002592254413533166,-0.00023917335186843158,-0.00012418126297703924,0.00021862067930111806,9.6546482126314e-05,4.707465819286938e-05,0.9481132075471698,0.5139311304943682,201,-0.6164038181304932
844,0,test,2.2186379256664814,1.0583207669143526,1.4441769953830739,3.6052866292080323,1.719771246235823,2.346787617497495,9.19479833388728,6.00385318205973,7.025375991860471,14.941547292566828,9.75626142084706,11.416235986773264,2.3113618068831663,1.0817534203563732,1.4893727647180377,3.611502823254947,1.690239719306833,2.327144944871934,10.08815342169552,6.668263422679649,7.813132969894553,15.76273972139925,10.419161597936952,12.208020265460238,2.2186379256664814,1.0583207669143526,1.4441769953830739,3.6052866292080323,1.719771246235823,2.346787617497495,9.19479833388728,6.00385318205973,7.025375991860471,14.941547292566828,9.75626142084706,11.416235986773264,0.5276381909547738,-0.002361809045226204,-0.002361809045226204,0.40703517587939697,-0.00296482412060306,-0.00296482412060306,0.3065326633165829,-0.0034673366834171437,-0.0034673366834171437,0.36397058823529416,0.09975040474905561,0.1622590967927514,0.3394833948339483,0.37688442211055273,0.11372652737371058,0.16987273596698016,0.3434343434343434,0.36397058823529416,0.09975040474905561,0.1622590967927514,0.3394833948339483,15.0,0.0,0.0,22.0,0.0,0.0,30.0,0.0,0.0,0.0006900958797398475,0.0005177642631322649,0.00012343172217015,-0.00019717463232815646,0.00020823100688893703,5.431726479621091e-05,0.051470588235294115,0.43553261107608926,14,-0.7412817478179932
872,0,test,2.252622911374328,1.0912696091476213,1.477191184382606,3.982898480980696,1.9294911929856493,2.611845282531564,9.512653991370726,6.318400849065954,7.34112455866247,16.81947517314824,11.171665269362993,12.979959364591615,2.402127928465567,1.1214767938906585,1.5479021331888485,3.9704593858935,1.8536806510589399,2.5585159226261958,11.04665788606433,7.447675501405843,8.697103246124279,18.258938654651786,12.310207440340239,14.375377266321124,2.252622911374328,1.0912696091476213,1.477191184382606,3.982898480980696,1.9294911929856493,2.611845282531564,9.512653991370726,6.318400849065954,7.34112455866247,16.81947517314824,11.171665269362993,12.979959364591615,0.6080402010050252,-0.001959798994974782,-0.001959798994974782,0.4522613065326633,-0.0027386934673366836,-0.0027386934673366836,0.3316582914572864,-0.0033417085427135396,-0.0033417085427135396,0.4032921810699589,0.12197801269213548,0.19809382265682618,0.3677685950413223,0.39698492462311563,0.10124557625218833,0.17828709490692196,0.38383838383838387,0.4032921810699589,0.12197801269213548,0.19809382265682618,0.3677685950413223,16.0,-4.0,-4.0,26.0,-8.0,-8.0,35.0,-12.0,-12.0,0.00031392001233469574,0.00017601971089436198,6.519255533949879e-05,3.793101625682027e-06,-7.384872300431056e-05,-9.33731963588258e-05,0.0411522633744856,0.4033237926162467,10,-0.9749455451965332
217,0,test,2.539339398863641,1.2019069788546755,1.6456011992656019,4.051200428244884,1.9174932148201762,2.6253522022965674,12.67129753183805,8.86204714846887,10.22704784422688,20.21548045541793,14.138294872701781,16.315983843968894,2.4289557311751753,1.1254987108511694,1.5580442468211806,3.652565009285978,1.6924792644378488,2.3429236794303465,11.347026544820714,7.665023092895789,8.95793906757053,17.06319781176047,11.526350515632764,13.470585064015832,2.539339398863641,1.2019069788546755,1.6456011992656019,4.051200428244884,1.9174932148201762,2.6253522022965674,12.67129753183805,8.86204714846887,10.22704784422688,20.21548045541793,14.138294872701781,16.315983843968894,0.6080402010050252,-0.001959798994974782,-0.001959798994974782,0.4120603015075377,-0.0029396984924623393,-0.0029396984924623393,0.3065326633165829,-0.0034673366834171437,-0.0034673366834171437,0.36363636363636365,0.07454545454545458,0.14060606060606062,0.36131386861313863,0.3517587939698492,0.07035175879396982,0.1306532663316583,0.31818181818181823,0.36363636363636365,0.07454545454545458,0.14060606060606062,0.36131386861313863,19.0,-8.0,-8.0,27.0,-8.0,-8.0,38.0,-12.0,-12.0,-0.00043967706809121623,7.601304617522236e-05,8.034837543291847e-05,-0.004885595586361369,-0.005041260901884392,-0.005534834419069767,0.05090909090909091,0.3640071310105552,14,-0.5995175838470459
581,0,test,2.4647619279564044,1.1803847356651507,1.6078476753295787,4.710758004319045,2.2560015953836903,3.0729869771091947,11.760681929085264,8.148264514035876,9.404802113030641,22.477516349671834,15.573310284222416,17.974858476384004,3.0119673849712947,1.4269966593149233,1.9540720343579177,4.706199039017648,2.2296822801795675,3.053237553684246,20.327352338962996,15.448203796412018,17.447049760448653,31.76148802962968,24.13781843189378,27.261015250701025,2.643811497705754,1.2482604727369737,1.712809709097693,4.721091960188846,2.229036558458882,3.0585887662458804,14.066716819091429,10.029518262042114,11.52966732683573,25.11913717694898,17.909854039360916,20.5886916550638,0.6432160804020101,-0.001783919597989958,-0.001783919597989958,0.5025125628140703,-0.0024874371859296973,-0.0024874371859296973,0.42211055276381915,-0.0028894472361808976,-0.0028894472361808976,0.3788819875776398,0.10756415812027542,0.18570016939582157,0.31464174454828664,0.4170854271356784,0.13387740708555307,0.19838759741948475,0.36363636363636365,0.3913043478260869,0.11250635116498509,0.18774483725878988,0.3389261744966443,23.0,-6.0,-6.0,34.0,-11.0,-11.0,41.0,-11.0,-11.0,0.0015743793376221233,0.00045881458535656843,0.0005302450889909722,-0.0378264294691224,-0.040137366137604324,-0.04228946387751353,0.06832298136645963,0.2540975022905615,22,-1.0849618911743164
456,0,test,2.9897640712270745,1.4451384079019387,1.9565357307374383,4.644293702877008,2.244875196740875,3.0392788050290296,19.88099144029445,15.194774364566218,17.070868199017376,30.883093499486524,23.60353299350092,26.517853513036698,2.9897640712270745,1.4451384079019387,1.9565357307374383,4.644293702877008,2.244875196740875,3.0392788050290296,19.88099144029445,15.194774364566218,17.070868199017376,30.883093499486524,23.60353299350092,26.517853513036698,2.9897640712270745,1.4451384079019387,1.9565357307374383,4.644293702877008,2.244875196740875,3.0392788050290296,19.88099144029445,15.194774364566218,17.070868199017376,30.883093499486524,23.60353299350092,26.517853513036698,0.6603773584905661,0.11537735849056618,0.11537735849056618,0.5157232704402516,0.09072327044025152,0.09072327044025152,0.37735849056603776,0.062358490566037816,0.062358490566037816,0.37735849056603776,0.07955284793280892,0.14771339662031746,0.33544303797468356,0.37735849056603776,0.07955284793280892,0.14771339662031746,0.33544303797468356,0.37735849056603776,0.07955284793280892,0.14771339662031746,0.33544303797468356,19.0,1.0,1.0,28.0,2.0,2.0,35.0,3.0,3.0,0.0005335305716887632,0.0003023168291270447,0.00015185789736073884,0.00012420333071716527,0.00013199984796941067,-3.7478486312636505e-05,0.07547169811320754,0.5380105414173972,12,-0.7273561954498291
795,0,test,2.6761083645579333,1.2987136680369005,1.7577170725961788,4.09380862911541,1.9867226945564487,2.6888886170072497,14.52844373110735,10.56388445032535,12.023186811583633,22.225059755324935,16.160227998414374,18.39261315819639,2.706069417266908,1.2812926008087038,1.7508482577185496,3.9795138489219233,1.884253824718682,2.5747768495861023,14.970317649335566,10.813387668473585,12.371072282046411,22.015173013728774,15.902040688931743,18.192753355950604,2.6761083645579333,1.2987136680369005,1.7577170725961788,4.09380862911541,1.9867226945564487,2.6888886170072497,14.52844373110735,10.56388445032535,12.023186811583633,22.225059755324935,16.160227998414374,18.39261315819639,0.6834170854271358,-0.0015829145728643024,-0.0015829145728643024,0.4974874371859297,-0.002512562814070307,-0.002512562814070307,0.3467336683417085,-0.003266331658291488,-0.003266331658291488,0.37890625,0.08513193093385218,0.14963163860103623,0.3294117647058824,0.3869346733668342,0.0894346733668342,0.14234232727698393,0.3282828282828283,0.37890625,0.08513193093385218,0.14963163860103623,0.3294117647058824,17.0,-1.0,-1.0,32.0,-5.0,-5.0,38.0,0.0,0.0,-0.00010390598619167428,0.00013459002426969305,0.0002760135258767477,-0.00474602921789824,-0.005376554275580148,-0.004693959185150476,0.0390625,-0.4816877680317476,10,-0.21233868598937988
532,0,test,2.4774889478999502,1.1958041514132478,1.6058189978315616,4.135089466998478,1.9958745548767873,2.6802158812728223,11.911316896384626,8.308612457372398,9.52041669083503,19.88075913641175,13.8676121590676,15.890191886861343,2.5098375451274633,1.2034021052170103,1.6199377697923698,4.183062575212439,2.005670175361684,2.6998962829872832,12.302931227030372,8.609944876185331,9.868045623563793,20.504885378383953,14.34990812697555,16.446742705939656,2.4774889478999502,1.1958041514132478,1.6058189978315616,4.135089466998478,1.9958745548767873,2.6802158812728223,11.911316896384626,8.308612457372398,9.52041669083503,19.88075913641175,13.8676121590676,15.890191886861343,0.6180904522613065,-0.0019095477386934512,-0.0019095477386934512,0.4170854271356784,-0.0029145728643216184,-0.0029145728643216184,0.3015075376884422,-0.0034924623115578646,-0.0034924623115578646,0.33766233766233766,0.06336428150683016,0.1232738484537046,0.32173913043478264,0.33668341708542715,0.060994194027783055,0.12132448553283948,0.3232323232323232,0.33766233766233766,0.06336428150683016,0.1232738484537046,0.32173913043478264,15.0,0.0,0.0,28.0,-6.0,-6.0,36.0,-6.0,-6.0,0.0005664889061999058,5.9193105124663444e-05,-1.6801294084895789e-06,-0.00558768246413166,-0.00603608188915139,-0.006265244138276671,0.9437229437229437,0.41881051332832725,218,-0.2668576240539551
554,0,test,2.631274723371838,1.2663853030374772,1.7189200849603283,4.207148046709917,2.0248248526588237,2.7483832127662393,13.891466397551527,9.976176320965052,11.401287290552322,22.211080888392825,15.950919282422142,18.229530777751236,2.7567260312724504,1.308649845971621,1.7886527520384592,4.114516464585747,1.9532087253307777,2.6696309731917305,15.748199342452882,11.493278385681478,13.115332572252772,23.504775137989373,17.154146844300712,19.575123242168313,2.631274723371838,1.2663853030374772,1.7189200849603283,4.207148046709917,2.0248248526588237,2.7483832127662393,13.891466397551527,9.976176320965052,11.401287290552322,22.211080888392825,15.950919282422142,18.229530777751236,0.6683417085427136,-0.0016582914572863539,-0.0016582914572863539,0.49246231155778897,-0.002537688442211028,-0.002537688442211028,0.3517587939698492,-0.0032412060301507672,-0.0032412060301507672,0.38620689655172413,0.09877144044156927,0.15914267636823787,0.3529411764705882,0.3919597989949749,0.0912079192957268,0.16324527478796325,0.3737373737373737,0.38620689655172413,0.09877144044156927,0.15914267636823787,0.3529411764705882,20.0,-9.0,-9.0,30.0,-15.0,-15.0,39.0,-16.0,-16.0,0.0006821863429027489,0.0002203129308455742,7.423113395425589e-05,-0.005986962322432454,-0.00409958768136498,-0.0048179670002310715,0.03793103448275862,0.4636006859085423,11,-0.39431238174438477
36,0,test,3.170159009183239,1.537117992525906,2.0807642801939337,4.6856496574757145,2.2719353743187782,3.0754711068232288,23.811270266060383,18.69185095578586,20.838795890664095,35.19421897861608,27.6274675102591,30.800756853030347,3.1754889154668744,1.52299118737872,2.0722607786636447,4.472519599249119,2.1450580103925634,2.9186771530473865,23.938520920861585,18.71851921813068,20.924641368145664,33.716226649100825,26.364111574831945,29.471325870627695,3.169636451645197,1.5442105317446635,2.084183359609385,4.684191800460883,2.2820845296719168,3.0800739304572193,23.79883075775498,18.718248260145998,20.83804973658203,35.17068584889899,27.662435852432512,30.795147393963592,0.6633165829145728,-0.0016834170854271857,-0.0016834170854271857,0.5025125628140703,-0.0024874371859296973,-0.0024874371859296973,0.3919597989949749,-0.0030402010050251116,-0.0030402010050251116,0.3807947019867549,0.08657982595369706,0.1517198121189135,0.34883720930232553,0.37688442211055273,0.09117013639626703,0.15150879606714707,0.3282828282828283,0.3812709030100334,0.08744786461270448,0.15323975729256956,0.3489932885906041,22.0,-3.0,-3.0,33.0,-2.0,-2.0,40.0,-3.0,-3.0,0.00027278131828616646,9.047669661405196e-05,0.00012606735756611338,0.0004951882937413998,9.202525539642181e-05,-5.081944426521545e-05,0.04304635761589404,-0.22191723910037864,13,-0.5761764049530029
336,0,test,2.5318713609737276,1.1842899310152786,1.631777333161974,5.8253625622403655,2.72482967867743,3.754414514510884,12.577020272992174,8.728912923242408,10.117185879863602,28.93737184761614,20.083596400630906,23.27775287806016,2.562374418213245,1.2064881474481874,1.6545087905999536,5.51048261981343,2.594598166555241,3.558083420645061,12.966568849834125,9.086370510300977,10.487543131165886,27.88509430071855,19.54058174258275,22.55385619605567,2.5318713609737276,1.1842899310152786,1.631777333161974,5.8253625622403655,2.72482967867743,3.754414514510884,12.577020272992174,8.728912923242408,10.117185879863602,28.93737184761614,20.083596400630906,23.27775287806016,0.6130653266331658,-0.001934673366834172,-0.001934673366834172,0.457286432160804,-0.0027135678391959628,-0.0027135678391959628,0.31155778894472363,-0.003442211055276312,-0.003442211055276312,0.3971631205673759,0.10866754534613698,0.1742857620768099,0.32740213523131667,0.371859296482412,0.09115754209644711,0.15316146676621833,0.2777777777777778,0.3971631205673759,0.10866754534613698,0.1742857620768099,0.32740213523131667,19.0,0.0,0.0,29.0,0.0,0.0,37.0,0.0,0.0,-0.00027744754089709274,0.00039663914441068866,0.00014596361749693085,-0.00026647385093347964,0.00016949575638847136,1.9271695109068787e-05,0.03546099290780142,0.9479021656467295,10,-0.40583038330078125
543,0,test,2.4796624531395097,1.177116222059885,1.6101509142387664,3.5282054333242168,1.674868224530922,2.2910147294025878,11.937234361739232,8.258582912240499,9.551489136609057,16.984979177560394,11.750783686559338,13.590404542946601,2.4942249061493555,1.1774535008627753,1.6154978171060768,3.3935032736725925,1.601977552194252,2.197956213749764,12.112341677729276,8.380986801534776,9.70450887959923,16.47937643228473,11.402703131339834,13.203413441631607,2.4796624531395097,1.177116222059885,1.6101509142387664,3.5282054333242168,1.674868224530922,2.2910147294025878,11.937234361739232,8.258582912240499,9.551489136609057,16.984979177560394,11.750783686559338,13.590404542946601,0.6130653266331658,-0.001934673366834172,-0.001934673366834172,0.44723618090452266,-0.0027638190954772934,-0.0027638190954772934,0.3417085427135679,-0.003291457286432098,-0.003291457286432098,0.3951612903225806,0.12151943921594077,0.1793435959526074,0.41295546558704455,0.39698492462311563,0.11628317023715073,0.17995654398872496,0.4191919191919192,0.3951612903225806,0.12151943921594077,0.1793435959526074,0.41295546558704455,22.0,-5.0,-5.0,33.0,-7.0,-7.0,40.0,-5.0,-5.0,6.248344998674142e-05,5.895797056603524e-05,-5.737705618412718e-05,-3.085650767697956e-05,-0.00010133182060556578,-0.00011602607612637428,0.04032258064516129,0.19389421547167005,10,-0.4794657230377197
38,0,test,2.3779692908306043,1.1360403305783005,1.5462412001903911,3.533742074642127,1.6881940108035078,2.297766252796894,10.782983512058008,7.320697873163999,8.48569828290468,16.023874939706314,10.87880242604259,12.610032085210307,2.576087188140469,1.2021418617506923,1.6589692102217464,3.733459692957202,1.7422345822473804,2.4043032032199223,13.145601134050935,9.194693527261594,10.643532163283563,19.05159584645063,13.325642793132745,15.425408932295019,2.3779692908306043,1.1360403305783005,1.5462412001903911,3.533742074642127,1.6881940108035078,2.297766252796894,10.782983512058008,7.320697873163999,8.48569828290468,16.023874939706314,10.87880242604259,12.610032085210307,0.6733668341708543,-0.001633165829145744,-0.001633165829145744,0.4974874371859297,-0.002512562814070307,-0.002512562814070307,0.3517587939698492,-0.0032412060301507672,-0.0032412060301507672,0.3849056603773585,0.09300358881426996,0.159058734404962,0.3446969696969697,0.4120603015075377,0.10128335915164799,0.17499853189151093,0.36363636363636365,0.3849056603773585,0.09300358881426996,0.159058734404962,0.3446969696969697,20.0,-8.0,-8.0,30.0,-10.0,-10.0,40.0,-12.0,-12.0,0.0003201615506745428,0.0004534629941055754,0.00018947161372968687,-0.012722939926326227,-0.01394067726660353,-0.014214062563175034,0.9584905660377359,-0.3028154210365373,254,-0.7218904495239258
485,0,test,2.7309937434961373,1.2933340832596425,1.771509814451079,4.760786390689212,2.2545959018985657,3.0881725143809353,15.348131549982012,11.137302045470616,12.737782549526216,26.755526620914587,19.415026538725805,22.205053363363266,2.7605526403238576,1.2970046538862368,1.7831763043040683,4.600921067206429,2.1616744231437277,2.971960507173447,15.808576991754245,11.487312843163803,13.15110222516612,26.34762831959041,19.145521405273005,21.918503708610203,2.7309937434961373,1.2933340832596425,1.771509814451079,4.760786390689212,2.2545959018985657,3.0881725143809353,15.348131549982012,11.137302045470616,12.737782549526216,26.755526620914587,19.415026538725805,22.205053363363266,0.6432160804020101,-0.001783919597989958,-0.001783919597989958,0.4824120603015075,-0.0025879396984924696,-0.0025879396984924696,0.371859296482412,-0.003140703517587995,-0.003140703517587995,0.377431906614786,0.09199501341090244,0.14457291567041342,0.3203125,0.39698492462311563,0.10625810758050913,0.16827040041610397,0.3232323232323232,0.377431906614786,0.09199501341090244,0.14457291567041342,0.3203125,23.0,-6.0,-6.0,31.0,-3.0,-3.0,43.0,-7.0,-7.0,0.00021926551417044275,0.00012673115028354604,0.0004334807149192532,-9.322580442105988e-05,-0.00015080139628764755,0.00010688561932692409,0.9571984435797666,0.5803476248432968,246,-0.5241212844848633
21,0,test,2.2454916674620526,1.0431915897310557,1.4299830974593586,3.6376965012885254,1.6899703753643103,2.316572617884161,9.445058242853113,6.117296004078228,7.184733329315612,15.300994353422045,9.910019526606732,11.639267993491291,2.2454916674620526,1.0431915897310557,1.4299830974593586,3.6376965012885254,1.6899703753643103,2.316572617884161,9.445058242853113,6.117296004078228,7.184733329315612,15.300994353422045,9.910019526606732,11.639267993491291,2.2454916674620526,1.0431915897310557,1.4299830974593586,3.6376965012885254,1.6899703753643103,2.316572617884161,9.445058242853113,6.117296004078228,7.184733329315612,15.300994353422045,9.910019526606732,11.639267993491291,0.5403726708074534,0.08037267080745347,0.08037267080745347,0.39751552795031053,0.06251552795031057,0.06251552795031057,0.2795031055900621,0.03950310559006209,0.03950310559006209,0.3726708074534162,0.10641693748437597,0.16442338477300378,0.23750000000000004,0.3726708074534162,0.10641693748437597,0.16442338477300378,0.23750000000000004,0.3726708074534162,0.10641693748437597,0.16442338477300378,0.23750000000000004,16.0,2.0,2.0,24.0,2.0,2.0,31.0,4.0,4.0,0.0005737729628757666,0.0005093476747476057,2.5387529527945204e-05,-0.007956773935777761,-0.008623033797850788,-0.008427024556290519,0.07453416149068323,0.5817343742070309,12,-0.5544571876525879
269,0,test,2.0724420339247445,1.0124360776632455,1.365534820794137,4.035808171327134,1.9715860459757941,2.6591993878622664,7.944199453956652,5.057811272657099,5.9164891788886935,15.470283147178744,9.849421952016456,11.521584190467456,2.075317925826723,0.9489840455495369,1.3223339260762894,3.6409086418012686,1.664884290437784,2.3198840808355956,7.967078996610453,4.882750765752146,5.8437524179411815,13.977331573000795,8.566229413600256,10.252197224458214,2.0201382641841144,0.9638151808818034,1.3153399598661193,3.9099450274531242,1.865448737190587,2.5458192771602306,7.539367286066805,4.663589754918446,5.515928761118411,14.592323779484138,9.026302751455056,10.675991150551763,0.4974874371859297,-0.002512562814070307,-0.002512562814070307,0.38190954773869346,-0.0030904522613065533,-0.0030904522613065533,0.2864321608040201,-0.003567839195979916,-0.003567839195979916,0.3825301204819277,0.13440981973004795,0.19715937899896174,0.3413897280966768,0.37688442211055273,0.12625785569451264,0.18155887953960115,0.30808080808080807,0.3745819397993311,0.12917292477428932,0.19104467617307963,0.325503355704698,17.0,0.0,0.0,26.0,0.0,0.0,34.0,1.0,1.0,0.00019391159574511796,0.00017987611388256867,-9.028229622964371e-05,-0.017861213491380923,-0.020422988239527484,-0.01814177298231545,0.03614457831325301,0.7317736066657231,12,-1.4279885292053223
1,0,test,2.758209305057609,1.3322026580417783,1.80380167944389,4.40000055806809,2.1251804306856936,2.8774931553033483,15.771575566085009,11.609530120774156,13.174443913200822,25.15941816494513,18.51996471647306,21.016374813915593,2.906140068790468,1.388058869097505,1.8834421042665488,4.122184494738253,1.9688778285070994,2.6715490840660268,18.28607916114734,13.722618741497335,15.505392313949141,25.93770093779765,19.464707434747996,21.99346427510517,2.758209305057609,1.3322026580417783,1.80380167944389,4.40000055806809,2.1251804306856936,2.8774931553033483,15.771575566085009,11.609530120774156,13.174443913200822,25.15941816494513,18.51996471647306,21.016374813915593,0.7085427135678393,-0.0014572864321606982,-0.0014572864321606982,0.5175879396984925,-0.002412060301507535,-0.002412060301507535,0.35678391959798994,-0.0032160804020100464,-0.0032160804020100464,0.39700374531835203,0.0811158948510623,0.15416439288995853,0.3308270676691729,0.3869346733668342,0.09370159066006722,0.14486455650539842,0.3282828282828283,0.39700374531835203,0.0811158948510623,0.15416439288995853,0.3308270676691729,20.0,-5.0,-5.0,31.0,-9.0,-9.0,37.0,-8.0,-8.0,0.0005326013796080933,0.0005328027532608522,0.0001829185407959117,-0.00016252502302549487,0.00022759863213561715,7.184004964067014e-05,0.03745318352059925,0.39528918169178906,10,-0.4149739742279053
787,0,test,2.6656264530069995,1.2809883580631447,1.7391709853828545,5.086903814488357,2.444552783303834,3.3189179637722805,14.37695321108634,10.383572792382937,11.851411780681273,27.436019044489765,19.815318078797436,22.61644414813343,2.7490259713526046,1.316182726225222,1.793215035570598,5.044084351105696,2.41501417656004,3.2903028175607303,15.627402930534892,11.436805766084515,13.026624137958242,28.67413381749521,20.984964708411947,23.902062638455487,2.6656264530069995,1.2809883580631447,1.7391709853828545,5.086903814488357,2.444552783303834,3.3189179637722805,14.37695321108634,10.383572792382937,11.851411780681273,27.436019044489765,19.815318078797436,22.61644414813343,0.6934673366834171,-0.0015326633165829717,-0.0015326633165829717,0.5577889447236181,-0.00221105527638199,-0.00221105527638199,0.3869346733668342,-0.0030653266331658324,-0.0030653266331658324,0.4078947368421053,0.0971726361856502,0.1775740371336505,0.3744493392070485,0.42211055276381915,0.10130854775128784,0.1867182322295955,0.38888888888888884,0.4078947368421053,0.0971726361856502,0.1775740371336505,0.3744493392070485,17.0,-3.0,-3.0,28.0,-3.0,-3.0,33.0,-2.0,-2.0,0.00034176221993084216,7.436693812756038e-05,0.00013223428505824546,0.00010774192953277861,8.600569800343294e-06,-2.5414557059733056e-05,0.9517543859649122,0.5436713331916359,217,-0.21507573127746582
169,0,test,2.587876219886573,1.24520461607997,1.6916279436182022,4.692682212060985,2.2579710371583452,3.0674853377610063,13.301492139658928,9.47223202183243,10.851099491504748,24.120039079914854,17.17631406625614,19.676660411261942,2.4880274126971105,1.1420774912949807,1.5893177082370564,4.327004195994975,1.9862217239912714,2.764030796934012,12.037507650710813,8.195673402327031,9.581076107907958,20.934795914279675,14.253345047525274,16.66274105723123,2.587876219886573,1.24520461607997,1.6916279436182022,4.692682212060985,2.2579710371583452,3.0674853377610063,13.301492139658928,9.47223202183243,10.851099491504748,24.120039079914854,17.17631406625614,19.676660411261942,0.5979899497487438,-0.0020100502512562235,-0.0020100502512562235,0.42211055276381915,-0.0028894472361808976,-0.0028894472361808976,0.33668341708542715,-0.0033165829145728187,-0.0033165829145728187,0.4022140221402214,0.11940441031027682,0.19382931190594277,0.39629629629629626,0.3869346733668342,0.10481880434920199,0.17348929521557366,0.3737373737373737,0.4022140221402214,0.11940441031027682,0.19382931190594277,0.39629629629629626,15.0,-5.0,-5.0,27.0,-13.0,-13.0,34.0,-10.0,-10.0,-0.00019420213455227786,-0.0002302969663702285,-3.2599974379257635e-05,-0.00019024471046957814,0.00021210453193631906,5.782182176528039e-05,0.03690036900369004,0.6185799641860618,10,-0.22207880020141602
916,0,test,3.184275237410044,1.5622513924404682,2.100493933397952,5.328787131992319,2.6143798812269057,3.515112296706777,24.149779205081146,19.086451861515684,21.193943846958245,40.41391622074804,31.940592911107878,35.46741623368523,3.346837042624964,1.6236220902231477,2.1916439162786023,5.354939268199942,2.5977953443570363,3.5066302660457636,28.412723136919258,22.81021178787381,25.23808667264993,45.46035701907081,36.4963388605981,40.38093867623989,3.184275237410044,1.5622513924404682,2.100493933397952,5.328787131992319,2.6143798812269057,3.515112296706777,24.149779205081146,19.086451861515684,21.193943846958245,40.41391622074804,31.940592911107878,35.46741623368523,0.7587939698492463,-0.001206030150753712,-0.001206030150753712,0.6030150753768844,-0.0019849246231156137,-0.0019849246231156137,0.4120603015075377,-0.0029396984924623393,-0.0029396984924623393,0.3795918367346939,0.05779957604222952,0.13400160606983635,0.34426229508196726,0.38190954773869346,0.048576214405360085,0.1298227363864397,0.3484848484848485,0.3795918367346939,0.05779957604222952,0.13400160606983635,0.34426229508196726,21.0,0.0,0.0,30.0,0.0,0.0,35.0,0.0,0.0,4.925999585722191e-05,0.00048338355698213445,0.00017076175610173443,-1.0066742095027337e-05,-8.484196204427974e-05,-0.00010243434826673337,0.07346938775510205,0.19032014637744038,18,-0.13277316093444824
780,0,test,2.50717489134582,1.1972770731187492,1.6303322818220773,4.07599192862069,1.9464504463567969,2.650481721324781,12.270216354191648,8.564421326034514,9.866916794916696,19.948071031960694,13.923445196711084,16.04095245021545,2.3688610749988364,1.1018616155406065,1.5216981831217755,3.730489881887931,1.735215142583632,2.3963750915303548,10.685215692020243,7.135031598550397,8.352197263958951,16.82711132601613,11.236270233937633,13.15306655741567,2.50717489134582,1.1972770731187492,1.6303322818220773,4.07599192862069,1.9464504463567969,2.650481721324781,12.270216354191648,8.564421326034514,9.866916794916696,19.948071031960694,13.923445196711084,16.04095245021545,0.6180904522613065,-0.0019095477386934512,-0.0019095477386934512,0.42713567839195976,-0.002864321608040288,-0.002864321608040288,0.27638190954773867,-0.0036180904522613577,-0.0036180904522613577,0.36823104693140796,0.07453735323771427,0.13653836986057966,0.322463768115942,0.3869346733668342,0.08618279366758608,0.15154235283261053,0.28787878787878785,0.36823104693140796,0.07453735323771427,0.13653836986057966,0.322463768115942,18.0,0.0,0.0,24.0,0.0,0.0,33.0,0.0,0.0,-0.0007728101061654674,0.00016749817815526384,8.413900142811701e-05,-0.00023182424163081805,0.0001888633816387042,3.6794479953528025e-05,0.9530685920577617,-0.5351641454863095,264,-0.3872494697570801
769,0,test,3.3877025906031926,1.6374244870984396,2.2171489066661287,4.852655062215384,2.345499940978846,3.175916001440671,29.59787566271959,23.8416723889856,26.374098564654098,42.39695703038212,34.151584773411805,37.77911416018019,3.3877025906031926,1.6374244870984396,2.2171489066661287,4.852655062215384,2.345499940978846,3.175916001440671,29.59787566271959,23.8416723889856,26.374098564654098,42.39695703038212,34.151584773411805,37.77911416018019,3.3877025906031926,1.6374244870984396,2.2171489066661287,4.852655062215384,2.345499940978846,3.175916001440671,29.59787566271959,23.8416723889856,26.374098564654098,42.39695703038212,34.151584773411805,37.77911416018019,0.7911392405063291,0.1511392405063291,0.1511392405063291,0.6329113924050633,0.12791139240506333,0.12791139240506333,0.49367088607594933,0.09867088607594932,0.09867088607594932,0.44303797468354433,0.09603482010941189,0.18883629401127544,0.33757961783439494,0.44303797468354433,0.09603482010941189,0.18883629401127544,0.33757961783439494,0.44303797468354433,0.09603482010941189,0.18883629401127544,0.33757961783439494,20.0,2.0,2.0,28.0,4.0,4.0,37.0,4.0,4.0,0.0004551547747845195,0.00020583497654788608,2.4160833301861964e-05,0.00013403704633230262,-0.00011416878352932258,-3.0905937593139754e-05,0.06962025316455696,0.20328744586298048,11,-0.5142381191253662
67,0,test,2.6636890269526248,1.308959802011712,1.752545179501832,3.775998730515259,1.855558400653965,2.484377232480619,14.349125892742876,10.473414524179248,11.861960047513811,20.34106857322891,14.846928281528822,16.815306001420673,2.6636890269526248,1.308959802011712,1.752545179501832,3.775998730515259,1.855558400653965,2.484377232480619,14.349125892742876,10.473414524179248,11.861960047513811,20.34106857322891,14.846928281528822,16.815306001420673,2.6636890269526248,1.308959802011712,1.752545179501832,3.775998730515259,1.855558400653965,2.484377232480619,14.349125892742876,10.473414524179248,11.861960047513811,20.34106857322891,14.846928281528822,16.815306001420673,0.6640625,0.22406250000000005,0.22406250000000005,0.484375,0.16937500000000005,0.16937500000000005,0.3515625,0.12656250000000002,0.12656250000000002,0.4140625,0.10277845330739299,0.17572053108808294,0.3228346456692913,0.4140625,0.10277845330739299,0.17572053108808294,0.3228346456692913,0.4140625,0.10277845330739299,0.17572053108808294,0.3228346456692913,15.0,2.0,2.0,23.0,3.0,3.0,29.0,3.0,3.0,0.00028776069756973697,0.00013415122634600013,0.00017116071901597993,6.0537997760512496e-05,-5.7660885422805563e-05,3.588304597812453e-05,0.078125,0.7731545737269021,10,-0.26148414611816406
204,0,test,2.044777686868498,0.9544688016328062,1.3141269740858892,3.6477824166975052,1.702725207851117,2.344337626610012,7.727440435456886,4.752247511643419,5.651009106888392,13.785372134858271,8.477774881882395,10.08112118451077,1.8770626098612593,0.8541360465905015,1.1886849671008863,3.2930922980022097,1.498484292264038,2.0854122229840115,6.534282906647092,3.752960325259021,4.543799269878927,11.46365422218788,6.584140921507054,7.971577666454258,2.044777686868498,0.9544688016328062,1.3141269740858892,3.6477824166975052,1.702725207851117,2.344337626610012,7.727440435456886,4.752247511643419,5.651009106888392,13.785372134858271,8.477774881882395,10.08112118451077,0.5276381909547738,-0.002361809045226204,-0.002361809045226204,0.3417085427135679,-0.003291457286432098,-0.003291457286432098,0.23115577889447236,-0.003844221105527623,-0.003844221105527623,0.375,0.0890381282495667,0.16137413394919164,0.372822299651568,0.3467336683417085,0.0710444452840644,0.1380525331163328,0.33333333333333337,0.375,0.0890381282495667,0.16137413394919164,0.372822299651568,15.0,-1.0,-1.0,24.0,-3.0,-3.0,31.0,-2.0,-2.0,-0.000392479079590642,-0.00011646637483445643,-2.7096417204251353e-05,-0.009659111465222026,-0.009341691695069265,-0.009774223447159613,0.034722222222222224,0.5654833937719805,10,-0.5036242008209229
728,0,test,2.6085519545182074,1.2563554430418977,1.7048313468414866,4.340949054083735,2.0907289052147613,2.837047584820184,13.5793730582967,9.713465335947195,11.110601683743399,22.597735318386874,16.164392696461743,18.48939822180199,2.624956496755169,1.2369589481793635,1.6981683658712965,4.1665976138970935,1.9634269018720052,2.6955053426528512,13.803973655359103,9.797155100545229,11.277591930349399,21.9110692942208,15.551039842135285,17.900939571983173,2.6085519545182074,1.2563554430418977,1.7048313468414866,4.340949054083735,2.0907289052147613,2.837047584820184,13.5793730582967,9.713465335947195,11.110601683743399,22.597735318386874,16.164392696461743,18.48939822180199,0.6532663316582914,-0.0017336683417086274,-0.0017336683417086274,0.44723618090452266,-0.0027638190954772934,-0.0027638190954772934,0.36180904522613067,-0.0031909547738693256,-0.0031909547738693256,0.3870967741935484,0.09744160177975525,0.16351331324408436,0.36111111111111116,0.3869346733668342,0.09119532499590688,0.15655070007801952,0.36363636363636365,0.3870967741935484,0.09744160177975525,0.16351331324408436,0.36111111111111116,20.0,-7.0,-7.0,33.0,-7.0,-7.0,39.0,-5.0,-5.0,8.807866624169145e-05,0.00011897490567880119,5.200487139896028e-05,0.00018397106999845647,6.90633845241706e-05,2.442177842798543e-05,0.9124423963133641,-0.3489431291045173,198,-0.3351755142211914
563,0,test,3.408251560657744,1.6449476973834762,2.2309221887861783,4.751889195147816,2.2934366934673465,3.110420359365345,30.212373549717384,24.380700899041948,26.966678974926154,42.123020814509815,33.99232336885656,37.5977735708105,3.408251560657744,1.6449476973834762,2.2309221887861783,4.751889195147816,2.2934366934673465,3.110420359365345,30.212373549717384,24.380700899041948,26.966678974926154,42.123020814509815,33.99232336885656,37.5977735708105,3.408251560657744,1.6449476973834762,2.2309221887861783,4.751889195147816,2.2934366934673465,3.110420359365345,30.212373549717384,24.380700899041948,26.966678974926154,42.123020814509815,33.99232336885656,37.5977735708105,0.7361111111111112,0.19111111111111123,0.19111111111111123,0.5416666666666667,0.14666666666666672,0.14666666666666672,0.45138888888888884,0.12138888888888888,0.12138888888888888,0.42361111111111116,0.12603325643983088,0.17937147977470558,0.36363636363636365,0.42361111111111116,0.12603325643983088,0.17937147977470558,0.36363636363636365,0.42361111111111116,0.12603325643983088,0.17937147977470558,0.36363636363636365,14.0,2.0,2.0,25.0,4.0,4.0,30.0,5.0,5.0,0.0001384508818609367,-1.0777407971231158e-05,0.00024038989575393167,-0.0001428652667341268,7.755143404786224e-06,6.110974449846651e-05,0.9097222222222222,0.6627814440398055,131,-0.596083402633667
959,0,test,4.356558793555655,2.1341912980621354,2.8707571241219734,5.650898724974364,2.7682626257472625,3.723663226216183,77.98829829339671,68.75914328910122,73.56979211872529,101.15873474288415,89.18758441122552,95.42748398008571,4.356558793555655,2.1341912980621354,2.8707571241219734,5.650898724974364,2.7682626257472625,3.723663226216183,77.98829829339671,68.75914328910122,73.56979211872529,101.15873474288415,89.18758441122552,95.42748398008571,4.356558793555655,2.1341912980621354,2.8707571241219734,5.650898724974364,2.7682626257472625,3.723663226216183,77.98829829339671,68.75914328910122,73.56979211872529,101.15873474288415,89.18758441122552,95.42748398008571,0.8426966292134832,0.0876966292134832,0.0876966292134832,0.6910112359550562,0.0710112359550562,0.0710112359550562,0.550561797752809,0.055561797752809006,0.055561797752809006,0.4325842696629213,0.08524533408869162,0.1751215830957571,0.44067796610169496,0.4325842696629213,0.08524533408869162,0.1751215830957571,0.44067796610169496,0.4325842696629213,0.08524533408869162,0.1751215830957571,0.44067796610169496,16.0,1.0,1.0,28.0,2.0,2.0,35.0,2.0,2.0,-0.0001179115365271788,9.501778724505254e-05,5.713335899536379e-05,-6.263726599531338e-05,-3.0112808140358993e-06,1.9189486478943252e-05,0.056179775280898875,-0.4301458604284963,10,-0.14583349227905273
719,0,test,3.0454073289469608,1.4644435598583732,1.989331202013373,4.936346520123178,2.373738580685467,3.2245368503223295,21.018590939960987,16.158953816896762,18.143523512703027,34.06935002032892,26.1922911541856,29.40911000751863,3.060863722133305,1.4661504274415311,1.989884780100864,4.6376723062625835,2.2214400415780777,3.014976939546764,21.3459862028366,16.41906990628833,18.427751317926425,32.34240333763121,24.87737864589141,27.920835330191554,3.0454073289469608,1.4644435598583732,1.989331202013373,4.936346520123178,2.373738580685467,3.2245368503223295,21.018590939960987,16.158953816896762,18.143523512703027,34.06935002032892,26.1922911541856,29.40911000751863,0.6834170854271358,-0.0015829145728643024,-0.0015829145728643024,0.5326633165829145,-0.0023366834170853723,-0.0023366834170853723,0.42713567839195976,-0.002864321608040288,-0.002864321608040288,0.4251012145748988,0.10590929538297966,0.1922613760823012,0.4349593495934959,0.42713567839195976,0.1188650017002304,0.1967517051031451,0.43939393939393945,0.4251012145748988,0.10590929538297966,0.1922613760823012,0.4349593495934959,23.0,-10.0,-10.0,34.0,-6.0,-6.0,41.0,-6.0,-6.0,5.035054646897444e-05,6.35496476748961e-05,4.715769349577593e-05,-2.39265858157367e-05,-9.583520108336074e-05,-0.00011149550017286458,0.9554655870445344,0.25932933874369307,236,-0.346799373626709
346,0,test,2.576922206309915,1.2162818767488424,1.6681938679144495,4.255312327524925,2.0084654675260487,2.7547148739903076,13.156582534042345,9.257893585567437,10.67541721035987,21.72567247397782,15.287705855114652,17.628484998686364,2.5005871796172174,1.1834933170585682,1.6212320783433407,4.000939487387548,1.8935893072937091,2.593971325349345,12.18964937339473,8.457091100674177,9.78030395189495,19.503438997431566,13.531345761078683,15.648486323031918,2.576922206309915,1.2162818767488424,1.6681938679144495,4.255312327524925,2.0084654675260487,2.7547148739903076,13.156582534042345,9.257893585567437,10.67541721035987,21.72567247397782,15.287705855114652,17.628484998686364,0.6482412060301508,-0.0017587939698492372,-0.0017587939698492372,0.457286432160804,-0.0027135678391959628,-0.0027135678391959628,0.3467336683417085,-0.003266331658291488,-0.003266331658291488,0.404,0.09999999999999998,0.17333333333333334,0.3775100401606426,0.4120603015075377,0.11809045226130654,0.1876046901172529,0.3484848484848485,0.404,0.09999999999999998,0.17333333333333334,0.3775100401606426,18.0,-4.0,-4.0,27.0,-4.0,-4.0,40.0,-9.0,-9.0,0.00027474506319748215,-0.00011780202184575996,1.1699370882303917e-05,-0.007058009914241659,-0.0053568182280789856,-0.005452849796579784,0.048,0.6054557554573996,12,-0.5725231170654297
358,0,test,3.2794049650166506,1.6137039079889894,2.1685810039484688,5.171369367910872,2.544686931828791,3.419685429303355,26.559963889272115,21.270583781926227,23.52310427133863,41.8830199792368,33.542074425345206,37.09412596634169,3.30471712495604,1.6020941543652423,2.167257890466798,4.721024464222914,2.288705934807489,3.0960827006668543,27.240834746489384,21.75251050495369,24.12200068265769,38.91547820927055,31.0750150070767,34.46000097522528,3.2794049650166506,1.6137039079889894,2.1685810039484688,5.171369367910872,2.544686931828791,3.419685429303355,26.559963889272115,21.270583781926227,23.52310427133863,41.8830199792368,33.542074425345206,37.09412596634169,0.6984924623115578,-0.0015075376884421399,-0.0015075376884421399,0.5678391959798995,-0.0021608040201005485,-0.0021608040201005485,0.4773869346733668,-0.0026130653266331905,-0.0026130653266331905,0.43356643356643354,0.12466591000622407,0.20449666612457307,0.39649122807017545,0.44723618090452266,0.1439780355411141,0.215182758533905,0.3939393939393939,0.43356643356643354,0.12466591000622407,0.20449666612457307,0.39649122807017545,26.0,0.0,0.0,37.0,0.0,0.0,44.0,1.0,1.0,-2.3409439026261802e-05,0.00023364420640539896,-2.9826029925226267e-05,-0.00029419353837489837,0.00015400165618917327,5.253467235455389e-06,0.951048951048951,-0.3387848393778793,272,-0.3947172164916992
434,0,test,2.617741418462436,1.232910009489811,1.6886616819276512,4.247655886561689,2.000570958794788,2.740092540486378,13.704735341294306,9.710582871512004,11.1725575069853,22.23787244059076,15.756794848113817,18.12905557737237,2.6776320419657664,1.2526460759852058,1.7228253382689491,4.119433910716563,1.9271478092080088,2.6505005204137677,14.550597265725557,10.39279777401789,11.952428947678367,22.385534254962394,15.988919652335216,18.388352227197487,2.617741418462436,1.232910009489811,1.6886616819276512,4.247655886561689,2.000570958794788,2.740092540486378,13.704735341294306,9.710582871512004,11.1725575069853,22.23787244059076,15.756794848113817,18.12905557737237,0.6482412060301508,-0.0017587939698492372,-0.0017587939698492372,0.4824120603015075,-0.0025879396984924696,-0.0025879396984924696,0.35678391959798994,-0.0032160804020100464,-0.0032160804020100464,0.3891050583657587,0.07260020399682665,0.15365874529978196,0.375,0.39698492462311563,0.08620798226722592,0.16159260408889198,0.38383838383838387,0.3891050583657587,0.07260020399682665,0.15365874529978196,0.375,21.0,0.0,0.0,31.0,0.0,0.0,39.0,0.0,0.0,0.0002738024992807194,-0.00014558863048124893,0.00012641917889837413,-9.322580442105988e-05,-0.00015080139628764755,0.00010688561932692409,0.038910505836575876,-0.6455673961543781,10,-0.4136359691619873
122,0,test,2.473352404796579,1.1912729599791447,1.6178073813669411,4.289450324402458,2.0659838746491457,2.8057079061468624,11.862146987460772,8.258020466562902,9.509490703454636,20.57211505517672,14.32160192802517,16.491983877319925,2.6761105729345394,1.2683373504777153,1.7364069254065675,4.387066513007442,2.0792415581601893,2.8465687301747007,14.528475815418036,10.441631045416202,11.969252941506623,23.81717346789842,17.117427943305252,19.62172613361742,2.473352404796579,1.1912729599791447,1.6178073813669411,4.289450324402458,2.0659838746491457,2.8057079061468624,11.862146987460772,8.258020466562902,9.509490703454636,20.57211505517672,14.32160192802517,16.491983877319925,0.6683417085427136,-0.0016582914572863539,-0.0016582914572863539,0.5025125628140703,-0.0024874371859296973,-0.0024874371859296973,0.37688442211055273,-0.003115577889447274,-0.003115577889447274,0.3927125506072875,0.07756103545577231,0.16391039717525524,0.30487804878048785,0.4170854271356784,0.10881475044394906,0.18503200476506076,0.3282828282828283,0.3927125506072875,0.07756103545577231,0.16391039717525524,0.30487804878048785,23.0,0.0,0.0,36.0,-1.0,-1.0,44.0,0.0,0.0,0.0004522646490096712,0.00021132718740467062,0.00017627137937110143,-2.39265858157367e-05,-9.583520108336074e-05,-0.00011149550017286458,0.04048582995951417,0.44093526885712914,10,-0.23634696006774902
407,0,test,2.7676167683410777,1.3496936075315487,1.8186524854344124,4.243679044789652,2.069530198215041,2.7886004776660984,15.920646172876785,11.792108950424712,13.337613190873995,24.411657465077734,18.08123372398456,20.451006892673455,2.806933579126656,1.353670356172351,1.837549989708965,4.158420117224675,2.005437564699779,2.722296281050318,16.559063230104325,12.282014498931037,13.922744326574087,24.53194552608048,18.19557703545339,20.62628789122087,2.7676167683410777,1.3496936075315487,1.8186524854344124,4.243679044789652,2.069530198215041,2.7886004776660984,15.920646172876785,11.792108950424712,13.337613190873995,24.411657465077734,18.08123372398456,20.451006892673455,0.6633165829145728,-0.0016834170854271857,-0.0016834170854271857,0.48743718592964824,-0.002562814070351749,-0.002562814070351749,0.3517587939698492,-0.0032412060301507672,-0.0032412060301507672,0.3854545454545455,0.08599901006434585,0.15449928547872926,0.35036496350364965,0.38190954773869346,0.0836639337036057,0.1548644726134848,0.33838383838383834,0.3854545454545455,0.08599901006434585,0.15449928547872926,0.35036496350364965,22.0,1.0,1.0,34.0,0.0,0.0,41.0,0.0,0.0,-0.00026614098763809847,-0.00010964454571350266,0.00011705898505466814,-0.0002179643979092205,0.00019661043173790915,4.380359388900246e-05,0.06181818181818182,0.34510139195946815,17,-0.3787524700164795
608,0,test,2.382199417780325,1.1480962505753065,1.5567887981952164,4.123573261186995,1.9873478957326944,2.69479230564786,10.828693512602237,7.393397260169815,8.545875569941291,18.744405144621414,12.79792742111266,14.792860635687846,2.2258966459128384,1.0349749981968162,1.4311399373301577,3.347213001372689,1.5563533807470917,2.152090131323545,9.261783622333859,5.971671487554468,7.0478813144866095,13.927494168923095,8.979957124142057,10.598317766145277,2.382199417780325,1.1480962505753065,1.5567887981952164,4.123573261186995,1.9873478957326944,2.69479230564786,10.828693512602237,7.393397260169815,8.545875569941291,18.744405144621414,12.79792742111266,14.792860635687846,0.5527638190954773,-0.0022361809045226,-0.0022361809045226,0.4170854271356784,-0.0029145728643216184,-0.0029145728643216184,0.3065326633165829,-0.0034673366834171437,-0.0034673366834171437,0.4,0.10389170896785116,0.18692220969560314,0.3843537414965986,0.3869346733668342,0.10873918464502963,0.1815924363050646,0.3484848484848485,0.4,0.10389170896785116,0.18692220969560314,0.3843537414965986,18.0,0.0,0.0,26.0,-1.0,-1.0,36.0,-3.0,-3.0,-0.0006706750500462616,-2.7463180490293793e-05,-0.00012571968319661773,-0.005032091876683076,-0.005125353237687591,-0.004214488031251129,0.04067796610169491,0.3706023889306261,12,-0.535891056060791
960,0,test,2.299658841341057,1.1110426845718218,1.5051069633011447,4.385395929999224,2.118732561276497,2.8702039765277636,9.97078025648209,6.688244708211568,7.757331377006619,19.01404607050073,12.75432711798485,14.793050532896341,2.4119733084633332,1.1442326914561336,1.5653632024080226,4.2689793070147495,2.0251906043471393,2.770554340545173,11.155953576612491,7.603137262076775,8.82422445167304,19.745050578075208,13.456880109870399,15.618096374642548,2.299658841341057,1.1110426845718218,1.5051069633011447,4.385395929999224,2.118732561276497,2.8702039765277636,9.97078025648209,6.688244708211568,7.757331377006619,19.01404607050073,12.75432711798485,14.793050532896341,0.6582914572864322,-0.0017085427135676845,-0.0017085427135676845,0.49246231155778897,-0.002537688442211028,-0.002537688442211028,0.31658291457286436,-0.003417085427135591,-0.003417085427135591,0.4040816326530612,0.10204081632653061,0.17278911564625843,0.36475409836065575,0.3919597989949749,0.085427135678392,0.16080402010050254,0.3737373737373737,0.4040816326530612,0.10204081632653061,0.17278911564625843,0.36475409836065575,19.0,-2.0,-2.0,29.0,-3.0,-3.0,40.0,-5.0,-5.0,0.0002662861377782827,0.00020813723407466585,0.00016961200285932451,-0.004685595783658236,-0.005329335130476842,-0.00568670166295604,0.04081632653061224,0.2911344246506657,10,-0.49876976013183594
735,0,test,2.560483520370278,1.2277905462160965,1.6708499257003009,4.27685159446464,2.0508149782950182,2.7908702055653376,12.942073559110051,9.15083419683639,10.507835988862102,21.617529461370633,15.2849098672432,17.55155022315428,2.6396361584210624,1.2413241406282276,1.7065555917306199,4.029978867818416,1.8951513597377523,2.6054283843215575,14.008105949033332,9.959745313620374,11.46577700839961,21.386421296234094,15.205718036061636,17.505003066258944,2.589112795643309,1.2409178997025303,1.6892668259077386,4.315187992738848,2.068196499504217,2.815444709846231,13.31795061634663,9.467481859394002,10.858726329331343,22.196584360577717,15.779136432323336,18.097877215552238,0.5979899497487438,-0.0020100502512562235,-0.0020100502512562235,0.4623115577889447,-0.002688442211055242,-0.002688442211055242,0.3316582914572864,-0.0033417085427135396,-0.0033417085427135396,0.38613861386138615,0.10277782308708627,0.1742835095803763,0.3509933774834437,0.3919597989949749,0.1012329819523684,0.17827031652419023,0.3484848484848485,0.3913043478260869,0.10582855483777309,0.17884606084054744,0.3557046979865772,24.0,0.0,0.0,33.0,0.0,0.0,42.0,0.0,0.0,0.0004965630124283578,0.0002661784426078257,7.474197545819121e-05,0.0004912393671849813,8.815173034548707e-05,-5.432400123339676e-05,0.0429042904290429,0.6477171144823519,13,-0.639101505279541
558,0,test,2.4042309677892013,1.155436622014129,1.5687949531812613,4.318711182880603,2.075506524729084,2.8180205640478215,11.069913887564951,7.583776541070464,8.76409468756981,19.884845316551857,13.622709712663614,15.742910827671697,2.253648397036881,1.0643006178642915,1.4566954512913046,4.060627742408794,1.9176587709266517,2.6246764888131615,9.522414085214525,6.2374760816591905,7.303644179600761,17.157502856242385,11.23869564262917,13.159719242523892,2.4042309677892013,1.155436622014129,1.5687949531812613,4.318711182880603,2.075506524729084,2.8180205640478215,11.069913887564951,7.583776541070464,8.76409468756981,19.884845316551857,13.622709712663614,15.742910827671697,0.5477386934673367,-0.002261306532663321,-0.002261306532663321,0.3919597989949749,-0.0030402010050251116,-0.0030402010050251116,0.29145728643216084,-0.0035427135678391952,-0.0035427135678391952,0.3620689655172413,0.08103448275862069,0.1459770114942528,0.3633217993079585,0.3467336683417085,0.07537688442211055,0.14070351758793964,0.3282828282828283,0.3620689655172413,0.08103448275862069,0.1459770114942528,0.3633217993079585,19.0,0.0,0.0,27.0,0.0,0.0,34.0,0.0,0.0,-0.00047484234018175956,7.679732885168071e-05,4.844687288715419e-05,-0.01014682726223537,-0.009248904446573114,-0.010007200615889111,0.03793103448275862,0.5675285710213375,11,-0.44527602195739746
136,0,test,3.114385320851895,1.4726398874969147,2.0147961230577485,4.706182262620641,2.225322496662004,3.0445808081761525,22.519583779757113,17.355408405425546,19.51665162038557,34.029593267188524,26.22595047930971,29.491829115249303,3.12292281009977,1.4453866406755889,2.0001657655452636,4.69612452646582,2.173513745376826,3.007768068489118,22.71266753659143,17.360315113994787,19.63935173456445,34.154387273069815,26.105737013525996,29.532859751224734,3.114385320851895,1.4726398874969147,2.0147961230577485,4.706182262620641,2.225322496662004,3.0445808081761525,22.519583779757113,17.355408405425546,19.51665162038557,34.029593267188524,26.22595047930971,29.491829115249303,0.6633165829145728,-0.0016834170854271857,-0.0016834170854271857,0.5025125628140703,-0.0024874371859296973,-0.0024874371859296973,0.40703517587939697,-0.00296482412060306,-0.00296482412060306,0.40394088669950734,0.10764459040321106,0.17824072195486151,0.37623762376237624,0.40703517587939697,0.11232484842347756,0.180144419576876,0.3787878787878788,0.40394088669950734,0.10764459040321106,0.17824072195486151,0.37623762376237624,22.0,-6.0,-6.0,35.0,-6.0,-6.0,42.0,-5.0,-5.0,0.0007359310463173669,0.0003424048609648102,0.00023172413616348461,0.0002809899760443102,0.0001460160578075076,8.784984177356847e-05,0.9359605911330049,0.31596319193607914,190,-0.33324503898620605
887,0,test,2.611273123257037,1.2464433447553769,1.6992723308916746,4.167993639044886,1.9895153387441593,2.712300066615558,13.616375145384545,9.701318576910296,11.127077022540977,21.733829558979178,15.484796959299125,17.76052678597887,2.70992676455682,1.2667120550372006,1.7409904327485073,4.0750778414388265,1.9048301579506774,2.6180307259376043,15.028174879525645,10.793888919028715,12.393034826041278,22.598759217331796,16.23141190831386,18.636142595550794,2.611273123257037,1.2464433447553769,1.6992723308916746,4.167993639044886,1.9895153387441593,2.712300066615558,13.616375145384545,9.701318576910296,11.127077022540977,21.733829558979178,15.484796959299125,17.76052678597887,0.7035175879396984,-0.001482412060301641,-0.001482412060301641,0.48743718592964824,-0.002562814070351749,-0.002562814070351749,0.3517587939698492,-0.0032412060301507672,-0.0032412060301507672,0.3790322580645161,0.07319724800415395,0.14578829023609785,0.3481781376518218,0.3919597989949749,0.086195387967406,0.14988968213353915,0.35858585858585856,0.3790322580645161,0.07319724800415395,0.14578829023609785,0.3481781376518218,14.0,-3.0,-3.0,23.0,-9.0,-9.0,32.0,-16.0,-16.0,0.00015485039540770088,0.00019017282481837816,0.00010469080115010855,-3.085650767697956e-05,-0.00010133182060556578,-0.00011602607612637428,0.04032258064516129,-0.6266027860916595,10,-0.23459339141845703
506,0,test,2.4605676144506736,1.1897731959779736,1.611474556492058,5.117980638057401,2.474728247634185,3.351867077503481,11.711457246074337,8.147774752738828,9.373931356300098,24.35983107183462,16.94737148569676,19.4977772211042,2.859867042725281,1.3653745908415413,1.861707487271413,5.061711580044745,2.416592196179719,3.295057499595422,17.459205453878496,13.002131654621103,14.745921871477286,30.901248590935396,23.01262239755948,26.098976763676617,2.4988072843307996,1.2052915642134614,1.6350492533905154,5.1699461055119995,2.4937066845795757,3.3828605242562393,12.167972371051862,8.522391477045277,9.795914138200065,25.175115250452127,17.6325340904385,20.267408561793236,0.6834170854271358,-0.0015829145728643024,-0.0015829145728643024,0.5125628140703518,-0.0024371859296482556,-0.0024371859296482556,0.3919597989949749,-0.0030402010050251116,-0.0030402010050251116,0.3890675241157556,0.09532755621848432,0.16767714978420478,0.3032258064516129,0.42211055276381915,0.12135867306457104,0.1883876813113985,0.35858585858585856,0.38795986622073575,0.09079792965980082,0.1643781087123931,0.3087248322147651,15.0,0.0,0.0,27.0,0.0,0.0,38.0,0.0,0.0,0.0017486823238026259,0.00025760793100464466,0.0003879865564823929,-0.012111549258730925,-0.011178947160023434,-0.012646961914286159,0.9646302250803859,-0.24018531352293102,300,-0.27770042419433594
699,0,test,2.7822606381451234,1.3606284331571978,1.8343935421827813,4.552790135146565,2.226482890620869,3.001734887208187,16.155501440705265,12.011622857999093,13.57530097458321,26.43627508479043,19.65538285854397,22.214128867499795,2.8082742000960432,1.3780831114772831,1.8544905289099816,4.493238720153669,2.2049329783636527,2.9671848462559702,16.581277544664893,12.40177977458768,13.985765878123349,26.530044071463827,19.842847639340285,22.377225404997354,2.7822606381451234,1.3606284331571978,1.8343935421827813,4.552790135146565,2.226482890620869,3.001734887208187,16.155501440705265,12.011622857999093,13.57530097458321,26.43627508479043,19.65538285854397,22.214128867499795,0.6733668341708543,-0.001633165829145744,-0.001633165829145744,0.5125628140703518,-0.0024371859296482556,-0.0024371859296482556,0.3668341708542714,0.0018341708542713997,0.0018341708542713997,0.3906976744186047,0.08675335887336111,0.1588584163042307,0.3551401869158879,0.3919597989949749,0.08870165363156635,0.15990637662435725,0.3535353535353535,0.3906976744186047,0.08675335887336111,0.1588584163042307,0.3551401869158879,24.0,0.0,0.0,33.0,0.0,0.0,44.0,0.0,0.0,0.0007260212794654073,0.0003284832610552812,0.00016310613732676155,0.00019783091371916584,8.005662356502796e-05,3.348293033322847e-05,0.046511627906976744,-0.25830537161269523,10,-0.7029249668121338
224,0,test,2.6689716299756014,1.2799219811522535,1.7413591525809684,4.066151409425916,1.9499482531648424,2.6529431384958375,14.425127194173017,10.414090846184205,11.896661996569756,21.97653606092131,15.865762564320905,18.124444786720368,2.630883798606365,1.2485700451181394,1.707495762992282,4.078889610242426,1.9357675118110684,2.647280252701212,13.886036940631719,9.901927722691447,11.368230567407,21.528739442839875,15.351825926653408,17.62516367039845,2.6689716299756014,1.2799219811522535,1.7413591525809684,4.066151409425916,1.9499482531648424,2.6529431384958375,14.425127194173017,10.414090846184205,11.896661996569756,21.97653606092131,15.865762564320905,18.124444786720368,0.5577889447236181,-0.00221105527638199,-0.00221105527638199,0.4371859296482412,-0.002814070351758735,-0.002814070351758735,0.35678391959798994,-0.0032160804020100464,-0.0032160804020100464,0.3849557522123894,0.12226259547949758,0.1878969286829777,0.39555555555555555,0.37688442211055273,0.11372652737371058,0.18155887953960115,0.38888888888888884,0.3849557522123894,0.12226259547949758,0.1878969286829777,0.39555555555555555,20.0,-5.0,-5.0,26.0,-3.0,-3.0,36.0,-5.0,-5.0,-0.0006043857053303961,-1.0357813067253128e-05,1.8453197360461986e-05,-0.00689169178959137,-0.006973063749401653,-0.006996687548765479,0.04424778761061947,1.051616144864758,10,-1.1309773921966553
588,0,test,2.1992016570425936,1.0546298429758416,1.4160061149608913,4.029950680444544,1.9325677750866213,2.5947756033314766,9.017811318753989,5.876715223068372,6.829356916917577,16.52478513907799,10.768849885203824,12.514528381786137,1.720199882715207,0.7721953463204381,1.0847011226142285,2.843305591264805,1.2763559443313028,1.7928944175441797,5.585644826555689,3.0050897121948763,3.697681278994743,9.232470787695354,4.96709043337996,6.111869882635938,2.2134819046165335,1.056487420164613,1.441902344063652,3.7516642451127686,1.7906566443468017,2.4439022780739865,9.147511770144384,5.967151494979129,6.984331339041507,15.504257237532855,10.113816093184965,11.837849727188996,0.42211055276381915,-0.0028894472361808976,-0.0028894472361808976,0.321608040201005,-0.0033919597989949812,-0.0033919597989949812,0.2361809045226131,-0.0038190954773869024,-0.0038190954773869024,0.38108882521489973,0.12500871076568654,0.18558540390502676,0.36494252873563215,0.3417085427135679,0.111132101610811,0.16641638912425238,0.2828282828282829,0.38795986622073575,0.135873054868482,0.19774852028080248,0.3691275167785235,16.0,-2.0,-2.0,25.0,-8.0,-8.0,33.0,-9.0,-9.0,-0.00024785703751954496,-0.00044986888349537806,-0.00029663072106549836,-0.047160187419439836,-0.04276837936324984,-0.042568842655962946,0.9684813753581661,0.5784828540321423,338,-1.1757874488830566
230,0,test,3.1459283322923715,1.5249286118341268,2.0617566050412535,5.64269684998473,2.7351894148770843,3.69807137094701,23.24124105630938,18.183096536004193,20.284251446063166,41.68667046607873,32.61412553283292,36.38286370484346,3.179037506874632,1.5332397548078813,2.079207949803374,5.577258783990583,2.6898943066804937,3.6477332452690767,24.02361985188282,18.838475134515697,21.019965823157712,42.146701494531264,33.04995637634333,36.87713302308371,3.1459283322923715,1.5249286118341268,2.0617566050412535,5.64269684998473,2.7351894148770843,3.69807137094701,23.24124105630938,18.183096536004193,20.284251446063166,41.68667046607873,32.61412553283292,36.38286370484346,0.8040201005025126,-0.0009798994974873354,-0.0009798994974873354,0.5979899497487438,-0.0020100502512562235,-0.0020100502512562235,0.40703517587939697,-0.00296482412060306,-0.00296482412060306,0.3911111111111111,0.06516876077851685,0.1267093385852618,0.3482142857142857,0.3869346733668342,0.05610760569766127,0.11982282027835334,0.3434343434343434,0.3911111111111111,0.06516876077851685,0.1267093385852618,0.3482142857142857,20.0,0.0,0.0,36.0,0.0,0.0,44.0,1.0,1.0,0.00029077215114768797,0.00025408105320550903,6.627559766569826e-05,0.00012853169511384266,2.5090428362517514e-05,-1.1822829200092144e-05,0.9511111111111111,0.3714731745465914,214,-0.19963622093200684
885,0,test,2.199398036666189,1.0681465190454746,1.4423596844173812,3.760261159461549,1.826185984174521,2.4659697830361678,9.019582407043556,5.92004921289182,6.887629638965178,15.420576373332532,10.121374460750532,11.775624866617886,2.2391770759958076,1.0632932862506383,1.4522678698472093,3.701119133877368,1.757509564050642,2.400442760078032,9.3856044693751,6.144598423006014,7.189007773549977,15.513395817148925,10.156361029762008,11.88265747694211,2.199398036666189,1.0681465190454746,1.4423596844173812,3.760261159461549,1.826185984174521,2.4659697830361678,9.019582407043556,5.92004921289182,6.887629638965178,15.420576373332532,10.121374460750532,11.775624866617886,0.542713567839196,-0.0022864321608039306,-0.0022864321608039306,0.4170854271356784,-0.0029145728643216184,-0.0029145728643216184,0.31155778894472363,-0.003442211055276312,-0.003442211055276312,0.37914691943127965,0.11673557191354911,0.18702093517931118,0.3285714285714286,0.38190954773869346,0.11875165300185131,0.17990620884052988,0.33333333333333337,0.37914691943127965,0.11673557191354911,0.18702093517931118,0.3285714285714286,14.0,0.0,0.0,25.0,0.0,0.0,34.0,0.0,0.0,0.0005286912625573143,0.0002517901766814345,0.00012901880033646757,0.00022555060116058456,0.0001020431016458545,5.1605234147267254e-05,0.052132701421800945,0.489741359395969,11,-0.6063060760498047
384,0,test,2.54962209659113,1.2133496063548719,1.653693657145873,4.4482768493717595,2.116907823853181,2.8851676571481195,12.802264848868187,8.997430366867528,10.35265580119515,22.335866332067905,15.697644469853989,18.06208033400005,2.507146109642441,1.1783092306356113,1.618776626213891,4.043784047810389,1.9004987590896958,2.6109300422804695,12.26986320154634,8.493215068315923,9.838700834266415,19.790101937977965,13.69873398115471,15.868872313332925,2.54962209659113,1.2133496063548719,1.653693657145873,4.4482768493717595,2.116907823853181,2.8851676571481195,12.802264848868187,8.997430366867528,10.35265580119515,22.335866332067905,15.697644469853989,18.06208033400005,0.6432160804020101,-0.001783919597989958,-0.001783919597989958,0.457286432160804,-0.0027135678391959628,-0.0027135678391959628,0.3266331658291457,-0.0033668341708542604,-0.0033668341708542604,0.39591836734693875,0.09652936531027889,0.157112397197685,0.38524590163934425,0.39698492462311563,0.10124557625218833,0.16660095133430097,0.3737373737373737,0.39591836734693875,0.09652936531027889,0.157112397197685,0.38524590163934425,21.0,-6.0,-6.0,32.0,-11.0,-11.0,42.0,-12.0,-12.0,0.00016076100745446013,-9.928319732347094e-05,-0.00029451957725802174,-0.007023360304938997,-0.007077499520286246,-0.00568670166295604,0.04897959183673469,0.5547617873724523,12,-0.4619865417480469
158,0,test,2.371183019292995,1.1457506272069586,1.5529853570101313,4.636509653796124,2.240351672842178,3.0366410105823096,10.710054994206239,7.304416658669387,8.44364367861235,20.941982533313986,14.282743287933894,16.51033897871522,2.248181327458229,1.069559350572605,1.4618013448535176,4.408198681290646,2.097175197201187,2.866277146771604,9.47049643287595,6.22060374433633,7.2750619201842195,18.569600848776375,12.197262243796725,14.264827294478863,2.371183019292995,1.1457506272069586,1.5529853570101313,4.636509653796124,2.240351672842178,3.0366410105823096,10.710054994206239,7.304416658669387,8.44364367861235,20.941982533313986,14.282743287933894,16.51033897871522,0.5175879396984925,-0.002412060301507535,-0.002412060301507535,0.4120603015075377,-0.0029396984924623393,-0.0029396984924623393,0.31155778894472363,-0.003442211055276312,-0.003442211055276312,0.3807339449541285,0.11528772069783555,0.18408760349071385,0.3640552995391705,0.39698492462311563,0.14134582687875474,0.20666772929757304,0.3484848484848485,0.3807339449541285,0.11528772069783555,0.18408760349071385,0.3640552995391705,19.0,-5.0,-5.0,27.0,-4.0,-4.0,37.0,-6.0,-6.0,0.0005181712943984565,0.00013812147578781177,1.6674148637031885e-05,0.0001770411481381018,6.356676500196556e-05,1.9891202473587555e-05,0.908256880733945,0.29818443274051265,198,-0.3812832832336426
630,0,test,2.293517556704768,1.0679055377711866,1.475879366226264,3.865001808520998,1.7996185914292218,2.4871300430850005,9.909734498432684,6.503484363871621,7.644590821429862,16.699737765877302,10.959575502079955,12.88255119907625,2.371340629598623,1.1060291593140692,1.5262460055028735,3.7640327453946396,1.755601840181062,2.422612707147418,10.71174314227844,7.1675466661845615,8.383545034490218,17.00276689250546,11.377058200292954,13.307214340460662,2.293517556704768,1.0679055377711866,1.475879366226264,3.865001808520998,1.7996185914292218,2.4871300430850005,9.909734498432684,6.503484363871621,7.644590821429862,16.699737765877302,10.959575502079955,12.88255119907625,0.5376884422110553,-0.0023115577889447625,-0.0023115577889447625,0.4120603015075377,-0.0029396984924623393,-0.0029396984924623393,0.27638190954773867,-0.0036180904522613577,-0.0036180904522613577,0.375,0.1158088235294118,0.17524509803921573,0.32472324723247237,0.35678391959798994,0.09798994974874375,0.16247906197654938,0.30808080808080807,0.375,0.1158088235294118,0.17524509803921573,0.32472324723247237,16.0,0.0,0.0,22.0,0.0,0.0,32.0,0.0,0.0,0.00023923548292247073,0.0002471278241218751,7.873361325297918e-05,-0.007096578523482222,-0.007540362601906381,-0.00820238518528793,0.03676470588235294,0.5354406919504977,10,-0.5095052719116211
480,0,test,2.480216075013139,1.1976931395370378,1.6216852227033276,3.8534430543989444,1.8608226744219516,2.5195674364034755,11.943844905494496,8.338119633662608,9.58415349479484,18.556821180853028,12.954705645520999,14.890633960839438,2.2970327172215503,1.1184525431564019,1.5092372142283745,3.4803526018508335,1.6946250653884873,2.2867230518611734,9.94463010176503,6.694873265066518,7.7460857062270305,15.067621366310652,10.143747371312907,11.73649349428338,2.480216075013139,1.1976931395370378,1.6216852227033276,3.8534430543989444,1.8608226744219516,2.5195674364034755,11.943844905494496,8.338119633662608,9.58415349479484,18.556821180853028,12.954705645520999,14.890633960839438,0.5728643216080402,-0.0021356783919597166,-0.0021356783919597166,0.40201005025125625,-0.002989949748743781,-0.002989949748743781,0.3065326633165829,-0.0034673366834171437,-0.0034673366834171437,0.3905109489051095,0.11364391793971784,0.1672099780313231,0.3626373626373627,0.3668341708542714,0.09365121346078764,0.14980579021988072,0.297979797979798,0.3905109489051095,0.11364391793971784,0.1672099780313231,0.3626373626373627,16.0,1.0,1.0,27.0,1.0,1.0,34.0,0.0,0.0,-0.000641600619599323,-0.00016661204687265009,0.00016257716980287612,-0.013547439105312975,-0.014780543465972684,-0.015918093508539677,0.0364963503649635,0.5497933232484004,10,-0.5401523113250732
846,0,test,2.8648629727177046,1.3712653168414715,1.8626604170951921,5.244902980821644,2.510470349294386,3.4101013789896593,17.546648670266272,13.093561259081572,14.822373076504752,32.12386448864133,23.971289074318573,27.136344555447163,3.012985832318219,1.4392633621019946,1.962920636054216,5.239975360553425,2.5030667166991214,3.4137750192247243,20.348065222723015,15.52349108050171,17.490227790409698,35.38793951777916,26.99737579217689,30.417787461582087,2.8648629727177046,1.3712653168414715,1.8626604170951921,5.244902980821644,2.510470349294386,3.4101013789896593,17.546648670266272,13.093561259081572,14.822373076504752,32.12386448864133,23.971289074318573,27.136344555447163,0.7386934673366834,-0.0013065326633165952,-0.0013065326633165952,0.5477386934673367,-0.002261306532663321,-0.002261306532663321,0.42211055276381915,-0.0028894472361808976,-0.0028894472361808976,0.4092827004219409,0.08086164779036198,0.1638409051905244,0.3305084745762712,0.42211055276381915,0.09880228208712738,0.1733626395751714,0.33838383838383834,0.4092827004219409,0.08086164779036198,0.1638409051905244,0.3305084745762712,23.0,-11.0,-11.0,31.0,-7.0,-7.0,43.0,-14.0,-14.0,0.00043659200573428763,0.00038364087167881407,0.00023437792390726278,4.537263278781012e-05,-4.0869005880850295e-05,-6.618974063954397e-05,0.9535864978902954,-0.3559350973520765,226,-0.11317300796508789
679,0,test,2.4098492425171787,1.153015465824102,1.571489945992627,4.306357817989278,2.0604181696975084,2.8082246372175943,11.132282743628211,7.618005875455965,8.81971312217745,19.89319164837704,13.61324126856628,15.760670786376274,2.536073624943395,1.2113961211811444,1.652284794500635,4.240997070283492,2.0257800681936784,2.7630644882825743,12.629983436788828,8.86901117679182,10.209931913776881,21.120728604377955,14.831371631777918,17.073751687744533,2.4157177608573868,1.1554035494155868,1.5752439707652186,4.313781715816762,2.063220623956405,2.8129356620807475,11.197804819784821,7.671275430602343,8.880340111253625,19.996080035330035,13.69870612607561,15.857750198667187,0.5606060606060606,0.0006060606060604989,0.0006060606060604989,0.40909090909090906,-0.0009090909090909705,-0.0009090909090909705,0.3434343434343434,-0.001565656565656548,-0.001565656565656548,0.34219269102990035,0.0768527241973962,0.13887777390282852,0.32999999999999996,0.3535353535353535,0.0966084013942955,0.15387092400515212,0.3350253807106599,0.34448160535117056,0.07903920134449272,0.14203444183615388,0.33221476510067116,21.0,0.0,0.0,26.0,1.0,1.0,33.0,0.0,0.0,0.0010300844515324825,0.0004995041785571403,1.938138849570246e-05,-0.035919039466498326,-0.034261551225856834,-0.03267534469392075,0.9634551495016611,-0.5294889298869133,290,-0.39868974685668945
439,0,test,2.42383822746963,1.1814066394207572,1.595498115433584,3.906656907803992,1.9041495247134557,2.571567550757659,11.289106424052036,7.825080106736223,8.999591178401571,18.195383295236812,12.612187936739561,14.505223428717828,2.256502680611557,1.0759657232303375,1.4647532715305118,3.4715425855562416,1.6553318818928269,2.253466571585403,9.549632581503722,6.293510449124736,7.3423781398909345,14.691742433082648,9.682323767884208,11.295966369062974,2.42383822746963,1.1814066394207572,1.595498115433584,3.906656907803992,1.9041495247134557,2.571567550757659,11.289106424052036,7.825080106736223,8.999591178401571,18.195383295236812,12.612187936739561,14.505223428717828,0.5829145728643217,-0.002085427135678275,-0.002085427135678275,0.4170854271356784,-0.0029145728643216184,-0.0029145728643216184,0.31658291457286436,-0.003417085427135591,-0.003417085427135591,0.36996336996337,0.0829432602741561,0.15680868056020314,0.3713235294117647,0.3869346733668342,0.11124545030919009,0.1782535381414585,0.36363636363636365,0.36996336996337,0.0829432602741561,0.15680868056020314,0.3713235294117647,19.0,-8.0,-8.0,28.0,-11.0,-11.0,38.0,-16.0,-16.0,-0.00019499177192893423,-8.859285684834694e-05,0.00017587094113225785,-0.00020410455418851114,0.00020435748183800229,5.0812707827141423e-05,0.9597069597069597,-0.3709143286340016,262,-0.5432071685791016
81,0,test,2.856502958053013,1.364957917996231,1.8597944059725728,4.307915271874544,2.058504103356478,2.80477102306134,17.400569891218453,12.956613583170023,14.691220437541103,26.241940538648368,19.53997399840236,22.155948659859284,3.096801672118721,1.4754138101592105,2.0147947207044306,4.361692495941861,2.07804761994255,2.8377390432456773,22.127068368772417,17.06696019159579,19.176473054578313,31.164885026440025,24.03797210083914,27.009116978279316,2.856502958053013,1.364957917996231,1.8597944059725728,4.307915271874544,2.058504103356478,2.80477102306134,17.400569891218453,12.956613583170023,14.691220437541103,26.241940538648368,19.53997399840236,22.155948659859284,0.6783919597989949,-0.0016080402010050232,-0.0016080402010050232,0.507537688442211,-0.0024623115577889765,-0.0024623115577889765,0.42211055276381915,-0.0028894472361808976,-0.0028894472361808976,0.3920863309352518,0.10483318910401307,0.15763657016970156,0.3249097472924187,0.4170854271356784,0.13137114142139272,0.18837090292866676,0.3484848484848485,0.3920863309352518,0.10483318910401307,0.15763657016970156,0.3249097472924187,24.0,-3.0,-3.0,38.0,-7.0,-7.0,42.0,-3.0,-3.0,0.0005385184032131934,0.00053478262606642,0.00015071629309044128,-0.00023875416349117273,0.00018498985658865763,3.328992298534672e-05,0.07194244604316546,0.2486397471356451,20,-0.5086758136749268
149,0,test,2.8950764086265166,1.4016242420136333,1.8984565488579017,4.652203708659951,2.252321036299364,3.0506989629046046,18.084883229555086,13.632443647650227,15.375774063688326,29.061257444024935,21.906470138998632,24.707891269973146,3.1652097777760675,1.5121558051212738,2.0619696151919356,4.620744201132945,2.2075267228047792,3.0101746207181543,23.69371392614049,18.470807818119646,20.679798128951468,34.58936339582553,26.964682946160067,30.189486319637176,2.8950764086265166,1.4016242420136333,1.8984565488579017,4.652203708659951,2.252321036299364,3.0506989629046046,18.084883229555086,13.632443647650227,15.375774063688326,29.061257444024935,21.906470138998632,24.707891269973146,0.6834170854271358,-0.0015829145728643024,-0.0015829145728643024,0.5628140703517588,-0.0021859296482411583,-0.0021859296482411583,0.40703517587939697,-0.00296482412060306,-0.00296482412060306,0.39350180505415167,0.10341171496406154,0.171412969519938,0.3695652173913043,0.40201005025125625,0.09875190488784769,0.17830387328965358,0.3939393939393939,0.39350180505415167,0.10341171496406154,0.171412969519938,0.3695652173913043,26.0,-11.0,-11.0,38.0,-12.0,-12.0,43.0,-10.0,-10.0,0.0005046134254627458,0.0004590793186163969,0.00016218398906599492,-0.00489945543008119,-0.005049007951982709,-0.004772407759637609,0.036101083032490974,-0.8389091018354755,10,-0.49543309211730957
918,0,test,2.721298000947795,1.3223267477346659,1.7886616404984692,5.056900222233698,2.457237106026623,3.3238121823436115,15.200039111102898,11.149008773080372,12.658839238063571,28.245741970238456,20.717843074385573,23.523512284905536,2.6142098460717644,1.2825671665043392,1.7247467101983667,4.668231867985293,2.290298511614891,3.0799048396399398,13.656421438578244,9.869161904122219,11.222598770174267,24.386466854604006,17.623503400218247,20.04035494673976,2.721298000947795,1.3223267477346659,1.7886616404984692,5.056900222233698,2.457237106026623,3.3238121823436115,15.200039111102898,11.149008773080372,12.658839238063571,28.245741970238456,20.717843074385573,23.523512284905536,0.6532663316582914,-0.0017336683417086274,-0.0017336683417086274,0.4773869346733668,-0.0026130653266331905,-0.0026130653266331905,0.33668341708542715,-0.0033165829145728187,-0.0033165829145728187,0.4042553191489362,0.09427655057144146,0.17087483824370286,0.35470085470085466,0.3869346733668342,0.07615773101094447,0.15488125099621652,0.3232323232323232,0.4042553191489362,0.09427655057144146,0.17087483824370286,0.35470085470085466,22.0,0.0,0.0,27.0,0.0,0.0,36.0,0.0,0.0,1.5326644419007917e-05,9.558936420897145e-05,-4.824299335784152e-05,5.923247650940766e-05,-2.987576684176929e-05,-5.7128588733412755e-05,0.948936170212766,0.2831213840680599,223,-0.38778257369995117
884,0,test,3.059996319008561,1.4798643795585729,2.0004876609042928,5.092861006461801,2.4629910652793034,3.3294829601064455,21.327478655616062,16.47188224191974,18.442525512989505,35.49608335689946,27.414741073964322,30.694552951688827,3.200291146258952,1.5149032922273233,2.055703411617443,5.079827216284051,2.404608400360831,3.2630212882816556,24.539673791363775,19.145130969532133,21.398527687224867,38.95186316089488,30.389096777035135,33.965916963849,3.059996319008561,1.4798643795585729,2.0004876609042928,5.092861006461801,2.4629910652793034,3.3294829601064455,21.327478655616062,16.47188224191974,18.442525512989505,35.49608335689946,27.414741073964322,30.694552951688827,0.7386934673366834,-0.0013065326633165952,-0.0013065326633165952,0.5577889447236181,-0.00221105527638199,-0.00221105527638199,0.44723618090452266,-0.0027638190954772934,-0.0027638190954772934,0.4135021097046413,0.09771263602043079,0.16525526538486568,0.36016949152542377,0.4321608040201005,0.11386506467172952,0.18842123807686173,0.38383838383838387,0.4135021097046413,0.09771263602043079,0.16525526538486568,0.36016949152542377,22.0,-8.0,-8.0,32.0,-9.0,-9.0,45.0,-14.0,-14.0,0.0005013673804625334,0.00012416092497523964,0.00015821716333588824,4.537263278781012e-05,-4.0869005880850295e-05,-6.618974063954397e-05,0.04219409282700422,0.7431936261485428,10,-0.37169528007507324
306,0,test,2.965789745526937,1.4235250368455958,1.9075178380330724,5.07801073502417,2.4373526240624592,3.2660427373151633,19.410026171413858,14.73485999118763,16.528638790913682,33.233752127640315,25.22895539954565,28.300254710296112,3.2051395251152126,1.537027473702374,2.092386290989464,4.451582673771129,2.134760380142186,2.9060920708187004,24.658940317935315,19.356792159184366,21.616216113185715,34.248528219354604,26.88443355442273,30.022522379424604,3.0471351923568784,1.4801503560599343,2.0009971803019493,4.914734181220772,2.3873392839676364,3.227414806938628,21.054939587880266,16.262762398086096,18.208303400530873,33.95957998045204,26.23026193239693,29.368231291178823,0.6231155778894473,-0.0018844221105527303,-0.0018844221105527303,0.507537688442211,-0.0024623115577889765,-0.0024623115577889765,0.38190954773869346,-0.0030904522613065533,-0.0030904522613065533,0.37142857142857144,0.09610760138577545,0.1534422566680631,0.3553008595988538,0.37688442211055273,0.10370146471706898,0.16653383780337405,0.3737373737373737,0.3712374581939799,0.09243946153287808,0.1621162123652814,0.3657718120805369,21.0,-1.0,-1.0,33.0,-6.0,-6.0,39.0,-3.0,-3.0,0.00028940498741722535,0.0002775144900723733,0.0002547713917682886,0.0003056398190430798,-9.39039469933789e-05,0.00014316252583412847,0.96,0.3951495674109843,336,-0.6159403324127197
534,0,test,3.1980724407561105,1.5383758559468241,2.0907162004706037,5.15758503451419,2.4809645306888086,3.3717330631866957,24.48528783760265,19.227572505895,21.45894096271685,39.48783414272335,31.008628492165926,34.607193806924855,3.3318696178347493,1.568900626036891,2.1557445348172175,5.04828729974962,2.3771221606619557,3.2662795982079054,27.990624584432325,22.16090446764516,24.74883641075133,42.41003724913988,33.57712798128054,37.498236985986864,3.1980724407561105,1.5383758559468241,2.0907162004706037,5.15758503451419,2.4809645306888086,3.3717330631866957,24.48528783760265,19.227572505895,21.45894096271685,39.48783414272335,31.008628492165926,34.607193806924855,0.6582914572864322,-0.0017085427135676845,-0.0017085427135676845,0.5276381909547738,-0.002361809045226204,-0.002361809045226204,0.42713567839195976,-0.002864321608040288,-0.002864321608040288,0.3920863309352518,0.10303785696756773,0.16600977591132837,0.37545126353790614,0.3919597989949749,0.10373924761652875,0.17660086744238723,0.38888888888888884,0.3920863309352518,0.10303785696756773,0.16600977591132837,0.37545126353790614,28.0,-6.0,-6.0,38.0,-2.0,-2.0,47.0,-8.0,-8.0,0.0007807684195298421,0.00019821787006478827,4.535486234312057e-05,-0.00023875416349117273,0.00018498985658865763,3.328992298534672e-05,0.9568345323741008,-0.5164387745610447,266,-0.4952120780944824
718,0,test,2.1986676849739477,1.0272364484298209,1.4168082143943344,4.49803770666426,2.1015218944976493,2.898508408073906,9.012997344767662,5.786389971028905,6.8274649220699715,18.438803728226972,11.837805436914095,13.967638161181315,2.2080753301855673,1.0164884363434374,1.410895180711742,4.205857771782033,1.9361684501779761,2.68741939183189,9.098188521954674,5.8058869246381715,6.878914446273738,17.329882898961284,11.05883223740604,13.10269418337855,2.1986676849739477,1.0272364484298209,1.4168082143943344,4.49803770666426,2.1015218944976493,2.898508408073906,9.012997344767662,5.786389971028905,6.8274649220699715,18.438803728226972,11.837805436914095,13.967638161181315,0.5527638190954773,-0.0022361809045226,-0.0022361809045226,0.4120603015075377,-0.0029396984924623393,-0.0029396984924623393,0.29145728643216084,-0.0035427135678391952,-0.0035427135678391952,0.3595505617977528,0.0885225244145752,0.15531643975541154,0.3270676691729323,0.3467336683417085,0.07355071094822474,0.1380525331163328,0.31818181818181823,0.3595505617977528,0.0885225244145752,0.15531643975541154,0.3270676691729323,18.0,0.0,0.0,26.0,0.0,0.0,33.0,1.0,1.0,0.00046440078581799955,0.00021198160195633078,0.00014461760611864425,-0.004838054064588704,-0.005016894536295169,-0.004742215068093358,0.0449438202247191,0.4435048952585264,12,-0.35382843017578125
318,0,test,3.017075192637404,1.457604361988678,1.9738735368564098,4.6970375158105035,2.269224972641464,3.0729622107878196,20.43144616437676,15.67514247542449,17.59315645494223,31.80804686954109,24.403346808331307,27.38934584462597,3.231751324618282,1.5456066916124396,2.104483633842661,4.58404443208267,2.192349917180765,2.9850831685711507,25.32396864729685,19.925341803726177,22.236758893167,35.92052290396717,28.262896175498124,31.541501976123406,3.017075192637404,1.457604361988678,1.9738735368564098,4.6970375158105035,2.269224972641464,3.0729622107878196,20.43144616437676,15.67514247542449,17.59315645494223,31.80804686954109,24.403346808331307,27.38934584462597,0.728643216080402,-0.001356783919598037,-0.001356783919598037,0.5728643216080402,-0.0021356783919597166,-0.0021356783919597166,0.4120603015075377,-0.0029396984924623393,-0.0029396984924623393,0.391941391941392,0.08663974660318363,0.15564419340302416,0.3529411764705882,0.3869346733668342,0.07365146534678402,0.13985620925998943,0.36363636363636365,0.391941391941392,0.08663974660318363,0.15564419340302416,0.3529411764705882,23.0,0.0,0.0,32.0,0.0,0.0,41.0,0.0,0.0,0.00041137660198389776,0.00024300126352406592,5.9360315179633715e-05,-0.00020410455418851114,0.00020435748183800229,5.0812707827141423e-05,0.03663003663003663,0.35865111845687847,10,-0.44109678268432617
700,0,test,2.5230502845510285,1.2250005550899172,1.6563220100841325,4.70008224436363,2.282001034053217,3.085491287356726,12.466565298101987,8.804417778020118,10.087451000711892,23.223430212464272,16.40137254648319,18.79148014989758,2.5708999383345184,1.2048165831509454,1.6562058137586309,4.471130327538293,2.095333188088601,2.880357936971532,13.077588169742356,9.157620700193066,10.5815765032396,22.743631599551925,15.926296869900986,18.402741744764523,2.5510826709882743,1.2282774677181065,1.6677161873915654,4.69524417973302,2.260633376168294,3.0694162958126974,12.820977171174794,9.067039993441767,10.401947533480662,23.596890499094712,16.68780366891123,19.1446887119276,0.5678391959798995,-0.0021608040201005485,-0.0021608040201005485,0.4170854271356784,-0.0029145728643216184,-0.0029145728643216184,0.33668341708542715,-0.0033165829145728187,-0.0033165829145728187,0.3784615384615385,0.10657213753987949,0.1839886623100544,0.345679012345679,0.371859296482412,0.09617007342476791,0.17152540666605143,0.3282828282828283,0.37792642140468224,0.1074756701525954,0.18549038136018836,0.3489932885906041,14.0,-4.0,-4.0,24.0,-10.0,-10.0,31.0,-11.0,-11.0,0.0011811752402198894,-0.000511259237716412,0.00029014121740289294,-0.015262968456408288,-0.011959292474743144,-0.014636872281781343,0.03076923076923077,-0.22898988225207187,10,-0.1717822551727295
316,0,test,2.2581048210777968,1.087089920891428,1.4747840277965096,3.810551885568782,1.8344642415042847,2.4886980469066096,9.564944697104954,6.339680397723352,7.376216171562672,16.14084417636461,10.698210671158154,12.447364789512008,2.2896142890123206,1.0763200971243756,1.4789468629703093,3.5775223265817506,1.6817501517568367,2.310854473391108,9.871129543674355,6.506579653685234,7.621720743882364,15.42363991199118,10.16653070888318,11.908938662316194,2.2581048210777968,1.087089920891428,1.4747840277965096,3.810551885568782,1.8344642415042847,2.4886980469066096,9.564944697104954,6.339680397723352,7.376216171562672,16.14084417636461,10.698210671158154,12.447364789512008,0.542713567839196,-0.0022864321608039306,-0.0022864321608039306,0.40201005025125625,-0.002989949748743781,-0.002989949748743781,0.3015075376884422,-0.0034924623115578646,-0.0034924623115578646,0.37174721189591076,0.10458580187735789,0.1702638991641432,0.3470149253731343,0.3668341708542714,0.1111950731099105,0.1681697301197138,0.33838383838383834,0.37174721189591076,0.10458580187735789,0.1702638991641432,0.3470149253731343,18.0,-2.0,-2.0,29.0,-4.0,-4.0,35.0,-4.0,-4.0,-3.938772150850948e-05,0.00024630734694838633,0.0001254249345273036,-0.004851913908310301,-0.005024641586394374,-0.004123369550064204,0.03717472118959108,0.6108769819106882,10,-0.6919453144073486
9,0,test,2.4372689012636553,1.1722761349338626,1.5899734062046131,4.21411655186232,2.0269032526598396,2.749115308792492,11.441749484927426,7.898682378290113,9.108421670686608,19.783153948132583,13.657076628269358,15.74875488867104,2.586492930733246,1.2420194181052353,1.6865216376171026,4.041395204270697,1.9406553407894305,2.6351900587767236,13.283105050121787,9.446938734408697,10.823572545492231,20.754851640815293,14.76084177251359,16.911832102331612,2.4372689012636553,1.1722761349338626,1.5899734062046131,4.21411655186232,2.0269032526598396,2.749115308792492,11.441749484927426,7.898682378290113,9.108421670686608,19.783153948132583,13.657076628269358,15.74875488867104,0.6381909547738693,-0.0018090452261306789,-0.0018090452261306789,0.4723618090452262,-0.0026381909547738003,-0.0026381909547738003,0.3517587939698492,-0.0032412060301507672,-0.0032412060301507672,0.3932584269662921,0.08297805313451645,0.16909902472469807,0.3533834586466166,0.39698492462311563,0.09122051359554673,0.17160929857970997,0.36363636363636365,0.3932584269662921,0.08297805313451645,0.16909902472469807,0.3533834586466166,16.0,0.0,0.0,26.0,0.0,0.0,33.0,0.0,0.0,0.00015681198078717945,0.0004784700605147933,0.0001493899539117806,-0.00016252502302549487,0.00022759863213561715,7.184004964067014e-05,0.947565543071161,-0.3454504088220793,253,-0.40059518814086914
49,0,test,2.2499908469084,1.0816633553123842,1.4698583059006327,3.7168357084287926,1.7868361504884134,2.4281084721783928,9.487648994640773,6.271040661974267,7.30588757544815,15.672967123743597,10.35934341397959,12.068841906403296,2.097904538618162,0.9542129224777238,1.3313204683944289,3.15474366709498,1.4349066503424417,2.0019856667585394,8.149075935018155,5.010743409179668,5.996674704726184,12.25424952634309,7.534952495007018,9.017555946956668,2.2499908469084,1.0816633553123842,1.4698583059006327,3.7168357084287926,1.7868361504884134,2.4281084721783928,9.487648994640773,6.271040661974267,7.30588757544815,15.672967123743597,10.35934341397959,12.068841906403296,0.542713567839196,-0.0022864321608039306,-0.0022864321608039306,0.36180904522613067,-0.0031909547738693256,-0.0031909547738693256,0.2814070351758794,-0.003592964824120637,-0.003592964824120637,0.3926174496644296,0.10953537261250323,0.18614423537871527,0.42760942760942766,0.3517587939698492,0.07606957091220512,0.14641655690807964,0.398989898989899,0.3926174496644296,0.10953537261250323,0.18614423537871527,0.42760942760942766,19.0,-4.0,-4.0,28.0,-4.0,-4.0,35.0,-5.0,-5.0,-0.001122386165817255,-0.00034782101558486733,-4.978754856794845e-05,0.0005109839999661858,0.00010751935559483172,-3.6801216390713876e-05,0.03355704697986577,0.42327608542947137,10,-0.8001232147216797
933,0,test,2.732576817541661,1.3215947075848316,1.7915292911721292,5.5909959885227405,2.704052329334754,3.6655632207535014,15.372448020994801,11.27246796233538,12.809783549585237,31.452837727166994,23.06406273872568,26.209491341585583,2.7274044723084416,1.2878457461669202,1.7667912042367846,5.14604617416687,2.429897634277207,3.333568309880725,15.29314168942134,11.074307944281387,12.679843054711245,28.854984319662904,20.89492064958752,23.92423217870046,2.7187221612141586,1.311374595478987,1.7785558861883795,5.51092329975843,2.6581917475925416,3.60518085038185,15.160936628891621,11.0758310816543,12.600529514195665,30.73162830180734,22.451008949299258,25.54161388012635,0.6281407035175879,-0.0018592964824121205,-0.0018592964824121205,0.457286432160804,-0.0027135678391959628,-0.0027135678391959628,0.3517587939698492,-0.0032412060301507672,-0.0032412060301507672,0.3870967741935484,0.11334476131110072,0.1692856153952651,0.3689320388349514,0.38190954773869346,0.10120779335272856,0.1598728198588938,0.3535353535353535,0.3846153846153846,0.11249518428149474,0.16770770942072388,0.3657718120805369,19.0,0.0,0.0,32.0,0.0,0.0,38.0,0.0,0.0,0.00033782575140092064,0.00017103606914679187,0.00017093533735163663,-0.004196136454046595,-0.005170212443814215,-0.00425861243318959,0.03870967741935484,-0.4645040315348166,12,-0.7093820571899414
866,0,test,2.9844101866423958,1.434637117369693,1.9494238425586488,5.142058091850074,2.4718409792518363,3.358804593597672,19.7748353340367,15.06443420749571,16.959767541005146,34.0715068255362,25.95561299264463,29.22122110105616,3.06190396944323,1.4416032933043577,1.978666789869796,4.978705641371106,2.344070395616842,3.2173443737720264,21.368202860967813,16.313592972280095,18.413975407610103,34.745045302386686,26.52616743460178,29.941423427008296,2.9844101866423958,1.434637117369693,1.9494238425586488,5.142058091850074,2.4718409792518363,3.358804593597672,19.7748353340367,15.06443420749571,16.959767541005146,34.0715068255362,25.95561299264463,29.22122110105616,0.7336683417085428,-0.001331658291457205,-0.001331658291457205,0.5376884422110553,-0.0023115577889447625,-0.0023115577889447625,0.39698492462311563,-0.0030150753768843908,-0.0030150753768843908,0.38188976377952755,0.08326500935909531,0.13188976377952755,0.33596837944664026,0.3919597989949749,0.08870165363156635,0.14988968213353915,0.3434343434343434,0.38188976377952755,0.08326500935909531,0.13188976377952755,0.33596837944664026,20.0,-4.0,-4.0,29.0,-3.0,-3.0,40.0,-10.0,-10.0,8.855277259908642e-05,0.00012055123040178225,7.66803447750455e-05,-7.243603883999583e-05,-0.00013431153772813786,0.00011739929023413254,0.03937007874015748,0.4561358236189031,10,-0.3674006462097168
643,0,test,2.663034116357679,1.2728360059908295,1.7355470124437349,4.279876258431984,2.0456292953424042,2.7892719842845732,14.339731574722487,10.324086059519386,11.811583359730829,23.04599717366114,16.592281167084728,18.98290182813883,2.6854901368649085,1.2830317990617743,1.7417484242680956,4.008194234126729,1.914972834420559,2.599624513832979,14.665387666120365,10.60020638420262,12.095809590299842,21.888638307642335,15.821203558511373,18.053447149701256,2.663034116357679,1.2728360059908295,1.7355470124437349,4.279876258431984,2.0456292953424042,2.7892719842845732,14.339731574722487,10.324086059519386,11.811583359730829,23.04599717366114,16.592281167084728,18.98290182813883,0.6030150753768844,-0.0019849246231156137,-0.0019849246231156137,0.44723618090452266,-0.0027638190954772934,-0.0027638190954772934,0.3517587939698492,-0.0032412060301507672,-0.0032412060301507672,0.3977695167286245,0.10463408073604563,0.17898088879290142,0.3805970149253731,0.3869346733668342,0.10623291898086928,0.1665673945688375,0.36363636363636365,0.3977695167286245,0.10463408073604563,0.17898088879290142,0.3805970149253731,20.0,0.0,0.0,31.0,1.0,1.0,41.0,0.0,0.0,0.00015719021384305273,0.0002906076576862808,8.029746701886028e-05,-0.004851913908310301,-0.005024641586393486,-0.005519436378986775,0.9479553903345725,0.29873739128736687,255,-0.42353224754333496
394,0,test,2.552123647843313,1.2173258547588068,1.6530090515060631,3.9497151692813177,1.8839566799838674,2.5582282939974785,12.834330460695794,9.035102822054547,10.376904127336651,19.862654284410155,13.982897224608227,16.05949448278291,2.868008643019859,1.3296312552334408,1.831931279291673,4.126631141035769,1.913138496738764,2.635872344304566,17.601931547156244,12.944903960002303,14.783790783831408,25.326520211735605,18.625761093528496,21.271641415584764,2.6116627168902564,1.220276661429087,1.681480912343826,4.038653685912768,1.887025765096527,2.60022821496468,13.621681031951411,9.601262315768988,11.086711027153127,21.064455204048574,14.84731285943658,17.14439849559762,0.6532663316582914,-0.0017336683417086274,-0.0017336683417086274,0.5175879396984925,-0.002412060301507535,-0.002412060301507535,0.37688442211055273,-0.003115577889447274,-0.003115577889447274,0.3765432098765432,0.09919344100135064,0.1640175425254139,0.3188854489164087,0.39698492462311563,0.08871424793138627,0.16993984949790697,0.33333333333333337,0.3846153846153846,0.10247848979067675,0.16882005647300413,0.3221476510067114,19.0,-6.0,-6.0,31.0,-9.0,-9.0,37.0,-6.0,-6.0,0.0009022097715764936,0.000246871985597265,0.00041475243902031614,0.0004083119095046328,6.807704299838235e-06,-0.00012791969757852684,0.030864197530864196,0.7579060989664644,10,-0.8838040828704834
758,0,test,1.9593577016066672,0.907397329628961,1.241465204180134,3.4775355233813694,1.6104800287454406,2.2033951968230188,7.094768642879305,4.231509970992386,5.044660596265826,12.592039710540753,7.5102296173904595,8.95343734966385,1.82798350022224,0.8191929098701642,1.1507227549002867,3.1247581200380172,1.4003297604618192,1.9670474442739942,6.221328693285619,3.479046227478403,4.252850516112547,10.63474990305234,5.94708756833915,7.269829942072729,1.9593577016066672,0.907397329628961,1.241465204180134,3.4775355233813694,1.6104800287454406,2.2033951968230188,7.094768642879305,4.231509970992386,5.044660596265826,12.592039710540753,7.5102296173904595,8.95343734966385,0.5477386934673367,-0.002261306532663321,-0.002261306532663321,0.35678391959798994,-0.0032160804020100464,-0.0032160804020100464,0.2160804020100503,-0.003919597989949675,-0.003919597989949675,0.36329588014981273,0.08292204837411177,0.15158977803275175,0.368421052631579,0.39698492462311563,0.11127063890882993,0.18663434031593695,0.3787878787878788,0.36329588014981273,0.08292204837411177,0.15158977803275175,0.368421052631579,15.0,-5.0,-5.0,23.0,-11.0,-11.0,31.0,-15.0,-15.0,-0.00010038793823373863,-0.00018945702617489051,1.8216994565450734e-05,-0.023829784907952067,-0.022716631546365385,-0.024361717408333483,0.9588014981273408,0.5501108674133854,256,-0.5928747653961182
958,0,test,2.0303242486194057,0.9584703638137246,1.3148094620028743,3.8117700409564326,1.7994508120631862,2.468448731889267,7.616555616074845,4.6957663253249935,5.571316342963973,14.299468930824387,8.815922584964987,10.459697134209783,2.04482816920688,0.930291875957509,1.2987233422155664,3.7867188318645923,1.7227627332546462,2.405043226325123,7.727830544566503,4.6796761429205835,5.61906057015304,14.310797304752782,8.666066931334413,10.405667722505628,2.0303242486194057,0.9584703638137246,1.3148094620028743,3.8117700409564326,1.7994508120631862,2.468448731889267,7.616555616074845,4.6957663253249935,5.571316342963973,14.299468930824387,8.815922584964987,10.459697134209783,0.49246231155778897,-0.002537688442211028,-0.002537688442211028,0.3668341708542714,-0.0031658291457286047,-0.0031658291457286047,0.2613065326633166,-0.003693467336683409,-0.003693467336683409,0.3620689655172413,0.10733574692860104,0.16367447010439728,0.31487889273356406,0.3668341708542714,0.11871387010239165,0.1748475264469258,0.297979797979798,0.3620689655172413,0.10733574692860104,0.16367447010439728,0.31487889273356406,16.0,0.0,0.0,23.0,0.0,0.0,29.0,0.0,0.0,-0.0007988925283648675,0.00013862033805794017,0.00022799781864286204,-0.019136560368669286,-0.021116253863947776,-0.021966016756088003,0.041379310344827586,0.5024103914160984,12,-0.7670400142669678
587,0,test,2.812588514605632,1.3666870082060916,1.8480313747790362,4.570456336234152,2.2208663883348985,3.0030509840159336,16.65296892935282,12.407291005455772,14.029343429439518,27.06107451019833,20.161847883865626,22.797683072839213,2.8628007218153355,1.3598286610185142,1.8586952455942378,4.241186254541238,2.0145609792866876,2.7536225860655374,17.51050036446179,13.015471628404734,14.78103575498006,25.941482021424875,19.282180190229237,21.897830748118608,2.812588514605632,1.3666870082060916,1.8480313747790362,4.570456336234152,2.2208663883348985,3.0030509840159336,16.65296892935282,12.407291005455772,14.029343429439518,27.06107451019833,20.161847883865626,22.797683072839213,0.6683417085427136,-0.0016582914572863539,-0.0016582914572863539,0.48743718592964824,-0.002562814070351749,-0.002562814070351749,0.40703517587939697,-0.00296482412060306,-0.00296482412060306,0.40604026845637586,0.12128314952840269,0.18282598274209017,0.3872053872053872,0.42211055276381915,0.13639626704953345,0.1917265794750045,0.4040404040404041,0.40604026845637586,0.12128314952840269,0.18282598274209017,0.3872053872053872,22.0,-9.0,-9.0,34.0,-12.0,-12.0,42.0,-13.0,-13.0,0.0005014689758051896,9.924156744619984e-05,-2.138338483300305e-05,-0.004164545041597023,-0.004135933777133616,-0.004850856334124742,0.03355704697986577,0.49250926189613703,10,-0.7490530014038086
446,0,test,2.534182323712053,1.2173949595242366,1.6547894592807337,4.1644524810045205,2.0005598697914206,2.719335544550505,12.60611890818283,8.874704483189218,10.196682500474612,20.715787759943762,14.583909278107125,16.756331752372294,2.7847354904192456,1.3199823669491728,1.8072620781756372,4.420215064157532,2.095210106268528,2.868669965358154,16.19553343639052,11.869058433081275,13.53780067966501,25.707195930778603,18.8397752906052,21.488572507404776,2.534182323712053,1.2173949595242366,1.6547894592807337,4.1644524810045205,2.0005598697914206,2.719335544550505,12.60611890818283,8.874704483189218,10.196682500474612,20.715787759943762,14.583909278107125,16.756331752372294,0.5879396984924623,-0.002060301507537776,-0.002060301507537776,0.4773869346733668,-0.0026130653266331905,-0.0026130653266331905,0.3869346733668342,-0.0030653266331658324,-0.0030653266331658324,0.38132295719844356,0.11724528729553096,0.1743371874701124,0.30859375,0.4120603015075377,0.14890240677069555,0.20504861536396513,0.33333333333333337,0.38132295719844356,0.11724528729553096,0.1743371874701124,0.30859375,16.0,0.0,0.0,26.0,0.0,0.0,35.0,0.0,0.0,0.00048311193103929486,0.0004769599656582933,0.0003970805785107556,-0.004768754845984269,-0.005395294564718434,-0.004081314866438923,0.9571984435797666,0.41625645552697016,246,-0.2946813106536865
570,0,test,2.725666689006271,1.3216660693094928,1.7868468722752264,4.865955297152135,2.359484392190102,3.189941396142351,15.266588601594345,11.195132826916556,12.709626648392243,27.254446765262387,19.98594182523358,22.68966905014991,2.7881105821696694,1.3529322551247338,1.8274297554215488,4.5335131417393,2.199889845731275,2.971430496620405,16.2502871951891,12.04989320933753,13.636812003518129,26.423231211689593,19.59332229160574,22.173678054501025,2.725666689006271,1.3216660693094928,1.7868468722752264,4.865955297152135,2.359484392190102,3.189941396142351,15.266588601594345,11.195132826916556,12.709626648392243,27.254446765262387,19.98594182523358,22.68966905014991,0.6984924623115578,-0.0015075376884421399,-0.0015075376884421399,0.5226130653266332,-0.002386934673366814,-0.002386934673366814,0.37688442211055273,-0.003115577889447274,-0.003115577889447274,0.4188679245283019,0.11189993959421529,0.18172865225728563,0.36742424242424243,0.42211055276381915,0.10882734474376898,0.1800404359023834,0.3535353535353535,0.4188679245283019,0.11189993959421529,0.18172865225728563,0.36742424242424243,11.0,0.0,0.0,21.0,0.0,0.0,28.0,0.0,0.0,6.306192293826012e-05,0.00028453377725163833,0.00021832782896311095,-0.0001486651793047855,0.00023534568223659846,7.884916357880911e-05,0.04905660377358491,-0.30419945962151346,13,-0.2815244197845459
414,0,test,2.773841060625082,1.323240267970076,1.8037205827682747,4.372878848514834,2.0860493636234136,2.843512448128809,16.020049966215517,11.754373433614973,13.381787673820988,25.255137593798576,18.530424001228308,21.095994685788376,2.6767374286244916,1.2471100586855244,1.721966900138033,3.936378571506605,1.8339853804198887,2.5323042649088716,14.537585928213968,10.36044355514888,11.939511597752212,21.378802835608774,15.235946404630702,17.558105290812072,2.773841060625082,1.323240267970076,1.8037205827682747,4.372878848514834,2.0860493636234136,2.843512448128809,16.020049966215517,11.754373433614973,13.381787673820988,25.255137593798576,18.530424001228308,21.095994685788376,0.5979899497487438,-0.0020100502512562235,-0.0020100502512562235,0.44221105527638194,-0.0027889447236180143,-0.0027889447236180143,0.321608040201005,-0.0033919597989949812,-0.0033919597989949812,0.38576779026217234,0.11287059400049004,0.17530701815756466,0.34962406015037595,0.36180904522613067,0.08862608783264692,0.15312791000075499,0.303030303030303,0.38576779026217234,0.11287059400049004,0.17530701815756466,0.34962406015037595,18.0,-2.0,-2.0,29.0,-6.0,-6.0,35.0,-5.0,-5.0,-4.883920439442058e-05,0.0001421917741028044,0.00023030431557604462,-0.00016252502302549487,0.00022759863213561715,7.184004964067014e-05,0.9588014981273408,-0.8954393478243584,256,-0.6055076122283936
181,0,test,2.1919484197877637,1.0434384249927864,1.4235468085607779,4.825821924210157,2.297247500185731,3.134099022073325,8.952639632312106,5.79914894246027,6.7963227671931286,19.710246932429072,12.767481139448819,14.96287189873971,2.242857449500671,1.035952955045726,1.433549847708873,4.672619686459731,2.158235323011929,2.9865621827268187,9.420210642149867,6.077090669699378,7.1738585642191985,19.625438837812222,12.660605561873703,14.945538675456664,2.1919484197877637,1.0434384249927864,1.4235468085607779,4.825821924210157,2.297247500185731,3.134099022073325,8.952639632312106,5.79914894246027,6.7963227671931286,19.710246932429072,12.767481139448819,14.96287189873971,0.5778894472361809,-0.002110552763819218,-0.002110552763819218,0.42713567839195976,-0.002864321608040288,-0.002864321608040288,0.29145728643216084,-0.0035427135678391952,-0.0035427135678391952,0.3786764705882353,0.10477941176470584,0.16299019607843135,0.3210332103321033,0.3869346733668342,0.11557788944723624,0.1675041876046901,0.3282828282828283,0.3786764705882353,0.10477941176470584,0.16299019607843135,0.3210332103321033,19.0,-6.0,-6.0,26.0,-6.0,-6.0,39.0,-12.0,-12.0,0.0002373433068041265,0.00037936014779222824,0.0002690936112957654,-0.022397197827364046,-0.024702256677386458,-0.02570551619644057,0.03676470588235294,-0.45550349369286175,10,-0.37947583198547363
880,0,test,2.7630897444610576,1.317050055911617,1.7971794089039048,4.3478029802549,2.07241699974328,2.8279146581282038,15.848735919993189,11.602471278656829,13.221557738059875,24.938452109401048,18.25682980612177,20.80450997018245,2.760378147399956,1.3045454363695896,1.7890063112682786,4.347052200629852,2.054402261999354,2.8173327736508327,15.805818747586274,11.517766059483698,13.16425297735479,24.891053145805156,18.13821426690346,20.731107050952424,2.7630897444610576,1.317050055911617,1.7971794089039048,4.3478029802549,2.07241699974328,2.8279146581282038,15.848735919993189,11.602471278656829,13.221557738059875,24.938452109401048,18.25682980612177,20.80450997018245,0.6432160804020101,-0.001783919597989958,-0.001783919597989958,0.507537688442211,-0.0024623115577889765,-0.0024623115577889765,0.3668341708542714,-0.0031658291457286047,-0.0031658291457286047,0.39906103286384975,0.09695330452661322,0.1728519845019153,0.41509433962264153,0.40201005025125625,0.09373937355952688,0.17830387328965358,0.4191919191919192,0.39906103286384975,0.09695330452661322,0.1728519845019153,0.41509433962264153,21.0,0.0,0.0,30.0,0.0,0.0,40.0,-6.0,-6.0,-0.00025222847499998256,-0.0001887608917907808,-0.00011762212897706791,0.0002116907574398752,9.104986260410897e-05,4.254408224113604e-05,0.046948356807511735,-0.4482438065587158,10,-0.593876838684082
233,0,test,2.677839808768696,1.277280157067096,1.7434204032913265,4.265301731332174,2.0344701902984883,2.7769450735059453,14.553620710875064,10.496150609285483,12.007885722080573,23.181216222112376,16.71841953335292,19.1263329465475,2.562738468575899,1.2310956762966963,1.6748020402252202,3.85374205800887,1.8512716936792422,2.5184993086093534,12.971290193277536,9.184030231952732,10.54118042527271,19.50569953876321,13.810571777372527,15.851399135748435,2.677839808768696,1.277280157067096,1.7434204032913265,4.265301731332174,2.0344701902984883,2.7769450735059453,14.553620710875064,10.496150609285483,12.007885722080573,23.181216222112376,16.71841953335292,19.1263329465475,0.6130653266331658,-0.001934673366834172,-0.001934673366834172,0.44221105527638194,-0.0027889447236180143,-0.0027889447236180143,0.3065326633165829,-0.0034673366834171437,-0.0034673366834171437,0.3584905660377359,0.07788792950289591,0.1389171657867948,0.3560606060606061,0.35678391959798994,0.06605710255538344,0.13808608988179627,0.33838383838383834,0.3584905660377359,0.07788792950289591,0.1389171657867948,0.3560606060606061,24.0,0.0,0.0,32.0,0.0,0.0,40.0,0.0,0.0,1.6328315309116467e-05,-0.00034943972424521203,-2.096011336444609e-05,-0.0001486651793047855,0.00023534568223659846,7.884916357880911e-05,0.03773584905660377,0.4196807309081748,10,-0.49097514152526855
975,0,test,2.525180290624756,1.2126505859679768,1.645565310572864,4.018054173132473,1.9295635110056484,2.618415242609651,12.493147457936306,8.77758635216704,10.083175817325566,19.879033376464687,13.966851239611703,16.044298627568352,2.661856666179398,1.2543283838345358,1.7179401383405855,3.9729203972826834,1.8721319161709489,2.5640897587172917,14.322857191545605,10.237013331172843,11.752829875046004,21.37739879335165,15.27912437488484,17.541537126934333,2.525180290624756,1.2126505859679768,1.645565310572864,4.018054173132473,1.9295635110056484,2.618415242609651,12.493147457936306,8.77758635216704,10.083175817325566,19.879033376464687,13.966851239611703,16.044298627568352,0.6482412060301508,-0.0017587939698492372,-0.0017587939698492372,0.5175879396984925,-0.002412060301507535,-0.002412060301507535,0.38190954773869346,-0.0030904522613065533,-0.0030904522613065533,0.4365079365079365,0.15135942165645133,0.21751057503036397,0.3426294820717132,0.4371859296482412,0.1464591126056347,0.21347975268663855,0.3484848484848485,0.4365079365079365,0.15135942165645133,0.21751057503036397,0.3426294820717132,16.0,-3.0,-3.0,27.0,-5.0,-5.0,35.0,-3.0,-3.0,0.00019671197764043445,0.0004526086621280357,0.0004227671091249512,-5.857619511928647e-05,-0.00012331829868550415,0.00012440840417138332,0.03968253968253968,0.30232247164552123,10,-0.5152392387390137
812,0,test,2.388567995076454,1.1551648071693232,1.5531766795473696,4.115243654167866,1.9902237039182316,2.675955002111733,10.897876950456316,7.464984492881241,8.592160816151935,18.775860288135583,12.861358825084551,14.803361406141288,2.3020021289503805,1.093566248466771,1.4946210390599268,3.5968783264849695,1.7086972632293298,2.3353453735311356,9.99417205846858,6.645928556750846,7.752143438616742,15.615893841357156,10.384263369923197,12.11272412283866,2.388567995076454,1.1551648071693232,1.5531766795473696,4.115243654167866,1.9902237039182316,2.675955002111733,10.897876950456316,7.464984492881241,8.592160816151935,18.775860288135583,12.861358825084551,14.803361406141288,0.5628140703517588,-0.0021859296482411583,-0.0021859296482411583,0.3919597989949749,-0.0030402010050251116,-0.0030402010050251116,0.3015075376884422,-0.0034924623115578646,-0.0034924623115578646,0.3508771929824561,0.07942360278981164,0.14550963172224607,0.3380281690140845,0.35678391959798994,0.09613229052530825,0.15811947886343236,0.31818181818181823,0.3508771929824561,0.07942360278981164,0.14550963172224607,0.3380281690140845,19.0,-8.0,-8.0,31.0,-15.0,-15.0,39.0,-16.0,-16.0,-0.00039376280747410963,0.0001386896394589678,4.581823408782351e-05,-0.021055590459664764,-0.020813475658678193,-0.022322681933824917,0.056140350877192984,0.39173718391693163,16,-0.46152448654174805
541,0,test,2.7402266823613397,1.317039303472547,1.7908969966123442,4.4962874435929026,2.161057448655658,2.9385845085258886,15.49049612062021,11.34016807237348,12.90651911856066,25.417504197919076,18.607458879317047,21.177598272004463,2.8183217202822197,1.32430753770463,1.8218123776871797,4.438301921704283,2.085523681424614,2.868995870373511,16.7487180377467,12.293775410405054,14.039908258423875,26.375933917711336,19.360276236858354,22.110091745549408,2.7402266823613397,1.317039303472547,1.7908969966123442,4.4962874435929026,2.161057448655658,2.9385845085258886,15.49049612062021,11.34016807237348,12.90651911856066,25.417504197919076,18.607458879317047,21.177598272004463,0.7085427135678393,-0.0014572864321606982,-0.0014572864321606982,0.5226130653266332,-0.002386934673366814,-0.002386934673366814,0.36180904522613067,-0.0031909547738693256,-0.0031909547738693256,0.4094827586206896,0.09765480163144236,0.17452573856338305,0.34632034632034636,0.40703517587939697,0.0837269052027052,0.16329560993615821,0.35858585858585856,0.4094827586206896,0.09765480163144236,0.17452573856338305,0.34632034632034636,16.0,-4.0,-4.0,26.0,-7.0,-7.0,34.0,-8.0,-8.0,0.00034274147669029865,7.597155957249834e-05,0.00010822595733114262,8.002224209047171e-05,-1.3385908281371428e-05,-4.3536860872883665e-05,0.08189655172413793,0.27401701304933135,19,-0.35079288482666016
607,0,test,2.481414478108049,1.180000702740797,1.60458565827525,3.918022860170604,1.8631590043275743,2.5335563025398686,11.958167026317245,8.283679128702303,9.554900607571959,18.881316357343017,13.079493361108899,15.086685169850462,2.5015022944195087,1.1564246025326628,1.5992030267058057,3.939373691999226,1.82114110635065,2.5184299633162293,12.20080940754847,8.362324659410115,9.735544503875463,19.213873082753494,13.169015211669473,15.331566147835375,2.481414478108049,1.180000702740797,1.60458565827525,3.918022860170604,1.8631590043275743,2.5335563025398686,11.958167026317245,8.283679128702303,9.554900607571959,18.881316357343017,13.079493361108899,15.086685169850462,0.5527638190954773,-0.0022361809045226,-0.0022361809045226,0.39698492462311563,-0.0030150753768843908,-0.0030150753768843908,0.3065326633165829,-0.0034673366834171437,-0.0034673366834171437,0.33891213389121344,0.07112970711297073,0.13389121338912136,0.3067226890756303,0.3417085427135679,0.07035175879396993,0.1423785594639866,0.30808080808080807,0.33891213389121344,0.07112970711297073,0.13389121338912136,0.3067226890756303,15.0,-1.0,-1.0,26.0,-7.0,-7.0,34.0,-9.0,-9.0,0.0005866843360814746,-3.116697444592672e-05,-0.00015386204134172578,-0.006969933994107613,-0.006072443491019541,-0.005653888905506221,0.04184100418410042,0.43293202105788087,10,-0.7139327526092529
77,0,test,3.462589486294438,1.6959348021833291,2.2818877852514863,5.5076087802133005,2.697560725620463,3.6295799000308873,31.899472904820826,26.04822658830462,28.642814302769928,50.73943005666131,41.43241410354493,45.559375770177674,3.5867761355624697,1.7432282363868492,2.3553555914099045,5.475994100095373,2.661417154789082,3.595962734976953,36.11745027133184,29.79853285137483,32.69135727386699,55.141145452415024,45.49394328454173,49.91046912040762,3.462589486294438,1.6959348021833291,2.2818877852514863,5.5076087802133005,2.697560725620463,3.6295799000308873,31.899472904820826,26.04822658830462,28.642814302769928,50.73943005666131,41.43241410354493,45.559375770177674,0.7738693467336684,-0.0011306532663316604,-0.0011306532663316604,0.6482412060301508,-0.0017587939698492372,-0.0017587939698492372,0.4623115577889447,-0.002688442211055242,-0.002688442211055242,0.40254237288135597,0.07484681262765613,0.1574719503461447,0.37872340425531914,0.39698492462311563,0.05362652863314066,0.14656756235266488,0.38888888888888884,0.40254237288135597,0.07484681262765613,0.1574719503461447,0.37872340425531914,23.0,0.0,0.0,36.0,0.0,0.0,46.0,0.0,0.0,0.00023165005351673292,0.00011426871106024528,4.5787556443406035e-05,5.230255464905298e-05,-3.5372386360421615e-05,-6.165916468603427e-05,0.9322033898305084,-0.5118101312266764,220,-0.33249378204345703
335,0,test,2.761793377593831,1.3463610575283007,1.8143049294441416,4.1979259339426225,2.046468807443017,2.757743492755095,15.828203455537908,11.709936965123507,13.248979791734854,24.05886925241762,17.79910418698773,20.138449283436977,2.8094996691260756,1.3564604870480697,1.8080176647617994,4.013570955894394,1.9378006957829572,2.5828823782311425,16.60160984253038,12.325519237769049,13.879296521931629,23.716585489329116,17.607884625384358,19.82756645990233,2.761793377593831,1.3463610575283007,1.8143049294441416,4.1979259339426225,2.046468807443017,2.757743492755095,15.828203455537908,11.709936965123507,13.248979791734854,24.05886925241762,17.79910418698773,20.138449283436977,0.6834170854271358,-0.0015829145728643024,-0.0015829145728643024,0.5125628140703518,-0.0024371859296482556,-0.0024371859296482556,0.39698492462311563,-0.0030150753768843908,-0.0030150753768843908,0.41509433962264153,0.11377607220267916,0.18297388792878955,0.40909090909090906,0.4170854271356784,0.11382728177226986,0.18503200476506076,0.41414141414141414,0.41509433962264153,0.11377607220267916,0.18297388792878955,0.40909090909090906,17.0,-6.0,-6.0,29.0,-12.0,-12.0,38.0,-12.0,-12.0,6.786188203775504e-05,7.368810542850664e-05,-6.182006013238367e-05,-0.0001486651793047855,0.00023534568223659846,7.884916357880911e-05,0.045283018867924525,-0.19118495657541193,12,-0.3653068542480469
546,0,test,2.881732665401454,1.3768427555499079,1.8751181953918268,4.395044791366463,2.0998774986878486,2.859817135988652,17.84516611022986,13.341508315589383,15.108844692749587,27.216370659736047,20.347663520424035,23.04309833028289,2.9770369400865815,1.407840054489266,1.9279242713007003,4.377995500127326,2.0703530213077443,2.835182751912795,19.629566805978822,14.826777350884992,16.7744502462891,28.867010008792384,21.80408433953675,24.66830918571926,2.881732665401454,1.3768427555499079,1.8751181953918268,4.395044791366463,2.0998774986878486,2.859817135988652,17.84516611022986,13.341508315589383,15.108844692749587,27.216370659736047,20.347663520424035,23.04309833028289,0.6733668341708543,-0.001633165829145744,-0.001633165829145744,0.5175879396984925,-0.002412060301507535,-0.002412060301507535,0.37688442211055273,-0.003115577889447274,-0.003115577889447274,0.3897058823529411,0.08695358877495951,0.1513195742844815,0.34317343173431736,0.38190954773869346,0.0987015276885681,0.1582033707770908,0.3232323232323232,0.3897058823529411,0.08695358877495951,0.1513195742844815,0.34317343173431736,21.0,-6.0,-6.0,33.0,-8.0,-8.0,40.0,-6.0,-6.0,0.00010999696876669444,0.00030923892994671727,0.0001720777091940329,-0.00019717463232815646,0.00020823100688893703,5.431726479621091e-05,0.9558823529411765,0.38325560391000035,260,-0.39691972732543945
17,0,test,2.4403893505793595,1.1646047261963985,1.5883380487454535,4.176159240780171,1.992950341307921,2.7180714496136984,11.477508647589273,7.895998199226147,9.133057547988827,19.64108874200136,13.512165932478547,15.629105522262568,2.4858736028715733,1.1508839530006334,1.5937377800487968,4.108881988217477,1.9022875256208818,2.6342773223947056,12.011609048801107,8.211652432626774,9.571272833856096,19.853899254216707,13.572979227482271,15.8202856757952,2.4403893505793595,1.1646047261963985,1.5883380487454535,4.176159240780171,1.992950341307921,2.7180714496136984,11.477508647589273,7.895998199226147,9.133057547988827,19.64108874200136,13.512165932478547,15.629105522262568,0.6381909547738693,-0.0018090452261306789,-0.0018090452261306789,0.44221105527638194,-0.0027889447236180143,-0.0027889447236180143,0.33668341708542715,-0.0033165829145728187,-0.0033165829145728187,0.3677685950413223,0.06879952287637381,0.13562573789846522,0.34854771784232363,0.3869346733668342,0.08367652800342562,0.15655070007801952,0.36363636363636365,0.3677685950413223,0.06879952287637381,0.13562573789846522,0.34854771784232363,21.0,-5.0,-5.0,33.0,-1.0,-1.0,44.0,-6.0,-6.0,0.00027739217152029894,-1.474370389027213e-06,2.8150306040734126e-05,1.0723023486036709e-05,-6.835210348388188e-05,-8.884262040620428e-05,0.9545454545454546,-0.7142935600970334,231,-0.3815271854400635
380,0,test,3.046427906262711,1.4728922117013696,1.9966163611815118,5.712052324242584,2.7616728969400683,3.743655677215335,21.040052987059692,16.216379873685582,18.182940356664027,39.45009935073692,30.405712263160467,34.093013168745046,3.0269271894771985,1.407074298110138,1.9349510282048479,5.174234511926835,2.4052552104446807,3.3076085952219625,20.633731528625432,15.581384510596,17.6535739994119,35.27133594636826,26.63484531725812,30.177049571644275,3.046427906262711,1.4728922117013696,1.9966163611815118,5.712052324242584,2.7616728969400683,3.743655677215335,21.040052987059692,16.216379873685582,18.182940356664027,39.45009935073692,30.405712263160467,34.093013168745046,0.7135678391959799,-0.0014321608040201994,-0.0014321608040201994,0.5376884422110553,-0.0023115577889447625,-0.0023115577889447625,0.42211055276381915,-0.0028894472361808976,-0.0028894472361808976,0.4200743494423792,0.1065307501844942,0.1765638426438625,0.4029850746268657,0.42211055276381915,0.11383987607208979,0.1817098849841864,0.398989898989899,0.4200743494423792,0.1065307501844942,0.1765638426438625,0.4029850746268657,18.0,-9.0,-9.0,30.0,-16.0,-16.0,40.0,-25.0,-25.0,-0.0003742969468585527,-0.00016372758028729867,-7.277997783216913e-05,-0.00017638486674709242,0.00021985158203818855,6.483093570341936e-05,0.040892193308550186,0.4294503634042961,11,-0.5386383533477783
200,0,test,2.813650812313651,1.367743457087111,1.849131782171137,4.876994741343662,2.370755325617659,3.205161755763304,16.67066873964765,12.42496598344231,14.047143223368113,28.895825815389262,21.536607704633337,24.3483815871714,2.7579626995957827,1.3140292018973054,1.7948914649566792,4.377718570786956,2.08576063793223,2.849034071359808,15.767686688937689,11.530356079648755,13.147956752828756,25.028074109424903,18.302152507378977,20.86977262353771,2.813650812313651,1.367743457087111,1.849131782171137,4.876994741343662,2.370755325617659,3.205161755763304,16.67066873964765,12.42496598344231,14.047143223368113,28.895825815389262,21.536607704633337,24.3483815871714,0.6984924623115578,-0.0015075376884421399,-0.0015075376884421399,0.44221105527638194,-0.0027889447236180143,-0.0027889447236180143,0.36180904522613067,-0.0031909547738693256,-0.0031909547738693256,0.39768339768339767,0.09325179845411058,0.15378095865900743,0.3565891472868217,0.37688442211055273,0.08365133940378577,0.13481430524911697,0.3232323232323232,0.39768339768339767,0.09325179845411058,0.15378095865900743,0.3565891472868217,18.0,-5.0,-5.0,28.0,-7.0,-7.0,33.0,-4.0,-4.0,9.911665694816559e-05,-0.000447122590593784,-3.7681091835279878e-06,-0.00010708564814265742,-0.00016179463533028127,9.987650539144965e-05,0.04247104247104247,-0.29898453861052365,11,-0.23826146125793457
187,0,test,2.1806799710641007,1.0441326729621185,1.4193249801629602,4.334270749941069,2.075294753713527,2.821018594112715,8.852323536556547,5.7363323545327844,6.711148007412005,17.59468032110618,11.401405922052739,13.33892771659529,2.413743710243984,1.151198278818636,1.568071617025054,4.03642855746683,1.9251130881084753,2.6222374099830734,11.175721590189323,7.641314953493067,8.846178631613675,18.68881173485441,12.778333409622856,14.793189476395977,2.1995335206361006,1.0600967410707565,1.4332849841873794,4.229872155069424,2.038647578982224,2.756317277283422,9.020804498660048,5.89579669747225,6.869125350529966,17.34770095896163,11.33807057206202,13.209856443326856,0.5858585858585859,-0.004141414141414224,-0.004141414141414224,0.4191919191919192,-0.005808080808080818,-0.005808080808080818,0.31313131313131315,-0.0018686868686867975,-0.0018686868686867975,0.36363636363636365,0.09290083937971261,0.15404303725471613,0.32704402515723274,0.36363636363636365,0.09159606136936116,0.14887126296522268,0.3401015228426396,0.36454849498327757,0.09409774373119073,0.15765194325913967,0.32885906040268453,16.0,1.0,1.0,30.0,1.0,1.0,34.0,1.0,1.0,0.0011752051627900095,0.0003268760003533647,0.00016063508509906694,-0.00892300154084058,-0.008460730935906824,-0.008486797884269315,0.034482758620689655,-0.3542895353764346,11,-0.7835662364959717
432,0,test,2.978270312827568,1.4323247585399583,1.9439655819303217,4.557112406374713,2.191629449814153,2.9745015530741066,19.65379231506496,14.961385860015916,16.84064265557521,30.072670168834335,22.89272294243399,25.768212256121103,3.00941304681295,1.4294301420935973,1.9522155846344158,4.330090714838777,2.0567340174008595,2.8089432872437636,20.275495665161312,15.42062285004658,17.39720251524532,29.173375057786064,22.187946546829615,25.03194606510118,2.978270312827568,1.4323247585399583,1.9439655819303217,4.557112406374713,2.191629449814153,2.9745015530741066,19.65379231506496,14.961385860015916,16.84064265557521,30.072670168834335,22.89272294243399,25.768212256121103,0.7537688442211055,-0.0012311557788945438,-0.0012311557788945438,0.5477386934673367,-0.002261306532663321,-0.002261306532663321,0.371859296482412,-0.003140703517587995,-0.003140703517587995,0.37944664031620556,0.059920013097270686,0.12714703453433962,0.36904761904761907,0.371859296482412,0.05857608846236184,0.11810303604835526,0.36363636363636365,0.37944664031620556,0.059920013097270686,0.12714703453433962,0.36904761904761907,18.0,-1.0,-1.0,29.0,-3.0,-3.0,37.0,-4.0,-4.0,6.432193430605911e-05,0.0001674043350460332,1.8374828348494764e-05,-6.550611697964115e-05,-0.000128814918206821,0.00012090384720320202,0.9486166007905138,0.18143452307361949,240,-0.4744091033935547
185,0,test,3.4576671269815367,1.6919994006736705,2.27775342253001,4.9673527739734755,2.430759702376259,3.272265480254381,31.742838060051362,25.89736382787555,28.48874468305128,45.60238707218647,37.20466352737051,40.92749236156663,3.44418433408346,1.648706536053586,2.2458591984323517,4.920263334404943,2.355295051505123,3.2083702834747885,31.31772822232907,25.295376720153598,28.003167390912115,44.73961174618439,36.13625245736228,40.004524844160166,3.4576671269815367,1.6919994006736705,2.27775342253001,4.9673527739734755,2.430759702376259,3.272265480254381,31.742838060051362,25.89736382787555,28.48874468305128,45.60238707218647,37.20466352737051,40.92749236156663,0.7437185929648241,-0.0012814070351758744,-0.0012814070351758744,0.5728643216080402,-0.0021356783919597166,-0.0021356783919597166,0.4773869346733668,-0.0026130653266331905,-0.0026130653266331905,0.41871921182266014,0.11405090715435551,0.1830399974200415,0.3811881188118812,0.4170854271356784,0.10881475044394906,0.18002365751965166,0.3787878787878788,0.41871921182266014,0.11405090715435551,0.1830399974200415,0.3811881188118812,21.0,0.0,0.0,34.0,0.0,0.0,44.0,1.0,1.0,0.00027084241476061434,0.00010379760317033378,0.0001013386083628983,0.0002809899760443102,0.0001460160578075076,8.784984177356847e-05,0.06896551724137931,0.5839454545692628,14,-0.545670747756958
642,0,test,3.140152647254317,1.5312004512671074,2.0656006829146083,4.567494759642643,2.22720065638852,3.004510084239431,23.107393869749696,18.109821862278466,20.17871341648629,33.61075471963592,26.341559072405037,29.350855878525515,3.1561366003892974,1.5172391204962479,2.0571121438200928,4.508766571984711,2.1674844578517827,2.9387316340287044,23.479708977285906,18.330220011059687,20.47847221872404,33.542441396122726,26.18602858722813,29.254960312462917,3.128452655263393,1.5268947779517545,2.0571777958455906,4.533989355454193,2.212890982538775,2.9814170954283927,22.838612979779295,17.877858324964432,19.919514410648823,33.09943910112941,25.909939601397724,28.868861464708438,0.6884422110552764,-0.0015577889447235815,-0.0015577889447235815,0.5376884422110553,-0.0023115577889447625,-0.0023115577889447625,0.42713567839195976,-0.002864321608040288,-0.002864321608040288,0.40264026402640263,0.09951011575622137,0.17871051649621605,0.35430463576158944,0.40201005025125625,0.10376443621616849,0.1699566278806386,0.3282828282828283,0.4013377926421404,0.0974980597539935,0.17553134102923718,0.3523489932885906,24.0,0.0,0.0,34.0,0.0,0.0,44.0,0.0,0.0,0.00045518382890821204,0.00020715875161631718,8.734824002841627e-05,0.0004912393671849813,8.815173034548707e-05,-5.432400123339676e-05,0.9636963696369637,0.7134814435467516,292,-0.646841287612915
580,0,test,2.133903149408934,1.032212462261138,1.398536967592581,4.23972862579933,2.0508431815977874,2.7786721329799966,8.447775475799267,5.438526050956896,6.361529677872958,16.78439601112749,10.805492548611728,12.639355017879167,2.2060833188457107,1.055119468181809,1.4373756868043688,3.9749248988211,1.901116158886142,2.589866102350214,9.08008286656931,5.918844463081973,6.923106022628781,16.36050966949425,10.664584618165714,12.47406490563744,2.1425370255590885,1.0423425760424303,1.4081171677746611,4.2286914978139905,2.0572550842942703,2.779178620607884,8.521028295844753,5.516278056468639,6.436755828601138,16.817819004956746,10.887390900924943,12.704123345923296,0.5678391959798995,-0.0021608040201005485,-0.0021608040201005485,0.371859296482412,-0.003140703517587995,-0.003140703517587995,0.2814070351758794,-0.003592964824120637,-0.003592964824120637,0.36544850498338866,0.09845016335818135,0.16213358785631682,0.35,0.35678391959798994,0.08610722786866665,0.15311113161802337,0.33333333333333337,0.36789297658862874,0.0991116744183449,0.16544581307361206,0.3523489932885906,16.0,0.0,0.0,26.0,0.0,0.0,31.0,0.0,0.0,0.000227223787063121,3.604104258640256e-05,-2.7725693764829503e-05,-0.009856671368933867,-0.0115504128408217,-0.009362388012893241,0.03322259136212625,0.24753856012969472,10,-0.4822704792022705
818,0,test,3.73688252747039,1.812512322803322,2.448499062124564,5.361614061153168,2.600561158804766,3.51306387174394,41.966955192193204,35.11612250769523,38.34003641778524,60.2134574496685,50.384001858867066,55.00961746899621,3.624705009771486,1.7519316799473197,2.3666972474021177,4.999593116926188,2.4164574895825104,3.264409996416714,37.51365536546704,31.007339805279305,33.99525036387841,51.742972917885574,42.76874455900594,46.89000050190126,3.73688252747039,1.812512322803322,2.448499062124564,5.361614061153168,2.600561158804766,3.51306387174394,41.966955192193204,35.11612250769523,38.34003641778524,60.2134574496685,50.384001858867066,55.00961746899621,0.7537688442211055,-0.0012311557788945438,-0.0012311557788945438,0.6030150753768844,-0.0019849246231156137,-0.0019849246231156137,0.457286432160804,-0.0027135678391959628,-0.0027135678391959628,0.42205323193916355,0.10137011998470435,0.17300139881653398,0.40458015267175573,0.40703517587939697,0.09375196785934681,0.15995671177255222,0.3787878787878788,0.42205323193916355,0.10137011998470435,0.17300139881653398,0.40458015267175573,20.0,0.0,0.0,32.0,0.0,0.0,40.0,0.0,0.0,-0.00027123631493879873,3.931286656309524e-05,6.672031138982975e-06,-0.00013480533558407615,-0.00018378111340844328,8.585827751517172e-05,0.9581749049429658,-0.728159142831038,252,-0.3511679172515869
894,0,test,2.2546271620709275,1.0797616623531392,1.4632300705952486,3.6128362958485947,1.7302204950959943,2.3446939685441937,9.531738853795153,6.294031411808763,7.32526192980705,15.273750211503076,10.085616599645366,11.73807032125708,1.9664045903546092,0.9002805629814681,1.2477211512360453,2.9794008944766803,1.3640614590628302,1.8904865927818866,7.14494126100195,4.2408398213179375,5.093211057029862,10.825668577275682,6.425514880784754,7.716986450045246,2.2546271620709275,1.0797616623531392,1.4632300705952486,3.6128362958485947,1.7302204950959943,2.3446939685441937,9.531738853795153,6.294031411808763,7.32526192980705,15.273750211503076,10.085616599645366,11.73807032125708,0.5778894472361809,-0.002110552763819218,-0.002110552763819218,0.4120603015075377,-0.0029396984924623393,-0.0029396984924623393,0.2361809045226131,-0.0038190954773869024,-0.0038190954773869024,0.38113207547169814,0.08169704722311055,0.15653985464359277,0.43181818181818177,0.4170854271356784,0.12134607876475112,0.19337925017407576,0.398989898989899,0.38113207547169814,0.08169704722311055,0.15653985464359277,0.43181818181818177,19.0,-9.0,-9.0,29.0,-15.0,-15.0,39.0,-20.0,-20.0,-0.0006702514792867419,-0.0006111504994391737,-7.85463663166783e-05,-0.004824194220867994,-0.005009147486194188,-0.0055054181511122735,0.9584905660377359,-0.8624411419571332,254,-0.538996696472168
452,0,test,2.431979795617993,1.1221787296715557,1.5547452788497291,4.500977532188524,2.0768680967055655,2.877439023542782,11.381392620751035,7.675956119370014,8.977151006380996,21.064069924972067,14.206247146296743,16.61442872822752,2.358962159353307,1.0555292853444702,1.4846796734076104,4.289022107915104,1.919144155171764,2.699417588013837,10.57996543438343,6.898050888200931,8.18281074979975,19.236300789788054,12.541910705819875,14.877837726908634,2.431979795617993,1.1221787296715557,1.5547452788497291,4.500977532188524,2.0768680967055655,2.877439023542782,11.381392620751035,7.675956119370014,8.977151006380996,21.064069924972067,14.206247146296743,16.61442872822752,0.6281407035175879,-0.0018592964824121205,-0.0018592964824121205,0.4522613065326633,-0.0027386934673366836,-0.0027386934673366836,0.3065326633165829,-0.0034673366834171437,-0.0034673366834171437,0.3927125506072875,0.09372265161738846,0.1598727121146899,0.39837398373983735,0.40703517587939697,0.10628329618014887,0.17331230442697632,0.3939393939393939,0.3927125506072875,0.09372265161738846,0.1598727121146899,0.39837398373983735,11.0,-1.0,-1.0,19.0,-8.0,-8.0,28.0,-11.0,-11.0,-0.00020895782192994222,-0.000170114181494488,2.1232689943318958e-05,-2.39265858157367e-05,-9.583520108336074e-05,-0.00011149550017286458,0.9554655870445344,-0.3492527027426505,236,-0.27506470680236816
50,0,test,2.6699033485796115,1.257142851997279,1.715862155036382,4.286375443978152,2.018270156948012,2.754717473391742,14.438573616713324,10.331295721088306,11.8423934618177,23.18029505812479,16.586297892359458,19.012277938700525,2.6291379117976987,1.2284063537765688,1.6919786843289266,3.9835422906025735,1.861221748146316,2.56360406716504,13.861814642760292,9.80364697646277,11.309095229588586,21.002749458727713,14.854010570398135,17.134992772103917,2.6699033485796115,1.257142851997279,1.715862155036382,4.286375443978152,2.018270156948012,2.754717473391742,14.438573616713324,10.331295721088306,11.8423934618177,23.18029505812479,16.586297892359458,19.012277938700525,0.6683417085427136,-0.0016582914572863539,-0.0016582914572863539,0.48743718592964824,-0.002562814070351749,-0.002562814070351749,0.31155778894472363,-0.003442211055276312,-0.003442211055276312,0.37446808510638296,0.07298188553101137,0.1453308856721538,0.3803418803418803,0.371859296482412,0.07361368244732425,0.13980587411179435,0.3787878787878788,0.37446808510638296,0.07298188553101137,0.1453308856721538,0.3803418803418803,23.0,-11.0,-11.0,33.0,-15.0,-15.0,41.0,-16.0,-16.0,0.00011246651200856179,-8.36870043501137e-05,-0.00013192632086040819,5.923247650940766e-05,-2.987576684176929e-05,-5.7128588733412755e-05,0.04680851063829787,-0.4136500029708557,11,-0.2890353202819824
12,0,test,2.232693437325225,1.0655920506277785,1.4522966040631027,3.549410079850358,1.6940181317672374,2.3087792167157017,9.32494844963409,6.112281599371823,7.14261033159236,14.824277022495222,9.716960491309052,11.354918988685291,2.2670275170605247,1.0549070872534656,1.4548470076989142,3.4348901773644314,1.59834407159616,2.204313648028658,9.650671679872694,6.290068654170733,7.397856760925576,14.622229817988929,9.530407051773837,11.208873880190264,2.232693437325225,1.0655920506277785,1.4522966040631027,3.549410079850358,1.6940181317672374,2.3087792167157017,9.32494844963409,6.112281599371823,7.14261033159236,14.824277022495222,9.716960491309052,11.354918988685291,0.5678391959798995,-0.0021608040201005485,-0.0021608040201005485,0.4321608040201005,-0.002839195979899567,-0.002839195979899567,0.321608040201005,-0.0033919597989949812,-0.0033919597989949812,0.3927125506072875,0.1078640657588027,0.1719857672963857,0.34959349593495936,0.40201005025125625,0.1238145615294517,0.18999001686227457,0.3484848484848485,0.3927125506072875,0.1078640657588027,0.1719857672963857,0.34959349593495936,21.0,-12.0,-12.0,34.0,-21.0,-21.0,43.0,-26.0,-26.0,4.5394721822108554e-05,6.960650478207298e-05,0.00029480821661790436,-0.004691557774266997,-0.00533370653470655,-0.005690133513132523,0.05668016194331984,-0.3098255301799177,14,-0.416060209274292
621,0,test,2.7729323620083504,1.3477582272155306,1.8204817567375782,4.529696964026063,2.2016174767558048,2.9738304473415096,16.005499181111652,11.846917247598755,13.413445197533814,26.14562909709543,19.352417615642686,21.91140426677884,2.6176369536134834,1.2426873938663205,1.6976479078682014,3.9661165963840657,1.8828596876762433,2.5721937998003055,13.703303752963574,9.748426520081686,11.194040850282818,20.7625814438842,14.770343212244978,16.960667954973964,2.7729323620083504,1.3477582272155306,1.8204817567375782,4.529696964026063,2.2016174767558048,2.9738304473415096,16.005499181111652,11.846917247598755,13.413445197533814,26.14562909709543,19.352417615642686,21.91140426677884,0.6482412060301508,-0.0017587939698492372,-0.0017587939698492372,0.49246231155778897,-0.002537688442211028,-0.002537688442211028,0.36180904522613067,-0.0031909547738693256,-0.0031909547738693256,0.3893129770992366,0.08264631043256998,0.15961754562715535,0.3486590038314177,0.39698492462311563,0.09623304492386753,0.16660095133430097,0.3232323232323232,0.3893129770992366,0.08264631043256998,0.15961754562715535,0.3486590038314177,16.0,-6.0,-6.0,28.0,-8.0,-8.0,37.0,-11.0,-11.0,-7.441509755048676e-05,-0.0001442761438846195,0.00013441921549922544,-0.00012787541372372146,-0.00017828449388890277,8.936283448512938e-05,0.04198473282442748,0.6751918587603463,11,-0.4102635383605957
801,0,test,2.6326411694159044,1.2129403042411415,1.6778814944336986,3.8436561073472206,1.7708928441920668,2.4497069818732,13.910461311663799,9.774578243132572,11.312415179259812,20.309273515029147,14.270884234973556,16.516126161719328,2.6326411694159044,1.2129403042411415,1.6778814944336986,3.8436561073472206,1.7708928441920668,2.4497069818732,13.910461311663799,9.774578243132572,11.312415179259812,20.309273515029147,14.270884234973556,16.516126161719328,2.6326411694159044,1.2129403042411415,1.6778814944336986,3.8436561073472206,1.7708928441920668,2.4497069818732,13.910461311663799,9.774578243132572,11.312415179259812,20.309273515029147,14.270884234973556,16.516126161719328,0.6344827586206896,0.1544827586206896,0.1544827586206896,0.4758620689655172,0.1158620689655172,0.1158620689655172,0.35862068965517246,0.08362068965517244,0.08362068965517244,0.38620689655172413,0.08723782438677563,0.1596622741260948,0.39583333333333337,0.38620689655172413,0.08723782438677563,0.1596622741260948,0.39583333333333337,0.38620689655172413,0.08723782438677563,0.1596622741260948,0.39583333333333337,10.0,2.0,2.0,19.0,3.0,3.0,27.0,3.0,3.0,6.396594156282638e-05,7.660431347578725e-05,-1.8713315633129766e-05,-0.0001555779707667071,-9.537085201571927e-07,5.453719577896976e-05,0.10344827586206896,-0.287064146400396,15,-0.5942251682281494
188,0,test,2.5598161183446058,1.2502424991475882,1.6836598058061945,4.32465828689275,2.112210930236919,2.8444438955235087,12.933438874723736,9.228845066992536,10.531788126839302,21.850281825620225,15.591589181502918,17.792834599380683,2.6470459810643865,1.2603210523068842,1.7186981864238113,4.041291574144101,1.924154278331121,2.623966696830246,14.112289042120949,10.1105664007403,11.58196393672479,21.54547945361977,15.435979237771452,17.68238768965617,2.5598161183446058,1.2502424991475882,1.6836598058061945,4.32465828689275,2.112210930236919,2.8444438955235087,12.933438874723736,9.228845066992536,10.531788126839302,21.850281825620225,15.591589181502918,17.792834599380683,0.6080402010050252,-0.001959798994974782,-0.001959798994974782,0.4773869346733668,-0.0026130653266331905,-0.0026130653266331905,0.36180904522613067,-0.0031909547738693256,-0.0031909547738693256,0.39852398523985244,0.11254612546125464,0.18573185731857322,0.4,0.3919597989949749,0.1080402010050252,0.1792294807370185,0.4040404040404041,0.39852398523985244,0.11254612546125464,0.18573185731857322,0.4,18.0,0.0,0.0,29.0,1.0,1.0,35.0,0.0,0.0,0.000728825026610526,-1.753868931320323e-05,-5.228636888959429e-05,-0.017871757587047732,-0.013051593482497736,-0.014091612736386594,0.04797047970479705,0.4949799990602408,13,-0.9213271141052246
138,0,test,2.7046953027997267,1.3037582617759396,1.7649496391076709,4.094959243491175,1.973914377642077,2.6721667433218945,14.949760846210198,10.890759209754908,12.390430441311585,22.63421735594441,16.488813009161635,18.759343284976417,2.7046953027997267,1.3037582617759396,1.7649496391076709,4.094959243491175,1.973914377642077,2.6721667433218945,14.949760846210198,10.890759209754908,12.390430441311585,22.63421735594441,16.488813009161635,18.759343284976417,2.7046953027997267,1.3037582617759396,1.7649496391076709,4.094959243491175,1.973914377642077,2.6721667433218945,14.949760846210198,10.890759209754908,12.390430441311585,22.63421735594441,16.488813009161635,18.759343284976417,0.6645962732919255,0.11459627329192545,0.11459627329192545,0.49068322981366463,0.08568322981366461,0.08568322981366461,0.3229813664596274,0.052981366459627366,0.052981366459627366,0.3726708074534162,0.06307328423360192,0.13555740539156047,0.36250000000000004,0.3726708074534162,0.06307328423360192,0.13555740539156047,0.36250000000000004,0.3726708074534162,0.06307328423360192,0.13555740539156047,0.36250000000000004,19.0,1.0,1.0,27.0,3.0,3.0,35.0,3.0,3.0,-1.6696450709781926e-05,1.2780832153670571e-05,6.845481805387525e-06,-0.0072776887960994685,-0.006789366831929655,-0.0071759395526926895,0.9316770186335404,-0.63072661689471,150,-0.32268214225769043
222,0,test,3.389124948006596,1.6329329702309396,2.205423785199917,4.94734331490618,2.3837067496474633,3.219411732418269,29.640004374233285,23.849658780875355,26.37356288486433,43.267592592271576,34.81501913989851,38.49933892388241,3.389124948006596,1.6329329702309396,2.205423785199917,4.94734331490618,2.3837067496474633,3.219411732418269,29.640004374233285,23.849658780875355,26.37356288486433,43.267592592271576,34.81501913989851,38.49933892388241,3.389124948006596,1.6329329702309396,2.205423785199917,4.94734331490618,2.3837067496474633,3.219411732418269,29.640004374233285,23.849658780875355,26.37356288486433,43.267592592271576,34.81501913989851,38.49933892388241,0.7619047619047619,0.26190476190476186,0.26190476190476186,0.6031746031746033,0.20817460317460323,0.20817460317460323,0.5,0.18000000000000005,0.18000000000000005,0.4285714285714286,0.09655561829474879,0.17067669172932332,0.384,0.4285714285714286,0.09655561829474879,0.17067669172932332,0.384,0.4285714285714286,0.09655561829474879,0.17067669172932332,0.384,14.0,3.0,3.0,26.0,4.0,4.0,32.0,4.0,4.0,0.00022856081646240492,2.482004847102745e-05,7.35374631546044e-05,8.596340582212036e-05,-3.7043843144068944e-05,5.106544776545263e-05,0.9126984126984127,-0.39602121784312205,115,-0.28382229804992676
370,0,test,2.6570688569842353,1.2661984113989309,1.7274070556603949,4.066342946876427,1.937773259433723,2.6436008531377317,14.254445984768475,10.236099701851785,11.720793829869063,21.81481512586115,15.665191256425107,17.937347463390775,2.8050773202882726,1.311043831852078,1.8069079875014333,4.125113706306283,1.9280056350765848,2.657217628678578,16.528353833740248,12.073325199075928,13.815043722532316,24.306402696676834,17.75488999864107,20.31624076842988,2.6570688569842353,1.2661984113989309,1.7274070556603949,4.066342946876427,1.937773259433723,2.6436008531377317,14.254445984768475,10.236099701851785,11.720793829869063,21.81481512586115,15.665191256425107,17.937347463390775,0.6381909547738693,-0.0018090452261306789,-0.0018090452261306789,0.4974874371859297,-0.002512562814070307,-0.002512562814070307,0.3467336683417085,-0.003266331658291488,-0.003266331658291488,0.3659420289855072,0.08514492753623182,0.15096618357487923,0.3418181818181818,0.36180904522613067,0.08291457286432158,0.14070351758793975,0.3434343434343434,0.3659420289855072,0.08514492753623182,0.15096618357487923,0.3418181818181818,23.0,-10.0,-10.0,33.0,-12.0,-12.0,39.0,-10.0,-10.0,0.0004243377160118691,0.00020149997804646524,3.1229230240844045e-05,-0.00957595240289777,-0.009295209394471371,-0.00958781119854546,0.036231884057971016,0.4519427018313702,10,-0.4427485466003418
429,0,test,3.0237896893752945,1.4767432559053724,1.988258489466988,5.177094468172853,2.5283634532925316,3.40413953499651,20.56909464598792,15.871519573868103,17.752492628945316,35.216783257524774,27.1739653310166,30.39441919804274,3.104001746292989,1.480814119385467,2.017285161715349,5.130581398831387,2.447626643612342,3.3343556391989244,22.286959826720473,17.21773644406022,19.32243551649837,36.8379501268107,28.459068502578877,31.93790994462541,3.0237896893752945,1.4767432559053724,1.988258489466988,5.177094468172853,2.5283634532925316,3.40413953499651,20.56909464598792,15.871519573868103,17.752492628945316,35.216783257524774,27.1739653310166,30.39441919804274,0.7085427135678393,-0.0014572864321606982,-0.0014572864321606982,0.5226130653266332,-0.002386934673366814,-0.002386934673366814,0.4170854271356784,-0.0029145728643216184,-0.0029145728643216184,0.39555555555555555,0.09999999999999998,0.15407407407407403,0.3794642857142857,0.40703517587939697,0.1080402010050251,0.16415410385259632,0.38888888888888884,0.39555555555555555,0.09999999999999998,0.15407407407407403,0.3794642857142857,19.0,-3.0,-3.0,29.0,-6.0,-6.0,40.0,-8.0,-8.0,0.0002508347155486053,6.744362415667637e-05,0.00019021885118711393,0.00012853169511384266,2.5090428362517514e-05,-1.1822829200092144e-05,0.9511111111111111,-0.4466051010359805,214,-0.429872989654541
339,0,test,2.8101682109830413,1.3498355213233657,1.8291862737785487,4.231219181309693,2.0324228019925674,2.7541725144961102,16.61271242445997,12.305320109581286,13.945638568861062,25.013459048192573,18.527896755903644,20.997694436069214,2.9293932027403433,1.3924079251951988,1.9019644049919378,4.405102560511795,2.093846504052931,2.8600968496119368,18.716270068894474,14.065721067039757,15.922397089870373,28.144767020893944,21.1514602511876,23.94345427048176,2.8101682109830413,1.3498355213233657,1.8291862737785487,4.231219181309693,2.0324228019925674,2.7541725144961102,16.61271242445997,12.305320109581286,13.945638568861062,25.013459048192573,18.527896755903644,20.997694436069214,0.7035175879396984,-0.001482412060301641,-0.001482412060301641,0.5175879396984925,-0.002412060301507535,-0.002412060301507535,0.3869346733668342,-0.0030653266331658324,-0.0030653266331658324,0.38257575757575757,0.07196969696969702,0.148989898989899,0.3460076045627376,0.3919597989949749,0.0653266331658292,0.1507537688442211,0.3535353535353535,0.38257575757575757,0.07196969696969702,0.148989898989899,0.3460076045627376,16.0,0.0,0.0,23.0,0.0,0.0,33.0,0.0,0.0,0.0004275473490464805,0.00028683992145286523,0.00011338993418033741,-0.000141735257445319,-0.00018927773293242467,8.23537205478786e-05,0.9583333333333334,-0.22296980018410617,253,-0.5179026126861572
672,0,test,2.717023336089423,1.3025399885519475,1.7652651226499576,3.9710341065922337,1.9037122909605384,2.5800028715653225,15.135202713731774,11.020842491316326,12.544942825978149,22.120680889300285,16.10738517961617,18.33491643796806,2.717023336089423,1.3025399885519475,1.7652651226499576,3.9710341065922337,1.9037122909605384,2.5800028715653225,15.135202713731774,11.020842491316326,12.544942825978149,22.120680889300285,16.10738517961617,18.33491643796806,2.717023336089423,1.3025399885519475,1.7652651226499576,3.9710341065922337,1.9037122909605384,2.5800028715653225,15.135202713731774,11.020842491316326,12.544942825978149,22.120680889300285,16.10738517961617,18.33491643796806,0.6158940397350994,0.1408940397350994,0.1408940397350994,0.4768211920529801,0.10682119205298013,0.10682119205298013,0.35761589403973515,0.07761589403973512,0.07761589403973512,0.39072847682119205,0.10690009398290823,0.17534386143657665,0.3466666666666667,0.39072847682119205,0.10690009398290823,0.17534386143657665,0.3466666666666667,0.39072847682119205,0.10690009398290823,0.17534386143657665,0.3466666666666667,17.0,3.0,3.0,28.0,3.0,3.0,31.0,4.0,4.0,0.00047032321591500064,0.00018018585657679796,-2.2339544218304534e-06,0.00020287305564714586,-5.320682006271227e-05,1.5101903453107468e-05,0.0728476821192053,0.2321475378017231,11,-0.343447208404541
833,0,test,2.827295267333639,1.359378724167261,1.8478357792963211,5.042310030913496,2.4243696991518027,3.295503300655859,16.899689810184643,12.55950667978643,14.236673349583462,30.13957418376879,22.399120193249686,25.390245464225284,3.067280127861623,1.4367876763580876,1.9783621661387265,4.868698615653369,2.2806153592985514,3.1402574065694067,21.48339106223268,16.377002313948896,18.51233352754035,34.10062073370267,25.995241768172853,29.38465639292119,2.827295267333639,1.359378724167261,1.8478357792963211,5.042310030913496,2.4243696991518027,3.295503300655859,16.899689810184643,12.55950667978643,14.236673349583462,30.13957418376879,22.399120193249686,25.390245464225284,0.6180904522613065,-0.0019095477386934512,-0.0019095477386934512,0.4723618090452262,-0.0026381909547738003,-0.0026381909547738003,0.37688442211055273,-0.003115577889447274,-0.003115577889447274,0.37275985663082434,0.09190118042331097,0.1629863167023381,0.3525179856115108,0.371859296482412,0.09617007342476791,0.16484761033883943,0.36363636363636365,0.37275985663082434,0.09190118042331097,0.1629863167023381,0.3525179856115108,22.0,-11.0,-11.0,32.0,-14.0,-14.0,41.0,-14.0,-14.0,0.0009416848159374588,0.0002304703386444112,-3.0039797960901238e-05,-0.0002456840853515274,0.00018111633153772289,2.978536601450088e-05,0.03942652329749104,0.5542759323873517,11,-0.49451375007629395
321,0,test,3.015839241632075,1.4552415845523075,1.963868680818793,4.676245116238499,2.2564420075080727,3.0450997522808256,20.406209496804475,15.64454325837761,17.542921651497117,31.641088882685594,24.257831119731577,27.20138413378205,2.948840714558052,1.4020244238189985,1.9016298133093568,4.467940476603109,2.124279430028785,2.8812572928929643,19.083817307914053,14.387323224154214,16.234125356405617,28.914874708960685,21.798974582051837,24.597159630917602,3.015839241632075,1.4552415845523075,1.963868680818793,4.676245116238499,2.2564420075080727,3.0450997522808256,20.406209496804475,15.64454325837761,17.542921651497117,31.641088882685594,24.257831119731577,27.20138413378205,0.6633165829145728,-0.0016834170854271857,-0.0016834170854271857,0.48743718592964824,-0.002562814070351749,-0.002562814070351749,0.40703517587939697,-0.00296482412060306,-0.00296482412060306,0.4290909090909091,0.12782049166804155,0.20901835770034072,0.45255474452554745,0.4120603015075377,0.10880215614412914,0.17833743005511704,0.43939393939393945,0.4290909090909091,0.12782049166804155,0.20901835770034072,0.45255474452554745,16.0,0.0,0.0,25.0,0.0,0.0,36.0,0.0,0.0,-0.0004808125371046593,-0.00014740009705420777,-0.0001357869605871821,-0.009866535011259892,-0.0070207620762774425,-0.00764258122174688,0.9527272727272728,-0.3735809228134032,262,-0.39633846282958984
378,0,test,2.538176107844265,1.1740949345218181,1.6175802762385099,4.12818297999958,1.9095911866073245,2.6308920584798745,12.656565695583149,8.7444388619888,10.145779745617787,20.585103976149604,14.22227699967144,16.501469356378358,2.6392116658316263,1.221900316144193,1.6734132994306925,4.123768227861916,1.909219243975302,2.614708280360457,14.002160873775399,9.876148763789299,11.37527683829838,21.87837636527406,15.43148244342078,17.77387005984122,2.538176107844265,1.1740949345218181,1.6175802762385099,4.12818297999958,1.9095911866073245,2.6308920584798745,12.656565695583149,8.7444388619888,10.145779745617787,20.585103976149604,14.22227699967144,16.501469356378358,0.6482412060301508,-0.0017587939698492372,-0.0017587939698492372,0.4824120603015075,-0.0025879396984924696,-0.0025879396984924696,0.38190954773869346,-0.0030904522613065533,-0.0030904522613065533,0.4148936170212766,0.12285821879118808,0.19083701324769164,0.3665480427046264,0.42211055276381915,0.13138373572121265,0.1933960285568075,0.36363636363636365,0.4148936170212766,0.12285821879118808,0.19083701324769164,0.3665480427046264,15.0,-5.0,-5.0,24.0,-12.0,-12.0,35.0,-15.0,-15.0,-6.931034321379714e-05,0.00042142896821740675,0.00018255208226605478,-0.00026647385093347964,0.00016949575638847136,1.9271695109068787e-05,0.03900709219858156,0.5542620428953203,11,-0.47133588790893555
886,0,test,2.479860889649257,1.2030650958834823,1.6268791109847838,4.284822929583842,2.0787137416214594,2.810999982904088,11.939603379904085,8.354469586232156,9.592969807662413,20.62982102983427,14.435254411654293,16.575194667669862,2.3809338978822394,1.1184976203353107,1.5377098813896222,4.105058444624551,1.9284441729919153,2.651223933430383,10.814998253131247,7.280977389572596,8.491151219580013,18.646548712295253,12.553409292366545,14.639915895827608,2.479860889649257,1.2030650958834823,1.6268791109847838,4.284822929583842,2.0787137416214594,2.810999982904088,11.939603379904085,8.354469586232156,9.592969807662413,20.62982102983427,14.435254411654293,16.575194667669862,0.5728643216080402,-0.0021356783919597166,-0.0021356783919597166,0.4371859296482412,-0.002814070351758735,-0.002814070351758735,0.31658291457286436,-0.003417085427135591,-0.003417085427135591,0.3786764705882353,0.10161225040474908,0.16351754638285632,0.3726937269372693,0.38190954773869346,0.11373912167353051,0.17656731067692388,0.36868686868686873,0.3786764705882353,0.10161225040474908,0.16351754638285632,0.3726937269372693,19.0,-5.0,-5.0,29.0,-8.0,-8.0,36.0,-7.0,-7.0,5.5139835277128254e-05,-0.0001561587497253267,4.491982367206667e-05,-0.02038183786986103,-0.019674789167349438,-0.019578634551235652,0.06985294117647059,0.3078430609913168,19,-0.513359546661377
437,0,test,2.871106268678337,1.3951311750065438,1.8854432996311759,5.084971343321874,2.4708949726019513,3.339279096937143,17.656540276991333,13.28124025605746,14.976952497560127,31.271221936358145,23.52219659807767,26.525445989654685,2.9166587436828095,1.3804978269122063,1.8907967312885037,4.943489396072559,2.3398268252749266,3.2047402225228883,18.479439648127823,13.832722796696054,15.689940640936193,31.32108414936919,23.44529287575602,26.593119730400325,2.871106268678337,1.3951311750065438,1.8854432996311759,5.084971343321874,2.4708949726019513,3.339279096937143,17.656540276991333,13.28124025605746,14.976952497560127,31.271221936358145,23.52219659807767,26.525445989654685,0.6884422110552764,-0.0015577889447235815,-0.0015577889447235815,0.5175879396984925,-0.002412060301507535,-0.002412060301507535,0.39698492462311563,-0.0030150753768843908,-0.0030150753768843908,0.42662116040955633,0.1216807856225035,0.19733625689082757,0.40068493150684936,0.40201005025125625,0.08872684223120608,0.1666177297170326,0.3737373737373737,0.42662116040955633,0.1216807856225035,0.19733625689082757,0.40068493150684936,23.0,-8.0,-8.0,34.0,-8.0,-8.0,42.0,-6.0,-6.0,-0.0002030305223869011,8.276620976191336e-05,7.182147410788329e-05,-0.0003427029913991575,0.00012688698084151184,-1.9278431547142816e-05,0.9522184300341296,0.25965173558383836,279,-0.6921753883361816
517,0,test,3.0241956275714448,1.4625097369862772,1.9764300510452102,4.9605511013402115,2.3989368347688576,3.2419140405633664,20.577446122141858,15.810595258442996,17.726173078503496,33.75293320754204,25.933926035431682,29.076024905746745,3.0124458792431037,1.4491619427328326,1.9665784283152496,4.670458727508688,2.2467627019113685,3.0489588035895343,20.337081188031885,15.562606587816603,17.491215085595492,31.530358431057184,24.12807222917303,27.118162923403865,3.0241956275714448,1.4625097369862772,1.9764300510452102,4.9605511013402115,2.3989368347688576,3.2419140405633664,20.577446122141858,15.810595258442996,17.726173078503496,33.75293320754204,25.933926035431682,29.076024905746745,0.7236180904522613,-0.0013819095477386467,-0.0013819095477386467,0.5628140703517588,-0.0021859296482411583,-0.0021859296482411583,0.44221105527638194,-0.0027889447236180143,-0.0027889447236180143,0.44052863436123346,0.12844072227332137,0.19748324636709003,0.3407079646017699,0.44221105527638194,0.12642158159217143,0.20014093841494618,0.3282828282828283,0.44052863436123346,0.12844072227332137,0.19748324636709003,0.3407079646017699,16.0,0.0,0.0,26.0,0.0,0.0,36.0,0.0,0.0,0.0004345868034024431,0.00021120045599909518,2.7550273873019287e-05,0.0001146718513931333,1.4097189319883796e-05,-2.088398110533518e-05,0.9515418502202643,0.3874140805131864,216,-0.20157670974731445
623,0,test,2.5566393493776314,1.2262657149958136,1.6678257183358727,4.068630362450424,1.951476621713768,2.654174261437733,12.89241751965262,9.109961140320385,10.460175117580262,20.516965515146104,14.497572567391579,16.646300187116978,2.6166023210727745,1.2169513024490861,1.6801504790961639,3.764895426003992,1.7510090682720665,2.4174827037354873,13.689133200906769,9.635348176419116,11.138218905881033,19.696594533678805,13.863810325782902,16.026214253066236,2.5566393493776314,1.2262657149958136,1.6678257183358727,4.068630362450424,1.951476621713768,2.654174261437733,12.89241751965262,9.109961140320385,10.460175117580262,20.516965515146104,14.497572567391579,16.646300187116978,0.5628140703517588,-0.0021859296482411583,-0.0021859296482411583,0.4773869346733668,-0.0026130653266331905,-0.0026130653266331905,0.3517587939698492,-0.0032412060301507672,-0.0032412060301507672,0.3728813559322034,0.10046172818262644,0.1755871056503545,0.33333333333333337,0.371859296482412,0.09366380776060745,0.16985595758424843,0.31818181818181823,0.3728813559322034,0.10046172818262644,0.1755871056503545,0.33333333333333337,18.0,0.0,0.0,27.0,-1.0,-1.0,36.0,1.0,1.0,0.0004528910919691463,0.0003721773757950007,0.000158686982700683,-0.014719720698042948,-0.01599718612819956,-0.014548032833464397,0.03728813559322034,0.4349580507888298,11,-0.5950057506561279
444,0,test,2.936197103267342,1.4102021501876476,1.9167314159232522,4.78286194808957,2.2971217415006335,3.1222228724787566,18.844047909603297,14.244330112857197,16.072334502909477,30.695650368473295,23.203028297044114,26.180720982726758,2.917097016490324,1.3959948443950903,1.9021085241291034,4.487841563831267,2.1476843759924464,2.926320806352467,18.48754045907661,13.910273106759199,15.728208815274861,28.442369937040937,21.40042016424492,24.197244331192096,2.936197103267342,1.4102021501876476,1.9167314159232522,4.78286194808957,2.2971217415006335,3.1222228724787566,18.844047909603297,14.244330112857197,16.072334502909477,30.695650368473295,23.203028297044114,26.180720982726758,0.6984924623115578,-0.0015075376884421399,-0.0015075376884421399,0.5326633165829145,-0.0023366834170853723,-0.0023366834170853723,0.40703517587939697,-0.00296482412060306,-0.00296482412060306,0.41860465116279066,0.1265350186676263,0.18535722848237834,0.377431906614786,0.42211055276381915,0.11885240740041059,0.18504878314779238,0.36868686868686873,0.41860465116279066,0.1265350186676263,0.18535722848237834,0.377431906614786,17.0,-1.0,-1.0,29.0,-3.0,-3.0,35.0,-1.0,-1.0,-5.343313033265983e-05,-7.446448601908403e-05,0.00021873251989680493,-0.00010015572628230274,-0.00015629801580718805,0.00010338106235963096,0.9573643410852714,0.498790038383319,247,-0.3969261646270752
646,0,test,2.670366935193944,1.255082798601197,1.7263699855254768,4.714351502873259,2.2157634592589033,3.047788986791891,14.4452686979272,10.327612421330276,11.875034686817274,25.502141034612215,18.232698472225053,20.964567410060127,2.664229804908922,1.253609359475247,1.722547291052474,4.440383008181537,2.0893489324587455,2.8709121517541236,14.356887682230976,10.258390172795526,11.792595434194702,23.928146137051627,17.097316954659206,19.654325723657838,2.670366935193944,1.255082798601197,1.7263699855254768,4.714351502873259,2.2157634592589033,3.047788986791891,14.4452686979272,10.327612421330276,11.875034686817274,25.502141034612215,18.232698472225053,20.964567410060127,0.5829145728643217,-0.002085427135678275,-0.002085427135678275,0.4623115577889447,-0.002688442211055242,-0.002688442211055242,0.371859296482412,-0.003140703517587995,-0.003140703517587995,0.42105263157894735,0.13859649122807016,0.21637426900584789,0.37676056338028174,0.3919597989949749,0.12060301507537696,0.19095477386934678,0.3282828282828283,0.42105263157894735,0.13859649122807016,0.21637426900584789,0.37676056338028174,18.0,0.0,0.0,30.0,-2.0,-2.0,38.0,-2.0,-2.0,6.807105929203334e-05,0.0002461454365160331,0.00015124791825916906,-0.004962792658078641,-0.004085577951486563,-0.00480529709353128,0.03859649122807018,0.47835934771412075,11,-0.5297873020172119
3,0,test,2.6804727994911097,1.3105972357454143,1.765945267380597,4.6562852238582675,2.27665602291858,3.067647191274542,14.591990750997017,10.657129725359491,12.096394866597343,25.34794269631956,18.512642873433755,21.01280963939848,2.8292869844568376,1.3637421642459,1.850006649196699,4.254566893920057,2.0507400966103764,2.7819648860100736,16.933382754024773,12.60348113831602,14.270843337485024,25.463733464698905,18.95260321551281,21.45991479321056,2.714640645740367,1.3130855610234082,1.7789994638081996,4.575237043382641,2.213065552286643,2.9983137030475273,15.099183141079726,11.037672088878042,12.550335932384415,25.448061473729872,18.60281812732254,21.152251571434405,0.5879396984924623,-0.002060301507537776,-0.002060301507537776,0.44723618090452266,-0.0027638190954772934,-0.0027638190954772934,0.35678391959798994,-0.0032160804020100464,-0.0032160804020100464,0.3928571428571429,0.12391212056888135,0.19186704384724196,0.33432835820895523,0.37688442211055273,0.10871399604538978,0.17488108321238915,0.30808080808080807,0.3812709030100334,0.11082015175794657,0.17771139244273637,0.3221476510067114,24.0,-5.0,-5.0,35.0,-6.0,-6.0,43.0,-6.0,-6.0,0.0018078903162882338,0.00016690113602005772,0.0005656105433875287,-0.027318123703552466,-0.025027202364706902,-0.025923500870733918,0.02976190476190476,0.5811645429719184,10,-0.6707768440246582
548,0,test,2.8046738612956825,1.3511247215015139,1.8327443823046052,4.457428100987781,2.14732321810062,2.912754464734104,16.521686665808183,12.243414879540042,13.878647434492951,26.25768059387372,19.458284362126136,22.057136101247725,2.760496343144955,1.2892410259378484,1.7728350812762494,4.182570216886295,1.9533954938452243,2.6861137595094684,15.807687038518308,11.452988799502211,13.122739304466949,23.95104096745198,17.353013332579106,19.882938340101436,2.8046738612956825,1.3511247215015139,1.8327443823046052,4.457428100987781,2.14732321810062,2.912754464734104,16.521686665808183,12.243414879540042,13.878647434492951,26.25768059387372,19.458284362126136,22.057136101247725,0.6281407035175879,-0.0018592964824121205,-0.0018592964824121205,0.48743718592964824,-0.002562814070351749,-0.002562814070351749,0.3517587939698492,-0.0032412060301507672,-0.0032412060301507672,0.4172932330827067,0.12273413364555852,0.20354323308270672,0.33207547169811324,0.40703517587939697,0.10628329618014887,0.1883373461632033,0.28787878787878785,0.4172932330827067,0.12273413364555852,0.20354323308270672,0.33207547169811324,24.0,-2.0,-2.0,36.0,-5.0,-5.0,43.0,-6.0,-6.0,-3.291162627634766e-05,0.00028067289893966325,0.0003068770090898678,-0.00015559510116602837,0.0002314721571865519,7.534460660885145e-05,0.05263157894736842,0.31873214490026686,14,-0.42771458625793457
66,0,test,3.2630568929418162,1.5956634741832687,2.151388265366082,5.695517485862079,2.7851580640289777,3.755150426820797,26.129289624041274,20.830950393321142,23.089863788854075,45.60748734378114,36.35947705016054,40.30230770418166,3.334273024426478,1.6262763771654365,2.1913855947166,5.209801600666372,2.5410568393209947,3.4240399917446878,28.057978342877025,22.54008223774983,24.92216860693774,43.84059116074535,35.21887849648411,38.94088844834021,3.2630568929418162,1.5956634741832687,2.151388265366082,5.695517485862079,2.7851580640289777,3.755150426820797,26.129289624041274,20.830950393321142,23.089863788854075,45.60748734378114,36.35947705016054,40.30230770418166,0.7638190954773869,-0.001180904522613102,-0.001180904522613102,0.5678391959798995,-0.0021608040201005485,-0.0021608040201005485,0.4623115577889447,-0.002688442211055242,-0.002688442211055242,0.40418118466898956,0.0841811846689896,0.14578025767014835,0.3881118881118881,0.42211055276381915,0.11885240740041059,0.1683542923297624,0.40909090909090906,0.40418118466898956,0.0841811846689896,0.14578025767014835,0.3881118881118881,18.0,0.0,0.0,27.0,0.0,0.0,37.0,0.0,0.0,0.00014048316501073178,0.00017442348404833984,0.0001390125180714397,-0.00030112346023614123,0.00015012813114179124,1.7489102663859057e-06,0.9512195121951219,-0.3646791491436193,273,-0.394197940826416
74,0,test,2.4526250224186583,1.1884447866402108,1.6084265341557757,4.798614174297375,2.325218060817804,3.146921479869996,11.618806350272932,8.078616924645038,9.292693689673573,22.73244720705574,15.805989635175075,18.181357218926557,2.543881049674547,1.20487066736907,1.6502473987206754,4.710890832730643,2.231241976609389,3.0560137013345843,12.728977021454911,8.913711039657265,10.284982863476715,23.572179669360946,16.5068722956616,19.046264561993915,2.4526250224186583,1.1884447866402108,1.6084265341557757,4.798614174297375,2.325218060817804,3.146921479869996,11.618806350272932,8.078616924645038,9.292693689673573,22.73244720705574,15.805989635175075,18.181357218926557,0.5577889447236181,-0.00221105527638199,-0.00221105527638199,0.44221105527638194,-0.0027889447236180143,-0.0027889447236180143,0.3316582914572864,-0.0033417085427135396,-0.0033417085427135396,0.3568773234200744,0.10270292638853451,0.15663010463144644,0.26865671641791045,0.3668341708542714,0.1061825417815897,0.15982248471069882,0.2525252525252525,0.3568773234200744,0.10270292638853451,0.15663010463144644,0.26865671641791045,21.0,-5.0,-5.0,30.0,-7.0,-7.0,37.0,-6.0,-6.0,9.085282279881015e-05,0.0008115527662162916,0.00043475088381623376,-0.01693798115203471,-0.01858145976233061,-0.018117978495090448,0.03717472118959108,0.5866978474890888,10,-0.3215620517730713
286,0,test,2.068260699479481,0.9757543043489052,1.3338732090193655,3.3856242023326533,1.5972538612590357,2.1834739790953943,7.9110514488828905,4.92931332023789,5.826846442870401,12.949937722056704,8.069003333128265,9.538213603934349,1.9624212612226857,0.9080546528927134,1.254309934888564,2.9960629942331076,1.3863429815155928,1.9149769998298687,7.116537217215684,4.24638057247827,5.086383878865418,10.864942316359823,6.483023774775986,7.765471570786898,2.068260699479481,0.9757543043489052,1.3338732090193655,3.3856242023326533,1.5972538612590357,2.1834739790953943,7.9110514488828905,4.92931332023789,5.826846442870401,12.949937722056704,8.069003333128265,9.538213603934349,0.5276381909547738,-0.002361809045226204,-0.002361809045226204,0.371859296482412,-0.003140703517587995,-0.003140703517587995,0.2613065326633166,-0.003693467336683409,-0.003693467336683409,0.390625,0.1015625,0.17708333333333337,0.3686274509803922,0.37688442211055273,0.10552763819095479,0.17420435510887766,0.33333333333333337,0.390625,0.1015625,0.17708333333333337,0.3686274509803922,19.0,-6.0,-6.0,27.0,-8.0,-8.0,38.0,-12.0,-12.0,-0.00013831121828310634,-0.00019972348593200428,2.6312841363498262e-05,-0.016442749675419144,-0.01587216244725287,-0.016636782466042277,0.0390625,0.4146136525704495,10,-0.828463077545166
258,0,test,2.6710384262319224,1.2782005121912392,1.7368424857822493,4.584335454951243,2.193790950001985,2.9809636990021584,14.454971823815487,10.428711788868428,11.909805654202811,24.809242421016656,17.898923779476313,20.440943037709793,2.66092391003066,1.2551519345137019,1.7189399455615755,4.548587880394291,2.1455588624165847,2.9383588813018386,14.309503687182513,10.23082952434213,11.744438315153594,24.460690063559852,17.488597477507916,20.075962931886487,2.6710384262319224,1.2782005121912392,1.7368424857822493,4.584335454951243,2.193790950001985,2.9809636990021584,14.454971823815487,10.428711788868428,11.909805654202811,24.809242421016656,17.898923779476313,20.440943037709793,0.6381909547738693,-0.0018090452261306789,-0.0018090452261306789,0.46733668341708545,-0.002663316582914521,-0.002663316582914521,0.3417085427135679,-0.003291457286432098,-0.003291457286432098,0.39419087136929465,0.10226540553078534,0.17212190585205323,0.3833333333333333,0.38190954773869346,0.09619526202440776,0.1582033707770908,0.36868686868686873,0.39419087136929465,0.10226540553078534,0.17212190585205323,0.3833333333333333,20.0,-1.0,-1.0,30.0,-1.0,-1.0,37.0,0.0,0.0,0.00029742948736118216,-3.930781554907534e-05,4.5638956015333405e-05,-0.003679718302622703,-0.004212396152905917,-0.004504109886741325,0.05394190871369295,0.2994916155885178,13,-0.24572491645812988
703,0,test,2.880496641151155,1.3850449780321448,1.8813804063751705,4.723298840148478,2.271129653419169,3.0849964427518324,17.823122678081763,13.361771552457899,15.107242111339694,29.225493087040903,21.909985651235313,24.772123710519743,2.879091702779878,1.374872679435159,1.8727732511036232,4.329461207187786,2.067477713436329,2.816200377599433,17.79809987100221,13.297462506311387,15.062588334951721,26.764059956394302,19.99618422001712,22.650508774363487,2.880496641151155,1.3850449780321448,1.8813804063751705,4.723298840148478,2.271129653419169,3.0849964427518324,17.823122678081763,13.361771552457899,15.107242111339694,29.225493087040903,21.909985651235313,24.772123710519743,0.6783919597989949,-0.0016080402010050232,-0.0016080402010050232,0.5226130653266332,-0.002386934673366814,-0.002386934673366814,0.3668341708542714,-0.0031658291457286047,-0.0031658291457286047,0.3954372623574145,0.0804467500234487,0.15649920926006933,0.37786259541984735,0.3869346733668342,0.07365146534678402,0.15488125099621652,0.36363636363636365,0.3954372623574145,0.0804467500234487,0.15649920926006933,0.37786259541984735,18.0,0.0,0.0,29.0,1.0,1.0,38.0,0.0,0.0,0.00014866566229904476,0.00013125736778690257,0.00011322908106707061,-0.00013480533558407615,-0.00018378111340844328,8.585827751517172e-05,0.04182509505703422,0.2580933913440845,11,-0.5223000049591064
966,0,test,2.7772742815366565,1.3299779043623987,1.8104703436278031,4.400356653863273,2.107237718600164,2.868537427566129,16.07514485911624,11.823540630910827,13.445617975334756,25.469710036521832,18.733402038585986,21.303446662218704,2.849841699370677,1.3401965518536918,1.8415444242486352,4.523558252969329,2.127296114053479,2.9230863876962463,17.285045390419285,12.759920632797428,14.544115400691554,27.436579984792516,20.25384227428163,23.085897461415165,2.7772742815366565,1.3299779043623987,1.8104703436278031,4.400356653863273,2.107237718600164,2.868537427566129,16.07514485911624,11.823540630910827,13.445617975334756,25.469710036521832,18.733402038585986,21.303446662218704,0.6582914572864322,-0.0017085427135676845,-0.0017085427135676845,0.48743718592964824,-0.002562814070351749,-0.002562814070351749,0.37688442211055273,-0.003115577889447274,-0.003115577889447274,0.39094650205761317,0.09731200513769533,0.1679642859153423,0.359504132231405,0.3919597989949749,0.1012329819523684,0.16825362203337224,0.36363636363636365,0.39094650205761317,0.09731200513769533,0.1679642859153423,0.359504132231405,23.0,-10.0,-10.0,35.0,-14.0,-14.0,43.0,-15.0,-15.0,0.0003559963074651737,-8.495694275874724e-05,1.2041469729783284e-05,3.793101625682027e-06,-7.384872300431056e-05,-9.33731963588258e-05,0.9506172839506173,-0.5184016999930802,231,-0.17928743362426758
113,0,test,2.6238511856576503,1.2570386573889512,1.7085090972486254,4.389904868311838,2.103122369093053,2.8584671434736624,13.788724399226512,9.865897552540124,11.291094883339435,23.069596591013585,16.506405520595976,18.89087028558713,2.597167154030496,1.2324013867850871,1.685521041277425,4.223036022813815,2.0039046939594916,2.740684619963293,13.425651311356111,9.51084534255042,10.937235935250241,21.830327335538392,15.464789174878732,17.784123471951613,2.6238511856576503,1.2570386573889512,1.7085090972486254,4.389904868311838,2.103122369093053,2.8584671434736624,13.788724399226512,9.865897552540124,11.291094883339435,23.069596591013585,16.506405520595976,18.89087028558713,0.6080402010050252,-0.001959798994974782,-0.001959798994974782,0.44723618090452266,-0.0027638190954772934,-0.0027638190954772934,0.35678391959798994,-0.0032160804020100464,-0.0032160804020100464,0.4192307692307692,0.13708105713863872,0.20183946488294313,0.4092664092664092,0.40201005025125625,0.1288270928577725,0.18999001686227457,0.38383838383838387,0.4192307692307692,0.13708105713863872,0.20183946488294313,0.4092664092664092,17.0,-1.0,-1.0,28.0,-3.0,-3.0,34.0,-2.0,-2.0,-0.000178959862606671,-4.711650365101975e-05,0.0001228031835457669,-0.00011401557000390028,-0.0001672912548489336,9.637194842149199e-05,0.05,0.44948729077085703,13,-0.33305788040161133
172,0,test,2.39164804598922,1.1493983889259785,1.5590907798051,4.087543933145212,1.9644263374371262,2.6646278782123525,10.931494711936413,7.468098551018537,8.632303840106724,18.68291823494587,12.763659341740773,14.753392017636946,2.4260278239856614,1.1399329862827512,1.5585516540524544,3.850837815850256,1.8094174385440494,2.473891514368975,11.313852093776774,7.695224494609139,8.932957802047946,17.95849538694726,12.21464205493514,14.179298098488804,2.39164804598922,1.1493983889259785,1.5590907798051,4.087543933145212,1.9644263374371262,2.6646278782123525,10.931494711936413,7.468098551018537,8.632303840106724,18.68291823494587,12.763659341740773,14.753392017636946,0.592964824120603,-0.0020351758793969443,-0.0020351758793969443,0.4522613065326633,-0.0027386934673366836,-0.0027386934673366836,0.31658291457286436,-0.003417085427135591,-0.003417085427135591,0.3807829181494662,0.0983672875988445,0.1653983027648508,0.37142857142857144,0.3668341708542714,0.07610735381166489,0.14145854481086573,0.3535353535353535,0.3807829181494662,0.0983672875988445,0.1653983027648508,0.37142857142857144,14.0,0.0,0.0,26.0,0.0,0.0,26.0,0.0,0.0,-0.00019125272938903733,-6.587012851642824e-05,6.937064508697759e-05,-0.00025954392907312496,0.0001733692814402943,2.277625207813827e-05,0.9608540925266904,0.5388644373003266,270,-0.607555627822876
418,0,test,2.4189328570744446,1.1275580165555472,1.5547182690491905,4.617962727142121,2.1526107588787715,2.9680985136393634,11.233864776753709,7.596080283951615,8.86072331665102,21.44646911925708,14.501607814816719,16.915926331788313,2.504973870765268,1.1465576592799742,1.595775228759451,4.47316762636655,2.047424391571383,2.8495986227847343,12.243239055154383,8.353211615561893,9.7609065560204,21.862926884204253,14.91644931350338,17.430190278607853,2.4189328570744446,1.1275580165555472,1.5547182690491905,4.617962727142121,2.1526107588787715,2.9680985136393634,11.233864776753709,7.596080283951615,8.86072331665102,21.44646911925708,14.501607814816719,16.915926331788313,0.6231155778894473,-0.0018844221105527303,-0.0018844221105527303,0.4170854271356784,-0.0029145728643216184,-0.0029145728643216184,0.31658291457286436,-0.003417085427135591,-0.003417085427135591,0.38247011952191234,0.10756972111553786,0.15537848605577687,0.348,0.3919597989949749,0.11055276381909551,0.16080402010050254,0.3484848484848485,0.38247011952191234,0.10756972111553786,0.15537848605577687,0.348,13.0,-1.0,-1.0,17.0,1.0,1.0,26.0,-3.0,-3.0,0.00023576005888638612,0.00010563434069139702,0.0002327036185762359,-0.004727175314820364,-0.005362314847597638,-0.0054563543535488535,0.05976095617529881,0.2623029185801991,15,-0.503793478012085
145,0,test,3.106167411514912,1.4906066489484484,2.026173894450478,5.076977079510581,2.436370867591602,3.3117462964466435,22.335278222369254,17.30457005689548,19.390617761409644,36.50662716345872,28.284021403339512,31.693630410028177,3.0808891371580196,1.4726196281262174,2.003649014034944,4.813889276809405,2.3009681689472146,3.1307015844295996,21.77775720353077,16.783595808954814,18.84119340108329,34.027745630516826,26.224368451491898,29.43936468919264,3.106167411514912,1.4906066489484484,2.026173894450478,5.076977079510581,2.436370867591602,3.3117462964466435,22.335278222369254,17.30457005689548,19.390617761409644,36.50662716345872,28.284021403339512,31.693630410028177,0.6783919597989949,-0.0016080402010050232,-0.0016080402010050232,0.507537688442211,-0.0024623115577889765,-0.0024623115577889765,0.3919597989949749,-0.0030402010050251116,-0.0030402010050251116,0.3813559322033898,0.07691618590317839,0.14473621389353064,0.3489361702127659,0.38190954773869346,0.08115766803944535,0.1465172272044698,0.33838383838383834,0.3813559322033898,0.07691618590317839,0.14473621389353064,0.3489361702127659,25.0,0.0,0.0,34.0,0.0,0.0,44.0,0.0,0.0,0.0003284315191173948,-1.5257091894697924e-05,-2.225279636502349e-06,5.230255464905298e-05,-3.5372386360421615e-05,-6.165916468603427e-05,0.0423728813559322,0.6842354700639073,10,-0.22260522842407227
868,0,test,3.0864103993394396,1.475073898173658,2.0093628444139897,4.745355988984389,2.2679261184419994,3.0893953732865094,21.898330462763425,16.888828501801274,18.962332094670515,33.66868308649877,25.96657382151946,29.154585595555915,3.168456657049401,1.5099595491315394,2.0602456137717455,4.729039786640897,2.2536709688530436,3.0749934533906647,23.770769582307192,18.519356977898074,20.74183467108444,35.47876057060775,27.640831310295628,30.957962195648417,3.0864103993394396,1.475073898173658,2.0093628444139897,4.745355988984389,2.2679261184419994,3.0893953732865094,21.898330462763425,16.888828501801274,18.962332094670515,33.66868308649877,25.96657382151946,29.154585595555915,0.7236180904522613,-0.0013819095477386467,-0.0013819095477386467,0.5829145728643217,-0.002085427135678275,-0.002085427135678275,0.42211055276381915,-0.0028894472361808976,-0.0028894472361808976,0.38367346938775515,0.06595452845089156,0.1421537950322599,0.3811475409836066,0.3919597989949749,0.0761703253107644,0.14988968213353915,0.4040404040404041,0.38367346938775515,0.06595452845089156,0.1421537950322599,0.3811475409836066,23.0,-1.0,-1.0,34.0,-3.0,-3.0,42.0,-3.0,-3.0,0.00013081016108548501,-1.9261997769442373e-05,1.5921228643025586e-05,-1.0066742095027337e-05,-8.484196204427974e-05,-0.00010243434826673337,0.04081632653061224,0.2858732139162754,10,-0.269320011138916
127,0,test,2.4590657801490763,1.1505502817491378,1.5829352488111734,4.472529036378521,2.092611586268566,2.87902988206596,11.693881778883704,7.99320580576851,9.292292947640606,21.268738000520024,14.537978344719907,16.900747575910096,2.649846952639774,1.2218933092849773,1.6927566510899823,4.37991231841285,2.0196583624545084,2.797944877834682,14.151872572884656,9.981715746476905,11.547764303596072,23.391524913858937,16.49870371318497,19.087213724952186,2.4590657801490763,1.1505502817491378,1.5829352488111734,4.472529036378521,2.092611586268566,2.87902988206596,11.693881778883704,7.99320580576851,9.292292947640606,21.268738000520024,14.537978344719907,16.900747575910096,0.5728643216080402,-0.0021356783919597166,-0.0021356783919597166,0.4371859296482412,-0.002814070351758735,-0.002814070351758735,0.3316582914572864,-0.0033417085427135396,-0.0033417085427135396,0.33333333333333337,0.08333333333333337,0.14074074074074083,0.3011152416356877,0.35678391959798994,0.09045226130653261,0.15577889447236182,0.3282828282828283,0.33333333333333337,0.08333333333333337,0.14074074074074083,0.3011152416356877,12.0,0.0,0.0,20.0,0.0,0.0,28.0,0.0,0.0,0.00030329790029540843,0.00022634237479283507,4.149659797527905e-05,-0.004858843830169768,-0.004027475075741194,-0.0041268741070323856,0.037037037037037035,0.3961948986905177,10,-0.4203312397003174
747,0,test,2.43082170659521,1.166652868210568,1.5858271320527186,5.535736827624385,2.656831321723226,3.6114214519856027,11.368219584139778,7.82807050721498,9.040254399879995,25.88897064959563,17.82695048281731,20.587470103928396,2.369932039305053,1.0781494482742906,1.505976559153367,4.836595998581741,2.200304996478144,3.0734215492925854,10.696665306600531,7.0573972028584375,8.324138666479456,21.82992919714394,14.402851434404974,16.988038094856034,2.43082170659521,1.166652868210568,1.5858271320527186,5.535736827624385,2.656831321723226,3.6114214519856027,11.368219584139778,7.82807050721498,9.040254399879995,25.88897064959563,17.82695048281731,20.587470103928396,0.5628140703517588,-0.0021859296482411583,-0.0021859296482411583,0.4371859296482412,-0.002814070351758735,-0.002814070351758735,0.3065326633165829,-0.0034673366834171437,-0.0034673366834171437,0.36296296296296293,0.08939549531046753,0.15483488414522895,0.34572490706319703,0.37688442211055273,0.10370146471706898,0.16987273596698016,0.33838383838383834,0.36296296296296293,0.08939549531046753,0.15483488414522895,0.34572490706319703,14.0,-2.0,-2.0,24.0,-8.0,-8.0,31.0,-7.0,-7.0,-8.321982068143444e-05,-0.00019410044086951464,0.0001299092967121958,-0.01753887416798605,-0.015510879613498396,-0.01591563406664953,0.9111111111111111,-0.2790958566529411,246,-0.6060230731964111
732,0,test,2.381765943815524,1.159755612503347,1.5646641067902474,4.1515503604006705,2.0215184634606955,2.727296463919112,10.824000573098745,7.42999662078296,8.56007148797475,18.866834332276284,12.950896887614743,14.920680163067097,2.3297569883119897,1.1002363708301495,1.5048713749641842,3.8508379972099007,1.8185725137688422,2.4873907024201394,10.275444176577928,6.8558543248691,7.993824413022233,16.98420525054203,11.331990619618349,13.212932914086336,2.381765943815524,1.159755612503347,1.5646641067902474,4.1515503604006705,2.0215184634606955,2.727296463919112,10.824000573098745,7.42999662078296,8.56007148797475,18.866834332276284,12.950896887614743,14.920680163067097,0.6030150753768844,-0.0019849246231156137,-0.0019849246231156137,0.42211055276381915,-0.0028894472361808976,-0.0028894472361808976,0.321608040201005,-0.0033919597989949812,-0.0033919597989949812,0.38,0.09656686626746502,0.16058510638297874,0.3775100401606426,0.3869346733668342,0.10623291898086928,0.15988959824162552,0.3787878787878788,0.38,0.09656686626746502,0.16058510638297874,0.3775100401606426,16.0,-2.0,-2.0,25.0,0.0,0.0,34.0,-1.0,-1.0,0.00015215170660080602,-0.00013812376240498057,-9.28976111233849e-05,-0.005719350979480176,-0.0053568182280789856,-0.005452849796579784,0.044,-0.5216438214732739,11,-0.4849586486816406
624,0,test,2.498713764275859,1.1685144675367944,1.607919487792436,4.193047070188941,1.9608633188117435,2.6982210582818276,12.166834474816094,8.38503746253493,9.729769888975333,20.416948262533854,14.070782043294916,16.327353580814773,2.539676405789697,1.169737562680755,1.6168637121673866,3.8479945542268132,1.772329640425386,2.4497935032839186,12.675568566512109,8.740458537496112,10.159210376380837,19.20540691895774,13.243118996206228,15.392742994516418,2.498713764275859,1.1685144675367944,1.607919487792436,4.193047070188941,1.9608633188117435,2.6982210582818276,12.166834474816094,8.38503746253493,9.729769888975333,20.416948262533854,14.070782043294916,16.327353580814773,0.6432160804020101,-0.001783919597989958,-0.001783919597989958,0.4371859296482412,-0.002814070351758735,-0.002814070351758735,0.31155778894472363,-0.003442211055276312,-0.003442211055276312,0.3729508196721312,0.08051728183982032,0.14815517934515565,0.3744855967078189,0.38190954773869346,0.08115766803944535,0.1515255744498788,0.3939393939393939,0.3729508196721312,0.08051728183982032,0.14815517934515565,0.3744855967078189,18.0,-8.0,-8.0,25.0,-11.0,-11.0,36.0,-18.0,-18.0,-0.00022554799565710222,-5.725760757234665e-05,6.862561428695598e-05,-3.136820234672655e-06,-7.934534252473924e-05,-9.790377231322367e-05,0.9508196721311475,-0.35211048225027564,232,-0.28389978408813477
533,0,test,3.3391453394460986,1.6261340911285092,2.19664540821298,4.844655954918906,2.359304374989918,3.187040447754092,28.195019234267704,22.649383588265028,25.060424384426042,40.907224438157186,32.86124439684694,36.359344049080555,3.2090435264206225,1.555243377810367,2.1059649692640408,4.650787719450178,2.253975909870097,3.0521231438609284,24.755397014150702,19.528592244811644,21.74196824275862,35.87738697703001,28.3023076011763,31.510098902548727,3.3391453394460986,1.6261340911285092,2.19664540821298,4.844655954918906,2.359304374989918,3.187040447754092,28.195019234267704,22.649383588265028,25.060424384426042,40.907224438157186,32.86124439684694,36.359344049080555,0.6733668341708543,-0.001633165829145744,-0.001633165829145744,0.49246231155778897,-0.002537688442211028,-0.002537688442211028,0.42211055276381915,-0.0028894472361808976,-0.0028894472361808976,0.40800000000000003,0.11658283433133731,0.1859255319148937,0.40963855421686746,0.39698492462311563,0.10876437324466948,0.17160929857970997,0.38888888888888884,0.40800000000000003,0.11658283433133731,0.1859255319148937,0.40963855421686746,19.0,0.0,0.0,28.0,0.0,0.0,38.0,0.0,0.0,-0.00014433735708522697,-0.00027754930847206824,-0.0002447874462323418,-4.4716351397688925e-05,-0.00011232505964553496,0.0001314175181095223,0.956,-0.5562405508539447,239,-0.35466885566711426
721,0,test,2.57764615523432,1.2418548374627307,1.6864948140570215,4.021128002165539,1.9372935464418597,2.630931909928953,13.166110676344754,9.363106535539249,10.72817574540819,20.539132655097816,14.60644619544123,16.735954162836777,2.541884208151289,1.2033421991562103,1.6482857977421803,3.65738734985797,1.7314276246851947,2.3716342413556553,12.703584632315794,8.890105200857183,10.259676600505546,18.2785390393033,12.791518274614653,14.762124605043953,2.57764615523432,1.2418548374627307,1.6864948140570215,4.021128002165539,1.9372935464418597,2.630931909928953,13.166110676344754,9.363106535539249,10.72817574540819,20.539132655097816,14.60644619544123,16.735954162836777,0.6030150753768844,-0.0019849246231156137,-0.0019849246231156137,0.46733668341708545,-0.002663316582914521,-0.002663316582914521,0.31658291457286436,-0.003417085427135591,-0.003417085427135591,0.40441176470588236,0.125512682137075,0.19169782827556447,0.3763837638376384,0.40201005025125625,0.12130829586529135,0.18832056778047157,0.3535353535353535,0.40441176470588236,0.125512682137075,0.19169782827556447,0.3763837638376384,15.0,-1.0,-1.0,20.0,-2.0,-2.0,29.0,0.0,0.0,3.635687237946849e-06,7.070274202861347e-05,7.398980510984058e-05,-0.004872703673890477,-0.005036262161542737,-0.005529950049892207,0.03676470588235294,0.4274812432945965,10,-0.6455235481262207
692,0,test,1.952216536937452,0.9206420877967008,1.261103785135466,3.483366761986434,1.6427143135196034,2.250204793084851,7.044284205095074,4.238804761109428,5.04834892651596,12.569212993404935,7.563357514920744,9.007838280646125,2.0485854678187736,0.951913943444344,1.31586758618678,3.44300078625004,1.5998553671333513,2.2115421616584534,7.7569209279499916,4.762737574635202,5.676192825672888,13.036841895714272,8.004600965773449,9.539819875080484,1.952216536937452,0.9206420877967008,1.261103785135466,3.483366761986434,1.6427143135196034,2.250204793084851,7.044284205095074,4.238804761109428,5.04834892651596,12.569212993404935,7.563357514920744,9.007838280646125,0.5477386934673367,-0.002261306532663321,-0.002261306532663321,0.38190954773869346,-0.0030904522613065533,-0.0030904522613065533,0.2613065326633166,-0.003693467336683409,-0.003693467336683409,0.3602941176470589,0.08873448461953592,0.147580181216741,0.2952029520295203,0.371859296482412,0.09867633908892826,0.15983926309343033,0.297979797979798,0.3602941176470589,0.08873448461953592,0.147580181216741,0.2952029520295203,18.0,0.0,0.0,25.0,0.0,0.0,37.0,-5.0,-5.0,0.0002509447725224278,0.0003636448120359109,0.0002452778730672704,-0.004872703673891365,-0.005036262161542737,-0.004759737852936929,0.04779411764705882,0.38412740074982016,13,-0.5568591356277466
19,0,test,2.159064884451604,1.0236370622644404,1.401397791660688,4.202206822087014,1.9923137453468973,2.727552748869795,8.66303293283481,5.55052807609742,6.529739298132849,16.8609365806852,10.803041221934574,12.708888566835745,2.4044317826952795,1.1353906354007295,1.5577635962644538,4.054931565731869,1.9147689529215688,2.627075895395138,11.07213711450366,7.514697248863055,8.740272557928108,18.672502421917187,12.673091123082607,14.739951178200792,2.159064884451604,1.0236370622644404,1.401397791660688,4.202206822087014,1.9923137453468973,2.727552748869795,8.66303293283481,5.55052807609742,6.529739298132849,16.8609365806852,10.803041221934574,12.708888566835745,0.5707070707070707,-0.004292929292929237,-0.004292929292929237,0.4545454545454546,-0.005454545454545379,-0.005454545454545379,0.30808080808080807,-0.001919191919191987,-0.001919191919191987,0.38062283737024216,0.11637413270702968,0.17809119180062194,0.26388888888888884,0.38383838383838387,0.10676029819606647,0.17746254491220936,0.2639593908629442,0.38062283737024216,0.11637413270702968,0.17809119180062194,0.26388888888888884,22.0,-6.0,-6.0,30.0,-6.0,-6.0,41.0,-13.0,-13.0,0.0008163951495093993,0.0007490948380372388,0.0002709916246237849,-0.004982614492406334,-0.0033495331410406948,-0.004189238713141918,0.03460207612456748,0.4527598208418154,10,-0.8302619457244873
836,0,test,2.7653719760099986,1.3106795624888306,1.7919238301406755,4.7070161293787205,2.2309439361512005,3.050083115133064,15.884947711249186,11.601781892174351,13.2378915343664,27.03820887021138,19.747713859020173,22.532581335091745,2.9015813209853563,1.3649948072797111,1.872631420005313,4.6799698725570265,2.201604527870502,3.0203732580730858,18.20290726180522,13.55421236102746,15.40478127975565,29.359527841621322,21.861632840366873,24.846421418960723,2.7653719760099986,1.3106795624888306,1.7919238301406755,4.7070161293787205,2.2309439361512005,3.050083115133064,15.884947711249186,11.601781892174351,13.2378915343664,27.03820887021138,19.747713859020173,22.532581335091745,0.6934673366834171,-0.0015326633165829717,-0.0015326633165829717,0.5226130653266332,-0.002386934673366814,-0.002386934673366814,0.40703517587939697,-0.00296482412060306,-0.00296482412060306,0.41422594142259417,0.10524890593198877,0.17500480094971516,0.39075630252100846,0.4170854271356784,0.11633354743643032,0.18336255568325777,0.4040404040404041,0.41422594142259417,0.10524890593198877,0.17500480094971516,0.39075630252100846,17.0,-1.0,-1.0,25.0,-2.0,-2.0,34.0,-3.0,-3.0,8.231197180076354e-05,0.00015909504292276551,0.0001826097431096378,3.151278906887711e-05,-5.1862244922595835e-05,-7.525089254567519e-05,0.04184100418410042,0.3074765335937969,10,-0.3354527950286865
907,0,test,2.493909944004613,1.1835879316469853,1.6190004699111982,4.015834473935634,1.9058800540366843,2.607005884882647,12.108527349332665,8.401160011216787,9.709869205897315,19.497833783027986,13.52802176165165,15.635379131547474,2.6809800614937465,1.2377672849841599,1.715632963288687,3.9426177374908034,1.8202460073296467,2.522989651895128,14.599394591132452,10.365116815544855,11.97369571744187,21.469697928135957,15.242818846389492,17.608376055061573,2.498569479341739,1.1737263925413022,1.6134846943054362,3.9870789563963918,1.8729676476722905,2.5747096185725042,12.1650791105448,8.403484045772917,9.741889277530596,19.412360282784256,13.40981496665891,15.545567996059463,0.6281407035175879,-0.0018592964824121205,-0.0018592964824121205,0.4371859296482412,-0.002814070351758735,-0.002814070351758735,0.36180904522613067,-0.0031909547738693256,-0.0031909547738693256,0.37060702875399365,0.08990527436802875,0.15487907976355797,0.3237179487179487,0.3919597989949749,0.10875177894484955,0.16825362203337224,0.33838383838383834,0.3712374581939799,0.09243946153287808,0.1521050888947586,0.3221476510067114,22.0,-9.0,-9.0,34.0,-11.0,-11.0,41.0,-11.0,-11.0,0.0012329203672673688,0.00042213744996801825,0.0001081235193019169,-0.020745652756842148,-0.017615999389255954,-0.019969930336426245,0.03194888178913738,0.5400267164413636,10,-0.5341804027557373
977,0,test,3.177324243078728,1.534856387342012,2.0791838777286538,5.079913610191738,2.4539320683851327,3.3242041637937154,23.98249629155663,18.814588853450548,20.98391172749585,38.34327251404563,30.08080972378022,33.549128330786786,3.422804320891254,1.6452692099638297,2.2313381861377657,4.960585972306166,2.3844481303823626,3.2338234581706757,30.65526178490404,24.740003805443195,27.36335773892351,44.427915630295715,35.85507797890318,39.657040201338425,3.177324243078728,1.534856387342012,2.0791838777286538,5.079913610191738,2.4539320683851327,3.3242041637937154,23.98249629155663,18.814588853450548,20.98391172749585,38.34327251404563,30.08080972378022,33.549128330786786,0.7487437185929648,-0.0012562814070351536,-0.0012562814070351536,0.6080402010050252,-0.001959798994974782,-0.001959798994974782,0.49246231155778897,-0.002537688442211028,-0.002537688442211028,0.4285714285714286,0.09962406015037595,0.19047619047619047,0.36603773584905663,0.4371859296482412,0.10301507537688448,0.19430485762144056,0.38383838383838387,0.4285714285714286,0.09962406015037595,0.19047619047619047,0.36603773584905663,23.0,-10.0,-10.0,33.0,-9.0,-9.0,42.0,-10.0,-10.0,0.0005056331677019006,0.0007195828840347572,0.000190155922242723,-0.00015559510116602837,0.0002314721571865519,7.534460660885145e-05,0.041353383458646614,-0.499891564922668,11,-0.5926980972290039
524,0,test,2.4809851130324234,1.1967025337633892,1.620588995253326,4.269227629568781,2.0592608535538846,2.7886758684553987,11.953033709140067,8.340958059651845,9.58893674004321,20.568532031961805,14.352947310439864,16.500443091632796,2.5093342160364966,1.1626187359687972,1.610720518447852,4.253108840739825,1.970540230455589,2.730034777030258,12.296740361991583,8.45196383800868,9.840544642175487,20.84193281693489,14.32536243730285,16.678889224026253,2.4809851130324234,1.1967025337633892,1.620588995253326,4.269227629568781,2.0592608535538846,2.7886758684553987,11.953033709140067,8.340958059651845,9.58893674004321,20.568532031961805,14.352947310439864,16.500443091632796,0.5979899497487438,-0.0020100502512562235,-0.0020100502512562235,0.42713567839195976,-0.002864321608040288,-0.002864321608040288,0.3266331658291457,-0.0033668341708542604,-0.0033668341708542604,0.3787878787878788,0.09523400355158385,0.16720097702465464,0.33460076045627374,0.371859296482412,0.09617007342476791,0.16818650850244543,0.31313131313131315,0.3787878787878788,0.09523400355158385,0.16720097702465464,0.33460076045627374,22.0,-11.0,-11.0,32.0,-13.0,-13.0,42.0,-19.0,-19.0,-0.00016529634749429947,0.00024739677885558613,0.0002258530643963074,-0.000141735257445319,-0.00018927773293242467,8.23537205478786e-05,0.9583333333333334,-0.39293069844894046,253,-0.5113265514373779
788,0,test,2.6753493626822107,1.2887368404242818,1.7477451708282903,4.16995794518624,2.0087015557451102,2.724139121011693,14.517420798806432,10.516147951779786,11.988976550817718,22.627711747860307,16.391090941600897,18.686728813844375,2.56571840132203,1.2221711169189968,1.6682190946662832,3.977857986545783,1.8948389409596849,2.586386193281059,13.010001415457065,9.177386620248125,10.556541333312538,20.17054483016599,14.228506387981588,16.366730749321764,2.6753493626822107,1.2887368404242818,1.7477451708282903,4.16995794518624,2.0087015557451102,2.724139121011693,14.517420798806432,10.516147951779786,11.988976550817718,22.627711747860307,16.391090941600897,18.686728813844375,0.5879396984924623,-0.002060301507537776,-0.002060301507537776,0.4773869346733668,-0.0026130653266331905,-0.0026130653266331905,0.2814070351758794,-0.003592964824120637,-0.003592964824120637,0.34172661870503596,0.05447347687379722,0.12163092492513161,0.29963898916967513,0.33668341708542715,0.05096913137114145,0.12800228186005147,0.25757575757575757,0.34172661870503596,0.05447347687379722,0.12163092492513161,0.29963898916967513,19.0,0.0,0.0,29.0,0.0,0.0,35.0,0.0,0.0,-0.0003032247044845577,0.0001800002275692309,0.00025179283287282337,-0.00023875416349117273,0.00018498985658865763,3.328992298534672e-05,0.03597122302158273,-0.3012192310039153,10,-0.4113609790802002
130,0,test,2.3145841034243277,1.1188759501800283,1.5151744845861523,4.360377794838088,2.1078179190488275,2.854393222575203,10.12071287350484,6.814814849318936,7.896485474671687,19.066117155247827,12.838231845168579,14.87595973292989,2.4561955513418434,1.1291785812184802,1.568651986136279,4.198624874088622,1.9302197969546673,2.681456386557742,11.660365784828718,7.890584556619665,9.231210529881547,19.93224920483542,13.488178729264385,15.77984705962658,2.3145841034243277,1.1188759501800283,1.5151744845861523,4.360377794838088,2.1078179190488275,2.854393222575203,10.12071287350484,6.814814849318936,7.896485474671687,19.066117155247827,12.838231845168579,14.87595973292989,0.5527638190954773,-0.0022361809045226,-0.0022361809045226,0.42211055276381915,-0.0028894472361808976,-0.0028894472361808976,0.31658291457286436,-0.003417085427135591,-0.003417085427135591,0.36769759450171824,0.11383824630274741,0.17112616593028962,0.3413793103448276,0.371859296482412,0.10619513608140951,0.16985595758424843,0.33333333333333337,0.36769759450171824,0.11383824630274741,0.17112616593028962,0.3413793103448276,18.0,0.0,0.0,29.0,0.0,0.0,40.0,0.0,0.0,0.00016247282554926286,0.0002521854590252552,4.727819493866037e-05,-0.011436752597807853,-0.012327231645505421,-0.012512709250980691,0.05154639175257732,0.33582852955556236,15,-0.47997045516967773
686,0,test,3.295812907290735,1.5932258117799505,2.156076190431502,5.659706302864779,2.7359532905738457,3.7025032511547855,26.999353122482173,21.511225771486025,23.87340787433048,46.36440639653835,36.939967014482896,40.99640386695372,3.065615182162155,1.4551177161127025,1.9861277470969514,5.109358636936925,2.4251961935211708,3.310212911828252,21.447652142609716,16.442351566906773,18.504481544275116,35.746086904349525,27.403919278177952,30.840802573791855,3.295812907290735,1.5932258117799505,2.156076190431502,5.659706302864779,2.7359532905738457,3.7025032511547855,26.999353122482173,21.511225771486025,23.87340787433048,46.36440639653835,36.939967014482896,40.99640386695372,0.7336683417085428,-0.001331658291457205,-0.001331658291457205,0.5678391959798995,-0.0021608040201005485,-0.0021608040201005485,0.4321608040201005,-0.002839195979899567,-0.002839195979899567,0.4193548387096774,0.10345946647627702,0.1767274928651733,0.39676113360323884,0.42713567839195976,0.103827407715268,0.183396112448721,0.36868686868686873,0.4193548387096774,0.10345946647627702,0.1767274928651733,0.39676113360323884,20.0,-1.0,-1.0,29.0,-2.0,-2.0,43.0,-4.0,-4.0,-0.00023517782133163247,-0.00040508734141707315,-0.0001929029518382432,-3.085650767697956e-05,-0.00010133182060556578,-0.00011602607612637428,0.04838709677419355,-0.6483619563211858,12,-0.3444201946258545
834,0,test,2.8893620763424663,1.3520372869281774,1.8621996906105154,5.390600888698631,2.5224576248660027,3.4742531541240957,17.981834904057788,13.329706717558107,15.188706147228476,33.548199447869,24.868855816339746,28.337138334381482,2.8893620763424663,1.3520372869281774,1.8621996906105154,5.390600888698631,2.5224576248660027,3.4742531541240957,17.981834904057788,13.329706717558107,15.188706147228476,33.548199447869,24.868855816339746,28.337138334381482,2.8893620763424663,1.3520372869281774,1.8621996906105154,5.390600888698631,2.5224576248660027,3.4742531541240957,17.981834904057788,13.329706717558107,15.188706147228476,33.548199447869,24.868855816339746,28.337138334381482,0.7016129032258065,0.24661290322580653,0.24661290322580653,0.49193548387096775,0.1769354838709678,0.1769354838709678,0.3870967741935484,0.14209677419354838,0.14209677419354838,0.3870967741935484,0.1019562119445524,0.1464550629636019,0.3414634146341463,0.3870967741935484,0.1019562119445524,0.1464550629636019,0.3414634146341463,0.3870967741935484,0.1019562119445524,0.1464550629636019,0.3414634146341463,14.0,1.0,1.0,20.0,2.0,2.0,27.0,2.0,2.0,0.00025566435434775357,-9.666991771169169e-05,7.411922152961426e-05,0.00011138881388284005,-1.6426800866220503e-05,-5.996320033219149e-05,0.9112903225806451,0.4558095494164269,113,-0.7421727180480957
553,0,test,2.2451731956159238,1.058664628649598,1.4528366344907586,3.589417019742655,1.6925147884780196,2.3226878678801297,9.442050736646163,6.166426141539487,7.233499920528862,15.095253088523483,9.858426506537652,11.564385223265887,2.249941732879143,1.050592460191133,1.4493718693122188,3.4350255463803707,1.6039579544902793,2.212781479865983,9.487183029413279,6.169225894644635,7.260373484794241,14.4842488998676,9.418665488007075,11.084539671441588,2.2451731956159238,1.058664628649598,1.4528366344907586,3.589417019742655,1.6925147884780196,2.3226878678801297,9.442050736646163,6.166426141539487,7.233499920528862,15.095253088523483,9.858426506537652,11.564385223265887,0.6030150753768844,-0.0019849246231156137,-0.0019849246231156137,0.40703517587939697,-0.00296482412060306,-0.00296482412060306,0.27135678391959794,-0.0036432160804020786,-0.0036432160804020786,0.392,0.10657085828343316,0.17391489361702128,0.35341365461847385,0.3919597989949749,0.10624551328068921,0.17660086744238723,0.3484848484848485,0.392,0.10657085828343316,0.17391489361702128,0.35341365461847385,17.0,0.0,0.0,28.0,0.0,0.0,34.0,-1.0,-1.0,0.0001932619157711525,3.1450126247141354e-05,1.4190168257112764e-05,-4.4716351397688925e-05,-0.00011232505964553496,0.0001314175181095223,0.048,0.5014958358716799,12,-0.9462080001831055
752,0,test,2.943860528687342,1.4105801423629614,1.787039907082893,5.0503562847702845,2.419928599787125,3.0657662405955413,18.98901261903139,14.355661517498575,15.809205242293919,32.576706093093854,24.627934870019782,27.12156988233535,2.9430411452522276,1.34839506644285,1.8768101333101856,5.255430616521834,2.4078483329336597,3.351446666625331,18.973459709410605,14.046874568759108,16.069047559065698,33.88117805251893,25.083704587069832,28.694727784045885,2.8307433199631142,1.336211156474426,1.830968985156579,5.409063668719327,2.553269725747311,3.498666850617667,16.958061406407914,12.500810606082103,14.240392930334835,32.403938993136144,23.886899247290643,27.210941905098412,0.5175879396984925,-0.002412060301507535,-0.002412060301507535,0.4623115577889447,-0.002688442211055242,-0.002688442211055242,0.3919597989949749,-0.0030402010050251116,-0.0030402010050251116,0.38961038961038963,0.13409806795020807,0.18530931434157238,0.36979166666666663,0.3919597989949749,0.13130816992229322,0.20498150183303832,0.3484848484848485,0.4013377926421404,0.15258987945349267,0.21891287606816934,0.35906040268456374,21.0,0.0,0.0,34.0,0.0,0.0,42.0,0.0,0.0,0.00068886011100916,-5.006815039248004e-05,0.00036710536535079037,-0.02346448977290816,-0.0232438421088208,-0.023977857203332675,0.03116883116883117,0.2985670876554629,12,-0.45656371116638184
512,0,test,3.0170476896081224,1.4652888126523267,1.980758468411399,4.3406557082749115,2.108125194977218,2.8497363771338193,20.430884245441906,15.71111987442892,17.61214637470037,29.394110882151903,22.60374020643645,25.33876542940763,3.145085143398794,1.5453841569808189,2.077247966054635,4.398720480278034,2.161376443329817,2.9052419105659233,23.22165255953977,18.270100937710687,20.312571694525186,32.47783574760807,25.552588724070887,28.409191181154103,3.0170476896081224,1.4652888126523267,1.980758468411399,4.3406557082749115,2.108125194977218,2.8497363771338193,20.430884245441906,15.71111987442892,17.61214637470037,29.394110882151903,22.60374020643645,25.33876542940763,0.6984924623115578,-0.0015075376884421399,-0.0015075376884421399,0.5276381909547738,-0.002361809045226204,-0.002361809045226204,0.457286432160804,0.0022864321608040417,0.0022864321608040417,0.43243243243243246,0.14928636501670212,0.2078815342288396,0.3755656108597285,0.44723618090452266,0.1540030981977557,0.216852207615708,0.3939393939393939,0.43243243243243246,0.14928636501670212,0.2078815342288396,0.3755656108597285,21.0,0.0,0.0,33.0,0.0,0.0,43.0,0.0,0.0,-3.5838154102144854e-05,-3.6102797182070025e-05,9.317389602851622e-05,0.00014932146069579488,4.15802869220272e-05,1.7688986595487677e-06,0.9369369369369369,-0.4327131146311925,208,-0.3841280937194824
211,0,test,2.895455214693111,1.3652900357049438,1.8677364299704104,4.356464726694222,2.0541978518863377,2.8101722432582323,18.09173519073639,13.472795479657062,15.297051907457375,27.220592397071265,20.270995033612458,23.015747824064306,2.895455214693111,1.3652900357049438,1.8677364299704104,4.356464726694222,2.0541978518863377,2.8101722432582323,18.09173519073639,13.472795479657062,15.297051907457375,27.220592397071265,20.270995033612458,23.015747824064306,2.895455214693111,1.3652900357049438,1.8677364299704104,4.356464726694222,2.0541978518863377,2.8101722432582323,18.09173519073639,13.472795479657062,15.297051907457375,27.220592397071265,20.270995033612458,23.015747824064306,0.6993865030674846,0.09938650306748464,0.09938650306748464,0.5460122699386503,0.0810122699386503,0.0810122699386503,0.41104294478527603,0.05604294478527605,0.05604294478527605,0.4171779141104295,0.08895705521472397,0.17177914110429449,0.3765432098765432,0.4171779141104295,0.08895705521472397,0.17177914110429449,0.3765432098765432,0.4171779141104295,0.08895705521472397,0.17177914110429449,0.3765432098765432,12.0,1.0,1.0,20.0,2.0,2.0,29.0,3.0,3.0,4.96260185244926e-05,-2.3776630954737575e-05,-0.00013483437359367142,8.48684682512868e-05,0.00010357645243708191,-6.376868119772894e-05,0.9325153374233128,-0.5254236613991924,152,-0.4961559772491455
313,0,test,2.363643311165871,1.1428827700086235,1.5476469060407876,3.5384719392009782,1.7109428450424953,2.3168915220610606,10.629607960201204,7.23984315103934,8.368180111779553,15.912963396040855,10.838345072265993,12.527512238344539,2.38057704756505,1.1402249157071114,1.5293135865177645,3.4252907159209354,1.6406113895066352,2.2004512036226833,10.81113960609487,7.354309095474796,8.468534833291647,15.555596555532187,10.58173970571913,12.184942206175032,2.363643311165871,1.1428827700086235,1.5476469060407876,3.5384719392009782,1.7109428450424953,2.3168915220610606,10.629607960201204,7.23984315103934,8.368180111779553,15.912963396040855,10.838345072265993,12.527512238344539,0.5577889447236181,-0.00221105527638199,-0.00221105527638199,0.39698492462311563,-0.0030150753768843908,-0.0030150753768843908,0.33668341708542715,-0.0033165829145728187,-0.0033165829145728187,0.38095238095238093,0.11164545025931161,0.16723206432968962,0.36254980079681276,0.371859296482412,0.11371393307389066,0.16818650850244543,0.3535353535353535,0.38095238095238093,0.11164545025931161,0.16723206432968962,0.36254980079681276,22.0,-12.0,-12.0,35.0,-17.0,-17.0,41.0,-19.0,-19.0,2.7608320783003625e-06,-1.2789768447086004e-05,5.9543005894416956e-05,-5.857619511928647e-05,-0.00012331829868550415,0.00012440840417138332,0.9484126984126984,-0.4441864301696646,239,-0.38295722007751465
575,0,test,2.998230316178968,1.4486240376123676,1.9628350569894037,4.833881530166091,2.3355367137015723,3.16457080616659,20.05002330666266,15.340407765735582,17.23380415449861,32.3255477801296,24.732494152920637,27.785112820518172,2.8984845913665827,1.3918591592175906,1.8913816939773167,4.4937745602582675,2.1579211770815356,2.932374719344677,18.146624970237134,13.6351441905551,15.40896673201372,28.134302279437417,21.139758434969146,23.889870902346853,2.998230316178968,1.4486240376123676,1.9628350569894037,4.833881530166091,2.3355367137015723,3.16457080616659,20.05002330666266,15.340407765735582,17.23380415449861,32.3255477801296,24.732494152920637,27.785112820518172,0.7085427135678393,-0.0014572864321606982,-0.0014572864321606982,0.5276381909547738,-0.002361809045226204,-0.002361809045226204,0.3668341708542714,-0.0031658291457286047,-0.0031658291457286047,0.3686440677966102,0.06420432149639876,0.13343280019097636,0.3702127659574468,0.38190954773869346,0.06361380839032249,0.1415088799590607,0.36868686868686873,0.3686440677966102,0.06420432149639876,0.13343280019097636,0.3702127659574468,12.0,0.0,0.0,23.0,0.0,0.0,29.0,0.0,0.0,8.039965332607431e-05,-3.280876446860399e-05,-6.782689910974947e-05,5.230255464905298e-05,-3.5372386360421615e-05,-6.165916468603427e-05,0.940677966101695,-0.37246584111322945,222,-0.2303924560546875
869,0,test,2.1700567515627944,1.0435221207520864,1.4179106642329526,4.127660394580979,1.9848812366752968,2.697004899799741,8.758781101151888,5.673833627601109,6.637232939013154,16.660059157435757,10.792187039912598,12.624666849032012,2.2012110102995432,1.0100183769234583,1.4008463626460261,3.82819306139051,1.756553698997319,2.4362545437322196,9.035949504206148,5.7449456754055435,6.809596889455548,15.714694789923737,9.991209870270513,11.84277719905313,2.1700567515627944,1.0435221207520864,1.4179106642329526,4.127660394580979,1.9848812366752968,2.697004899799741,8.758781101151888,5.673833627601109,6.637232939013154,16.660059157435757,10.792187039912598,12.624666849032012,0.5527638190954773,-0.0022361809045226,-0.0022361809045226,0.42211055276381915,-0.0028894472361808976,-0.0028894472361808976,0.2814070351758794,-0.003592964824120637,-0.003592964824120637,0.3579335793357934,0.09458182979619856,0.16529554252597745,0.30000000000000004,0.371859296482412,0.10118260475308871,0.16818650850244543,0.297979797979798,0.3579335793357934,0.09458182979619856,0.16529554252597745,0.30000000000000004,12.0,0.0,0.0,16.0,-1.0,-1.0,25.0,-2.0,-2.0,0.00021540940516218807,0.0002629613184971955,0.0001468329183184931,-0.005864879338552065,-0.005032388636494467,-0.00475623329596786,0.03690036900369004,0.7343692251170123,10,-0.5507290363311768
717,0,test,2.701399141857852,1.292768815150512,1.754925419525847,3.971459932432812,1.9005631088406778,2.5800022958700883,14.900565151423654,10.8102160278146,12.323957365038211,21.906054737540746,15.892631025966239,18.118056723227816,2.701399141857852,1.292768815150512,1.754925419525847,3.971459932432812,1.9005631088406778,2.5800022958700883,14.900565151423654,10.8102160278146,12.323957365038211,21.906054737540746,15.892631025966239,18.118056723227816,2.701399141857852,1.292768815150512,1.754925419525847,3.971459932432812,1.9005631088406778,2.5800022958700883,14.900565151423654,10.8102160278146,12.323957365038211,21.906054737540746,15.892631025966239,18.118056723227816,0.6938775510204082,0.0038775510204082098,0.0038775510204082098,0.5204081632653061,0.00040816326530612734,0.00040816326530612734,0.3571428571428571,-0.0028571428571428914,-0.0028571428571428914,0.3928571428571429,0.08418367346938782,0.1462585034013606,0.3589743589743589,0.3928571428571429,0.08418367346938782,0.1462585034013606,0.3589743589743589,0.3928571428571429,0.08418367346938782,0.1462585034013606,0.3589743589743589,14.0,0.0,0.0,27.0,1.0,1.0,31.0,0.0,0.0,-0.00019422016953104658,-5.8444940531118155e-05,-4.375353804418301e-05,-0.00023964414708910198,-0.00013091656071573254,-8.075776592875172e-05,0.05102040816326531,-0.23731719864197887,10,-0.2731354236602783
237,0,test,2.2351058463801157,1.0745316667900957,1.4596545087209172,3.5846037158926385,1.7233055033426066,2.3409553441750557,9.347471195825802,6.155705799196179,7.175899177558362,14.991227389531947,9.872358357201417,11.508517548914355,2.3139988299528578,1.0993994778908471,1.4993769738629268,3.4796974886509138,1.6532322975802212,2.254702216335228,10.11479122180947,6.745847188393544,7.856469681479456,15.210212363623263,10.144131110366231,11.814240122525497,2.2351058463801157,1.0745316667900957,1.4596545087209172,3.5846037158926385,1.7233055033426066,2.3409553441750557,9.347471195825802,6.155705799196179,7.175899177558362,14.991227389531947,9.872358357201417,11.508517548914355,0.5678391959798995,-0.0021608040201005485,-0.0021608040201005485,0.4120603015075377,-0.0029396984924623393,-0.0029396984924623393,0.321608040201005,-0.0033919597989949812,-0.0033919597989949812,0.37401574803149606,0.1082677165354331,0.1627296587926509,0.32806324110671936,0.3919597989949749,0.128140703517588,0.18257956448911228,0.3484848484848485,0.37401574803149606,0.1082677165354331,0.1627296587926509,0.32806324110671936,26.0,-16.0,-16.0,32.0,-16.0,-16.0,40.0,-15.0,-15.0,0.00020240680968540553,1.9271504094043108e-05,1.9268328772269377e-05,-0.005727899603986231,-0.005365561036538402,-0.005455609420995877,0.03937007874015748,0.5048626294822656,10,-0.6006431579589844
820,0,test,2.719506583870964,1.3009772796333228,1.7706128154944412,4.503733125669903,2.1545285107155028,2.932284715607196,15.172833876707035,11.041793409963962,12.589983029639658,25.12749737253599,18.28614464189799,20.85007771575245,3.09444355548655,1.466995657716785,2.0068857161805753,4.6532985796790225,2.2060085078447895,3.017873257414399,22.074951633651306,16.984085917953138,19.10793235403071,33.19541599045309,25.539978823989685,28.73373286320407,2.7790478768810405,1.336579882725651,1.8155746124264356,4.506564124671957,2.167426836852407,2.9441750471780033,16.10368095946567,11.872555625161057,13.482897602074667,26.11407723156595,19.252792905666578,21.864158273634594,0.6834170854271358,-0.0015829145728643024,-0.0015829145728643024,0.5326633165829145,-0.0023366834170853723,-0.0023366834170853723,0.4170854271356784,-0.0029145728643216184,-0.0029145728643216184,0.40064102564102566,0.10784102564102571,0.1724960363020065,0.32797427652733124,0.4170854271356784,0.11883981310059066,0.18503200476506076,0.36363636363636365,0.4046822742474916,0.10918978676835966,0.17442643442546713,0.3389261744966443,20.0,0.0,0.0,33.0,0.0,0.0,40.0,1.0,1.0,0.0014356392376978068,0.00045625758921656606,0.000339388661753624,0.00045569902817899077,5.329000489684432e-05,-8.586501395235757e-05,0.038461538461538464,0.4426470221639893,12,-0.7526626586914062
23,0,test,3.056089362288111,1.4776351243874986,2.002011619215932,4.721383565690615,2.2828135454609257,3.0929281302856912,21.24431568240622,16.39685868067511,18.374988006471987,32.82055955725033,25.33167388990526,28.387706021974687,3.198455561269496,1.5355859369162939,2.085411184014059,4.738452683362215,2.2749421287648794,3.0894980503911973,24.49467045087042,19.22024568467588,21.451060248903325,36.288400667956175,28.474438051371674,31.779348516893815,3.056089362288111,1.4776351243874986,2.002011619215932,4.721383565690615,2.2828135454609257,3.0929281302856912,21.24431568240622,16.39685868067511,18.374988006471987,32.82055955725033,25.33167388990526,28.387706021974687,0.6984924623115578,-0.0015075376884421399,-0.0015075376884421399,0.507537688442211,-0.0024623115577889765,-0.0024623115577889765,0.37688442211055273,-0.003115577889447274,-0.003115577889447274,0.36964980544747084,0.08615465981640291,0.14067179768550442,0.35546875,0.35678391959798994,0.07106963388370424,0.11972214998196318,0.36363636363636365,0.36964980544747084,0.08615465981640291,0.14067179768550442,0.35546875,19.0,1.0,1.0,28.0,0.0,0.0,38.0,-1.0,-1.0,0.0005831641653478071,0.00038028413110620434,0.0002252970469252106,-9.322580442105988e-05,-0.00015080139628764755,0.00010688561932692409,0.953307392996109,-0.24518365996520755,245,-0.3463015556335449
410,0,test,3.063177827400207,1.4674799411642314,1.9941701264406693,4.738916285919144,2.2702777913305465,3.0850984897288,21.395440260814603,16.463670575230942,18.482952254267676,33.10000463878965,25.470266831092573,28.59421436983764,3.052316207076884,1.4747805914074195,1.9877661971028675,4.488700304524829,2.168794987363852,2.923185583974805,21.164308616438834,16.32130255179617,18.264774687336132,31.123983259468872,24.001915517347307,26.85996277549431,3.063177827400207,1.4674799411642314,1.9941701264406693,4.738916285919144,2.2702777913305465,3.0850984897288,21.395440260814603,16.463670575230942,18.482952254267676,33.10000463878965,25.470266831092573,28.59421436983764,0.7085427135678393,-0.0014572864321606982,-0.0014572864321606982,0.542713567839196,-0.0022864321608039306,-0.0022864321608039306,0.3919597989949749,-0.0030402010050251116,-0.0030402010050251116,0.37786259541984735,0.08262450018175216,0.150705235013756,0.3639846743295019,0.3869346733668342,0.08367652800342562,0.15154235283261053,0.36868686868686873,0.37786259541984735,0.08262450018175216,0.150705235013756,0.3639846743295019,17.0,-3.0,-3.0,26.0,-2.0,-2.0,34.0,-2.0,-2.0,7.31989075524964e-05,7.385946806088603e-05,0.000135893850101515,-0.00012787541372372146,-0.00017828449388890277,8.936283448512938e-05,0.9274809160305344,-0.21780629487729916,243,-0.5936179161071777
69,0,test,2.928670286157112,1.4021270287704355,1.90741945774151,4.350188612186588,2.082691609986495,2.8332429372300796,18.70274465634699,14.100504122971554,15.926078931234057,27.780685045100206,20.944608463361256,23.656280985575734,2.989685076948761,1.4363400493916585,1.948653026773797,4.123703554412084,1.9811586888160808,2.6877972783086856,19.87942101775148,15.152164449337466,17.047282602228258,27.419891058967558,20.89953717149995,23.513493244452768,2.928670286157112,1.4021270287704355,1.90741945774151,4.350188612186588,2.082691609986495,2.8332429372300796,18.70274465634699,14.100504122971554,15.926078931234057,27.780685045100206,20.944608463361256,23.656280985575734,0.7135678391959799,-0.0014321608040201994,-0.0014321608040201994,0.5577889447236181,-0.00221105527638199,-0.00221105527638199,0.38190954773869346,-0.0030904522613065533,-0.0030904522613065533,0.37154150197628455,0.059904421108434414,0.13369656110900463,0.31746031746031744,0.38190954773869346,0.05860127706200169,0.1431783290408637,0.31818181818181823,0.37154150197628455,0.059904421108434414,0.13369656110900463,0.31746031746031744,23.0,-4.0,-4.0,34.0,-8.0,-8.0,43.0,-8.0,-8.0,0.0001076439689709556,0.00013774624297927982,0.00031092513433598226,-6.550611697964115e-05,-0.000128814918206821,0.00012090384720320202,0.9407114624505929,0.25762035263248173,238,-0.5215167999267578
931,0,test,2.928057989993979,1.406782487018896,1.9125077688441516,4.475529052063336,2.150263386894167,2.9232631699949465,18.69129654272954,14.113235739871891,15.930414467485935,28.569598342514062,21.572044265607296,24.34959724304845,3.1363556301841538,1.473625967917426,2.0199501043489367,4.448731390332133,2.090249599882874,2.8651774529772154,23.01982106371285,17.74613446535458,19.965963624040974,32.65222845916716,25.17182193667316,28.320515778781523,2.928057989993979,1.406782487018896,1.9125077688441516,4.475529052063336,2.150263386894167,2.9232631699949465,18.69129654272954,14.113235739871891,15.930414467485935,28.569598342514062,21.572044265607296,24.34959724304845,0.6130653266331658,-0.001934673366834172,-0.001934673366834172,0.4824120603015075,-0.0025879396984924696,-0.0025879396984924696,0.3869346733668342,-0.0030653266331658324,-0.0030653266331658324,0.36734693877551017,0.09909566543085824,0.1659894727121618,0.3447098976109215,0.38190954773869346,0.1087265903452097,0.17155896343151478,0.36363636363636365,0.36734693877551017,0.09909566543085824,0.1659894727121618,0.3447098976109215,21.0,-7.0,-7.0,30.0,-7.0,-7.0,41.0,-11.0,-11.0,0.0006682645930744985,0.00028526766882334113,0.00010587168215558215,-0.005025161954822721,-0.003373315322829029,-0.0042109834742820595,0.034013605442176874,0.5919207842209204,10,-0.5422449111938477
374,0,test,2.2529273307409214,1.0961446564596387,1.4067101482662872,4.985768175722513,2.425787582934349,3.1130745292993582,9.515550268292426,6.335863554443655,7.18473715473689,21.05808165882466,14.02137851693448,15.899950863145545,2.8811394069180003,1.366045705434072,1.8698765838416032,4.762213895732232,2.2579267858414416,3.090705097258849,17.834582453778733,13.284735019449977,15.085512040284305,29.47864868393179,21.95823970157021,24.934730645098025,2.553012586765025,1.2312928648338097,1.6707225886309587,4.817004880688726,2.323194084592094,3.152306771001809,12.845744469002911,9.09587990924862,10.429317480439149,24.237253715099833,17.162037564620036,19.677957510262544,0.6633165829145728,-0.0016834170854271857,-0.0016834170854271857,0.48743718592964824,-0.002562814070351749,-0.002562814070351749,0.3517587939698492,-0.0032412060301507672,-0.0032412060301507672,0.353887399463807,0.0888271584999516,0.15154135840808847,0.24731182795698925,0.36180904522613067,0.06105716552688256,0.133094521019119,0.2828282828282829,0.35785953177257523,0.0807309841932764,0.1543000212052782,0.2751677852348994,15.0,0.0,0.0,26.0,0.0,0.0,36.0,0.0,0.0,0.0005102986039130539,0.0010365778472575101,0.00032835373510634925,-0.060806051781510995,-0.0797811889824418,-0.07308946873943611,0.02680965147453083,0.6457968782866719,10,-0.4651329517364502
867,0,test,3.0260407178764206,1.4710240114035886,1.9887488134114124,4.527511303082278,2.2009214216420103,2.975532575791121,20.615448416534342,15.880282784119728,17.79388282707592,30.844487707181152,23.75981240982799,26.62290865730443,3.0260407178764206,1.4710240114035886,1.9887488134114124,4.527511303082278,2.2009214216420103,2.975532575791121,20.615448416534342,15.880282784119728,17.79388282707592,30.844487707181152,23.75981240982799,26.62290865730443,3.0260407178764206,1.4710240114035886,1.9887488134114124,4.527511303082278,2.2009214216420103,2.975532575791121,20.615448416534342,15.880282784119728,17.79388282707592,30.844487707181152,23.75981240982799,26.62290865730443,0.6974358974358974,0.012435897435897347,0.012435897435897347,0.5333333333333333,0.008333333333333304,0.008333333333333304,0.42051282051282046,0.005512820512820427,0.005512820512820427,0.42051282051282046,0.1212800839399304,0.18882627877517144,0.4278350515463918,0.42051282051282046,0.1212800839399304,0.18882627877517144,0.4278350515463918,0.42051282051282046,0.1212800839399304,0.18882627877517144,0.4278350515463918,18.0,1.0,1.0,30.0,0.0,0.0,41.0,1.0,1.0,-0.00040846206879244684,-0.00027765282538422785,-0.00014268731734519798,-0.00022981043147218827,-0.0001238107118313181,-7.520514079484286e-05,0.9230769230769231,-0.4609707060357208,180,-0.7596144676208496
278,0,test,3.0841486047708546,1.4669988531674027,2.0042108011029534,4.983532806489491,2.3704554639595226,3.238511355440747,21.84885690846092,16.810148648515995,18.904360499967222,35.30455537037893,27.162740194248407,30.54668007616655,3.119033049093669,1.469998510411092,2.0086893937872015,4.835710153633595,2.279067458001693,3.1142471221507,22.6244922895579,17.422537174009136,19.589090942560425,35.07673223187271,27.01168554109944,30.370683631876627,3.0841486047708546,1.4669988531674027,2.0042108011029534,4.983532806489491,2.3704554639595226,3.238511355440747,21.84885690846092,16.810148648515995,18.904360499967222,35.30455537037893,27.162740194248407,30.54668007616655,0.728643216080402,-0.001356783919598037,-0.001356783919598037,0.5628140703517588,-0.0021859296482411583,-0.0021859296482411583,0.42713567839195976,-0.002864321608040288,-0.002864321608040288,0.3939393939393939,0.0877012086841954,0.1559041294557667,0.36882129277566544,0.4170854271356784,0.10630848477978871,0.17000696302883367,0.38383838383838387,0.3939393939393939,0.0877012086841954,0.1559041294557667,0.36882129277566544,15.0,0.0,0.0,28.0,-5.0,-5.0,32.0,0.0,0.0,0.000412917605376939,0.00022692082641337274,0.00012611238712203191,-0.000141735257445319,-0.00018927773293242467,8.23537205478786e-05,0.03787878787878788,0.3888475458997213,10,-0.39797449111938477
828,0,test,2.3463700175090616,1.1121399913172019,1.5172891192646705,4.08204098936508,1.9348188890038989,2.639667371871413,10.447576289690506,7.011844211412372,8.15636437436511,18.175920394393074,12.198687874648924,14.189839391018754,2.3127934867277955,1.0617954770790088,1.4729852847689975,3.987574977116889,1.8306818570327739,2.539629801325858,10.102606771434882,6.608778679214133,7.786684026699862,17.418287536956694,11.394445998645057,13.425317287413556,2.3463700175090616,1.1121399913172019,1.5172891192646705,4.08204098936508,1.9348188890038989,2.639667371871413,10.447576289690506,7.011844211412372,8.15636437436511,18.175920394393074,12.198687874648924,14.189839391018754,0.6381909547738693,-0.0018090452261306789,-0.0018090452261306789,0.46733668341708545,-0.002663316582914521,-0.002663316582914521,0.29648241206030146,-0.0035175879396985854,-0.0035175879396985854,0.4031620553359684,0.09546974764366067,0.16268899357512734,0.3650793650793651,0.39698492462311563,0.09122051359554673,0.15324535867987688,0.3434343434343434,0.4031620553359684,0.09546974764366067,0.16268899357512734,0.3650793650793651,15.0,-2.0,-2.0,26.0,-7.0,-7.0,30.0,-2.0,-2.0,-0.0001104064472148814,0.00011535166913326144,0.00010889244906206638,-6.550611697964115e-05,-0.000128814918206821,0.00012090384720320202,0.039525691699604744,0.7675500142951112,10,-0.39342522621154785
492,0,test,2.3279469850223644,1.1163152332626776,1.5190918356276835,4.056620488751843,1.945262188655755,2.6471303274304185,10.256862410417893,6.897901236439406,8.011526469975397,17.87334439835197,12.020105124884507,13.960679789264058,2.3279469850223644,1.1163152332626776,1.5190918356276835,4.056620488751843,1.945262188655755,2.6471303274304185,10.256862410417893,6.897901236439406,8.011526469975397,17.87334439835197,12.020105124884507,13.960679789264058,2.3279469850223644,1.1163152332626776,1.5190918356276835,4.056620488751843,1.945262188655755,2.6471303274304185,10.256862410417893,6.897901236439406,8.011526469975397,17.87334439835197,12.020105124884507,13.960679789264058,0.5714285714285714,0.056428571428571384,0.056428571428571384,0.3828571428571429,0.03785714285714292,0.03785714285714292,0.3142857142857143,0.03428571428571425,0.03428571428571425,0.36,0.1035897435897436,0.14557874762808343,0.3160919540229885,0.36,0.1035897435897436,0.14557874762808343,0.3160919540229885,0.36,0.1035897435897436,0.14557874762808343,0.3160919540229885,20.0,0.0,0.0,30.0,1.0,1.0,38.0,1.0,1.0,0.00030741483785769863,6.71534877882357e-05,0.00016492667788773076,-3.313611914457226e-05,1.8306265836542934e-05,3.5847361882446194e-05,0.06285714285714286,-0.24379383875629668,11,-0.28052234649658203
98,0,test,3.8947865173503384,1.906630192750184,2.5679891917475595,5.924175281653936,2.900084872130543,3.9060467179739193,49.14556051822509,41.84350179992929,45.37660721087914,74.75298415666869,63.64616852726087,69.02020781023197,3.967557975732056,1.9179099980653223,2.5985624070218574,5.32558117547927,2.574375836329292,3.488003230901822,52.85529918717838,45.090132074302026,48.9238992965946,70.94671031836025,60.52366721382823,65.66966348536188,3.8947865173503384,1.906630192750184,2.5679891917475595,5.924175281653936,2.900084872130543,3.9060467179739193,49.14556051822509,41.84350179992929,45.37660721087914,74.75298415666869,63.64616852726087,69.02020781023197,0.7236180904522613,-0.0013819095477386467,-0.0013819095477386467,0.6030150753768844,-0.0019849246231156137,-0.0019849246231156137,0.5025125628140703,-0.0024874371859296973,-0.0024874371859296973,0.3993055555555556,0.0942795590217601,0.1637397356941237,0.39372822299651566,0.4120603015075377,0.10629589047996879,0.17833743005511704,0.4040404040404041,0.3993055555555556,0.0942795590217601,0.1637397356941237,0.39372822299651566,24.0,0.0,0.0,36.0,0.0,0.0,43.0,0.0,0.0,-3.203356623673976e-05,-0.00014039621875946534,0.00010116556924714336,-0.0003080533820964959,0.0001462546060908565,-1.7556467044599344e-06,0.034722222222222224,0.9446590425381285,10,-0.522390604019165
926,0,test,2.2927625007555523,1.1015494849201823,1.4980540701029583,4.225233751392375,2.0299983364957646,2.760699643475452,9.902254918550485,6.611184010314714,7.688459490744078,18.248441207043037,12.183467676151402,14.168732490085517,2.238612737331123,1.076680807236174,1.4630650146268858,3.977535131507978,1.9130310771428451,2.5995530170602708,9.380309304155363,6.184207343126799,7.208527968733778,16.666799567204617,10.988011261448506,12.808009515875192,2.2927625007555523,1.1015494849201823,1.4980540701029583,4.225233751392375,2.0299983364957646,2.760699643475452,9.902254918550485,6.611184010314714,7.688459490744078,18.248441207043037,12.183467676151402,14.168732490085517,0.5808080808080809,-0.00419191919191908,-0.00419191919191908,0.398989898989899,-0.0010101010101010166,-0.0010101010101010166,0.2676767676767676,-0.0023232323232323937,-0.0023232323232323937,0.36575875486381326,0.08032186165992972,0.1510110187706697,0.3984375,0.3737373737373737,0.089102613032084,0.1539387160192529,0.3908629441624365,0.36575875486381326,0.08032186165992972,0.1510110187706697,0.3984375,20.0,1.0,1.0,28.0,1.0,1.0,37.0,0.0,0.0,-0.00010094304704920217,-2.6163552967986552e-05,-0.0001554816578693752,-9.322580442105988e-05,-0.00015080139628764755,0.00010688561932692409,0.05058365758754864,0.22180637488323404,13,-0.43314051628112793
509,0,test,2.3007901695626174,1.0847286785202526,1.4874069968362043,3.890151799852583,1.8340478314454267,2.5148920933348977,9.982066864802672,6.608193364087916,7.726540937996705,16.877573580620307,11.1730637800697,13.063954085954956,2.340046563454633,1.1072690331228312,1.5147587749832256,3.60007163608405,1.703490820188971,2.3303981153588085,10.381719960223807,6.950974646061791,8.099182401412852,15.971876861882778,10.69380714778737,12.460280617558233,2.3007901695626174,1.0847286785202526,1.4874069968362043,3.890151799852583,1.8340478314454267,2.5148920933348977,9.982066864802672,6.608193364087916,7.726540937996705,16.877573580620307,11.1730637800697,13.063954085954956,0.592964824120603,-0.0020351758793969443,-0.0020351758793969443,0.44221105527638194,-0.0027889447236180143,-0.0027889447236180143,0.29648241206030146,-0.0035175879396985854,-0.0035175879396985854,0.40234375,0.12109375,0.16927083333333337,0.36078431372549025,0.40201005025125625,0.11809045226130654,0.16415410385259632,0.3535353535353535,0.40234375,0.12109375,0.16927083333333337,0.36078431372549025,18.0,-2.0,-2.0,29.0,-4.0,-4.0,39.0,-9.0,-9.0,0.00010788813027833952,-6.137826258742077e-05,9.671191192864893e-05,-8.629588256159337e-05,-0.00014530477676810705,0.00011039017629776993,0.94140625,-0.19624452592909444,241,-0.34413909912109375
921,0,test,3.048151067619854,1.4554363243135173,1.9814553132181867,4.921111362181451,2.349740571783269,3.1989760478462292,21.076339648226597,16.159260214057056,18.170577380531043,34.026861600751374,26.088444201007775,29.335630951700722,2.9211545687261853,1.3830690031650554,1.8906031979708753,4.528921811978582,2.1442930281628767,2.9311677487920544,18.562707013184962,13.907038251907295,15.760096326847062,28.77939071811622,21.561299615360145,24.434257871080714,3.048151067619854,1.4554363243135173,1.9814553132181867,4.921111362181451,2.349740571783269,3.1989760478462292,21.076339648226597,16.159260214057056,18.170577380531043,34.026861600751374,26.088444201007775,29.335630951700722,0.6432160804020101,-0.001783919597989958,-0.001783919597989958,0.4773869346733668,-0.0026130653266331905,-0.0026130653266331905,0.40201005025125625,-0.002989949748743781,-0.002989949748743781,0.42322097378277157,0.12789387097903326,0.19532558150381762,0.42105263157894735,0.42211055276381915,0.13639626704953345,0.20341272304762548,0.3939393939393939,0.42322097378277157,0.12789387097903326,0.19532558150381762,0.42105263157894735,25.0,-13.0,-13.0,33.0,-13.0,-13.0,44.0,-17.0,-17.0,6.151364717685749e-05,-8.073901417285576e-05,7.742783904111231e-05,-0.00016252502302549487,0.00022759863213561715,7.184004964067014e-05,0.951310861423221,0.3558132334571138,254,-0.38535189628601074
320,0,test,2.426694060208233,1.1724702892130008,1.5880005848782295,4.678919920009338,2.2606453288747397,3.061831193065867,11.321392303359932,7.816275758389434,9.00804974101251,21.828828297327973,15.070597050489432,17.36846191894569,2.3728867104472005,1.1344401068339653,1.5421308696455607,4.314339473540364,2.0626183760617547,2.8038743084464732,10.728317172299297,7.278067477897508,8.433264392913852,19.506031222362356,13.232849959813649,15.333207987116092,2.426694060208233,1.1724702892130008,1.5880005848782295,4.678919920009338,2.2606453288747397,3.061831193065867,11.321392303359932,7.816275758389434,9.00804974101251,21.828828297327973,15.070597050489432,17.36846191894569,0.5276381909547738,-0.002361809045226204,-0.002361809045226204,0.39698492462311563,-0.0030150753768843908,-0.0030150753768843908,0.27638190954773867,-0.0036180904522613577,-0.0036180904522613577,0.38095238095238093,0.11609669334626893,0.17846369316957555,0.3651877133105802,0.35678391959798994,0.10615735318194985,0.15645002978162936,0.31818181818181823,0.38095238095238093,0.11609669334626893,0.17846369316957555,0.3651877133105802,26.0,-1.0,-1.0,32.0,-1.0,-1.0,44.0,-5.0,-5.0,-2.0549877341910465e-05,0.0003097143555040916,-9.890245248649761e-06,-0.009700690996385042,-0.010365972881070995,-0.009025038592016976,0.9625850340136054,0.1768235492753177,283,-0.5412266254425049
238,0,test,2.7178410582205412,1.3404876121317406,1.794354932110389,4.339536275280311,2.1403365740667017,2.865019753480124,15.147584165553411,11.183188421182356,12.629530807339293,24.185921678701302,17.85603013105912,20.16538344376274,2.6239286002255082,1.235122906807123,1.6921676894183384,3.6956740848246596,1.7396097278973564,2.3833347738286457,13.789791888686274,9.779733935346872,11.250815734647421,19.422242096741233,13.774273148375878,15.846219344573836,2.7178410582205412,1.3404876121317406,1.794354932110389,4.339536275280311,2.1403365740667017,2.865019753480124,15.147584165553411,11.183188421182356,12.629530807339293,24.185921678701302,17.85603013105912,20.16538344376274,0.6180904522613065,-0.0019095477386934512,-0.0019095477386934512,0.4974874371859297,-0.002512562814070307,-0.002512562814070307,0.3467336683417085,-0.003266331658291488,-0.003266331658291488,0.39583333333333337,0.10467215482380132,0.1752790608160123,0.34843205574912894,0.40201005025125625,0.11880203020113089,0.18331222053506258,0.30808080808080807,0.39583333333333337,0.10467215482380132,0.1752790608160123,0.34843205574912894,14.0,0.0,0.0,24.0,0.0,0.0,34.0,0.0,0.0,0.00010652495334619589,0.0005003474209987687,5.3008128377681584e-05,-0.0003080533820964959,0.0001462546060908565,-1.7556467044599344e-06,0.041666666666666664,0.42528055001081844,12,-0.2334270477294922
356,0,test,2.3311001090430974,1.1220885458225671,1.5223785504577054,3.9387553566590268,1.895942715355372,2.5722947921526744,10.289254611137173,6.939083028508294,8.044218606905279,17.385292273990395,11.724657530927807,13.591955577184782,2.4378307109395405,1.1658054796092217,1.5896522637523542,3.93198501764442,1.880331418724551,2.5639552641167005,11.448179376515647,7.880107956527256,9.11279043571145,18.46480544599298,12.709851542785898,14.698049089857179,2.3311001090430974,1.1220885458225671,1.5223785504577054,3.9387553566590268,1.895942715355372,2.5722947921526744,10.289254611137173,6.939083028508294,8.044218606905279,17.385292273990395,11.724657530927807,13.591955577184782,0.5678391959798995,-0.0021608040201005485,-0.0021608040201005485,0.42713567839195976,-0.002864321608040288,-0.002864321608040288,0.31155778894472363,-0.003442211055276312,-0.003442211055276312,0.3688524590163934,0.10913875758490055,0.16176799035154332,0.345679012345679,0.371859296482412,0.10870140174556986,0.15983926309343033,0.3434343434343434,0.3688524590163934,0.10913875758490055,0.16176799035154332,0.345679012345679,23.0,-9.0,-9.0,33.0,-12.0,-12.0,38.0,-10.0,-10.0,0.0004975187241538489,0.00012047725634259039,1.9905150422939953e-05,-3.136820234672655e-06,-7.934534252473924e-05,-9.790377231322367e-05,0.05327868852459016,0.2802604242177024,13,-0.3394124507904053
7,0,test,3.4497772719762567,1.6848457093954563,2.2698448481445466,6.215301200750611,3.0355071458529705,4.089472536326538,31.49337706989601,25.652204480266555,28.239222777714705,56.74013389452339,46.21636840246371,50.87727740117195,3.5053808752391205,1.7203224253172562,2.3100561804168818,6.20421393847632,3.044818451888949,4.088595009587403,33.294122344597916,27.334194049852716,29.989491751832706,58.927650167429945,48.37910451301366,53.07874646342072,3.4497772719762567,1.6848457093954563,2.2698448481445466,6.215301200750611,3.0355071458529705,4.089472536326538,31.49337706989601,25.652204480266555,28.239222777714705,56.74013389452339,46.21636840246371,50.87727740117195,0.8291457286432161,-0.0008542713567838423,-0.0008542713567838423,0.6080402010050252,-0.001959798994974782,-0.001959798994974782,0.48743718592964824,-0.002562814070351749,-0.002562814070351749,0.4193548387096774,0.09521690767519464,0.154423751420244,0.39814814814814814,0.4321608040201005,0.10384000201508792,0.16504895093161964,0.41414141414141414,0.4193548387096774,0.09521690767519464,0.154423751420244,0.39814814814814814,12.0,0.0,0.0,21.0,0.0,0.0,33.0,0.0,0.0,0.0003424130091734671,4.927492158294516e-05,0.00015328849393990177,0.00018397106999845647,6.90633845241706e-05,2.442177842798543e-05,0.9493087557603687,0.34072173090791325,206,0.07768106460571289
333,0,test,3.1410457986852536,1.5269989058619429,2.064239550188762,4.888136361267583,2.3763355753946205,3.2123964597612082,23.12804149100333,18.104943400623284,20.192751512719102,35.99215924339571,28.17514860570369,31.42422276831434,3.238274298914844,1.5495967916213924,2.111669039420959,4.62610614130692,2.2137097023162746,3.0166700563156557,25.489696174439366,20.07737795580198,22.404530807416187,36.41385167777052,28.681968508288538,32.00647258202312,3.1410457986852536,1.5269989058619429,2.064239550188762,4.888136361267583,2.3763355753946205,3.2123964597612082,23.12804149100333,18.104943400623284,20.192751512719102,35.99215924339571,28.17514860570369,31.42422276831434,0.7135678391959799,-0.0014321608040201994,-0.0014321608040201994,0.5577889447236181,-0.00221105527638199,-0.00221105527638199,0.4321608040201005,-0.002839195979899567,-0.002839195979899567,0.3854961832061069,0.07882951653944026,0.15580075173402563,0.3869731800766284,0.39698492462311563,0.09372677925970707,0.16159260408889198,0.4040404040404041,0.3854961832061069,0.07882951653944026,0.15580075173402563,0.3869731800766284,19.0,-9.0,-9.0,27.0,-8.0,-8.0,37.0,-13.0,-13.0,0.0001279252163901026,1.4454326136245364e-05,-9.229501980939503e-05,-0.00012787541372372146,-0.00017828449388890277,8.936283448512938e-05,0.03816793893129771,-0.2428664936189179,10,-0.21225547790527344
768,0,test,2.4867282154302295,1.18195708445605,1.6122722390692363,4.364816657853059,2.0746239734158634,2.829932391652995,12.02187870840887,8.335033515939148,9.624308104385456,21.10133955112326,14.630023863641442,16.893016323082165,2.3919124452508607,1.1221211965701754,1.5400292124418056,4.12398697457045,1.9346917182244403,2.6552227800720782,10.93438537319439,7.374276065928707,8.590328270093831,18.85238857447309,12.714269079187428,14.81091081050661,2.4867282154302295,1.18195708445605,1.6122722390692363,4.364816657853059,2.0746239734158634,2.829932391652995,12.02187870840887,8.335033515939148,9.624308104385456,21.10133955112326,14.630023863641442,16.893016323082165,0.5728643216080402,-0.0021356783919597166,-0.0021356783919597166,0.44221105527638194,-0.0027889447236180143,-0.0027889447236180143,0.3065326633165829,-0.0034673366834171437,-0.0034673366834171437,0.376,0.09256686626746502,0.15392553191489367,0.34538152610441764,0.38190954773869346,0.10120779335272856,0.1598728198588938,0.3434343434343434,0.376,0.09256686626746502,0.15392553191489367,0.34538152610441764,19.0,0.0,0.0,29.0,0.0,0.0,35.0,0.0,0.0,-0.0002754734720006945,-3.408705364632601e-05,4.817429736529105e-05,-0.005719350979480176,-0.0061405176600368705,-0.005452849796579784,0.06,0.34019660690108516,15,-0.449688196182251
831,0,test,2.224035197584783,1.0558772600463613,1.442885333053614,4.535287461741518,2.1531614714670897,2.9423544046583503,9.244559326736875,6.028496336831017,7.060577220943221,18.851650391777156,12.293404294714229,14.398039823099902,2.4413757202213007,1.139000114190574,1.5690626006113084,4.283115298633861,1.9982458143694282,2.752741404581243,11.48883529889854,7.8108114659381815,9.096396844535352,20.15585140157639,13.703178010417865,15.958590955325183,2.2370820663106548,1.0735743394719008,1.4577632606369124,4.534625810089165,2.1761642016322313,2.954925528318065,9.36596211975139,6.164819781397676,7.185975354768631,18.985058350847414,12.496256313643938,14.566166259666144,0.6482412060301508,-0.0017587939698492372,-0.0017587939698492372,0.4723618090452262,-0.0026381909547738003,-0.0026381909547738003,0.3517587939698492,-0.0032412060301507672,-0.0032412060301507672,0.3922829581993569,0.10175326317527988,0.1634059528517633,0.3193548387096774,0.40201005025125625,0.09624563922368734,0.1616093824716235,0.3434343434343434,0.3946488294314381,0.10583413827951826,0.1677300307662546,0.31879194630872487,13.0,-1.0,-1.0,22.0,-4.0,-4.0,32.0,-6.0,-6.0,0.0010764949948420751,0.0002639896677335913,0.00013576431102991344,-0.012111549258730925,-0.011926071514128722,-0.013272816546253452,0.03215434083601286,-0.7266335122153512,10,-0.3648228645324707
43,0,test,3.1172921808226866,1.4969017956522381,2.0359203128814842,5.520700656113459,2.6510016533688487,3.6055993327366735,22.585140292044276,17.530076938858826,19.636418257262626,39.99811105155933,31.045632441337766,34.77594683728954,3.1122889864169547,1.4863425817218836,2.025654979999607,5.320152113533256,2.540756549951938,3.462658085469413,22.472424648744752,17.389197096902826,19.508145133378836,38.41440110896539,29.72512324256894,33.34725663825442,3.1172921808226866,1.4969017956522381,2.0359203128814842,5.520700656113459,2.6510016533688487,3.6055993327366735,22.585140292044276,17.530076938858826,19.636418257262626,39.99811105155933,31.045632441337766,34.77594683728954,0.7386934673366834,-0.0013065326633165952,-0.0013065326633165952,0.5527638190954773,-0.0022361809045226,-0.0022361809045226,0.40703517587939697,-0.00296482412060306,-0.00296482412060306,0.38961038961038963,0.07495521719659648,0.13996906966777845,0.3521739130434782,0.3919597989949749,0.0794597989949749,0.14570355939430935,0.3484848484848485,0.38961038961038963,0.07495521719659648,0.13996906966777845,0.3521739130434782,24.0,-9.0,-9.0,35.0,-9.0,-9.0,44.0,-13.0,-13.0,0.0002255700591749222,0.00013812550383326066,6.240561266067844e-05,8.695216395082639e-05,-7.889288760054569e-06,-3.900628491937397e-05,0.0735930735930736,0.30741541173664877,17,-0.12632274627685547
725,0,test,1.7330571212034074,0.8091898687486716,1.1149174378324087,3.739754840491563,1.7461465588787122,2.40587447111204,5.657924456721688,3.1389112191296484,3.802451394948858,12.209205406609959,6.773439999174505,8.205289852258062,1.6704178507077714,0.7425757052666392,1.048998691983659,3.5540805334207906,1.579948309077956,2.2319121106035302,5.3143879540697805,2.785341982113842,3.4528199254382965,11.307208412914427,5.92625953641243,7.346425373272972,1.7330571212034074,0.8091898687486716,1.1149174378324087,3.739754840491563,1.7461465588787122,2.40587447111204,5.657924456721688,3.1389112191296484,3.802451394948858,12.209205406609959,6.773439999174505,8.205289852258062,0.3869346733668342,-0.0030653266331658324,-0.0030653266331658324,0.2613065326633166,-0.003693467336683409,-0.003693467336683409,0.22613065326633164,-0.003869346733668344,-0.003869346733668344,0.32867132867132864,0.09830483652473176,0.1577410961131891,0.30175438596491233,0.3015075376884422,0.08346242490648725,0.13957097675355068,0.25757575757575757,0.32867132867132864,0.09830483652473176,0.1577410961131891,0.30175438596491233,23.0,0.0,0.0,28.0,0.0,0.0,37.0,0.0,0.0,-0.00032248752623451955,8.637545645957546e-05,0.0003031621942107859,-0.07579485448925904,-0.07567759796717155,-0.0800406401100835,0.045454545454545456,0.2967219250649411,13,-0.4328986406326294
324,0,test,2.473941715183724,1.1709410356902852,1.6025978443908724,4.022052481740411,1.903677143913654,2.6054504832121546,11.869139534082134,8.18881594734592,9.479018824443806,19.296453843753163,13.313105681267908,15.410674775936247,2.457873262878011,1.180598132242325,1.6020938437508454,3.69605001936543,1.7753355372065036,2.4091636748133016,11.679944934512028,8.093092242096365,9.326737133361062,17.56382696919102,12.170063521949421,14.025168621595583,2.473941715183724,1.1709410356902852,1.6025978443908724,4.022052481740411,1.903677143913654,2.6054504832121546,11.869139534082134,8.18881594734592,9.479018824443806,19.296453843753163,13.313105681267908,15.410674775936247,0.6381909547738693,-0.0018090452261306789,-0.0018090452261306789,0.44723618090452266,-0.0027638190954772934,-0.0027638190954772934,0.31658291457286436,-0.003417085427135591,-0.003417085427135591,0.375,0.06309073724007563,0.13948362720403018,0.3422053231939164,0.35678391959798994,0.05352577423458138,0.12306104814556929,0.30808080808080807,0.375,0.06309073724007563,0.13948362720403018,0.3422053231939164,19.0,1.0,1.0,29.0,0.0,0.0,37.0,1.0,1.0,-0.00014965895479883662,-0.00033281335925435586,-1.6225020055220632e-05,-0.005816369885527806,-0.005433770901363211,-0.005501913594141428,0.03787878787878788,0.9202503856171932,10,-0.5487220287322998
411,0,test,2.262073332413758,1.079230446299279,1.4712220311663016,4.590192601540326,2.1899712705926975,2.9853994501038823,9.602978707847932,6.339339526325959,7.397705728823157,19.486336356070986,12.86376925780012,15.011402865787137,2.152291616581406,1.0135095458540546,1.3920922908348725,4.392431870574298,2.068386828273581,2.8410046751732096,8.604554159978829,5.481591659406012,6.46585168349758,17.56031461220169,11.18692175388982,13.195615680607306,2.262073332413758,1.079230446299279,1.4712220311663016,4.590192601540326,2.1899712705926975,2.9853994501038823,9.602978707847932,6.339339526325959,7.397705728823157,19.486336356070986,12.86376925780012,15.011402865787137,0.5025125628140703,-0.0024874371859296973,-0.0024874371859296973,0.3919597989949749,-0.0030402010050251116,-0.0030402010050251116,0.27638190954773867,-0.0036180904522613577,-0.0036180904522613577,0.3898916967509025,0.12093862815884471,0.18892900120336942,0.35144927536231885,0.36180904522613067,0.11557788944723624,0.17420435510887777,0.297979797979798,0.3898916967509025,0.12093862815884471,0.18892900120336942,0.35144927536231885,19.0,-5.0,-5.0,30.0,-8.0,-8.0,39.0,-10.0,-10.0,0.00011388785543832368,0.00034633038971219985,0.0001424734652675717,-0.03949294848337548,-0.04393017723142467,-0.04016391043916112,0.9602888086642599,0.38853962202828535,266,-0.4211099147796631
317,0,test,2.7488177331483157,1.3183571765689877,1.7934754573128648,4.484913143557778,2.1510038144020323,2.926196798773621,15.624149047014127,11.443524884440084,13.024588849711707,25.49203265565463,18.671014285139087,21.2506449653191,2.820639370990058,1.3493788026672244,1.8348679715216505,4.586405481284648,2.19411187425565,2.9835251569457735,16.78758073364367,12.432859627543124,14.107702389628036,27.296879241697024,20.216031914704267,22.93935347906998,2.7488177331483157,1.3183571765689877,1.7934754573128648,4.484913143557778,2.1510038144020323,2.926196798773621,15.624149047014127,11.443524884440084,13.024588849711707,25.49203265565463,18.671014285139087,21.2506449653191,0.6180904522613065,-0.0019095477386934512,-0.0019095477386934512,0.4723618090452262,-0.0026381909547738003,-0.0026381909547738003,0.3869346733668342,-0.0030653266331658324,-0.0030653266331658324,0.3848920863309353,0.10482027304547747,0.17197342604385402,0.36101083032490977,0.3869346733668342,0.11375171597335043,0.1749146399778525,0.36363636363636365,0.3848920863309353,0.10482027304547747,0.17197342604385402,0.36101083032490977,24.0,-12.0,-12.0,36.0,-14.0,-14.0,44.0,-19.0,-19.0,0.0001140180306981381,-1.997992793599322e-05,5.7338880535257344e-05,-0.00023875416349117273,0.00018498985658865763,3.328992298534672e-05,0.960431654676259,-0.46212329160590865,267,-0.5584895610809326
363,0,test,2.4638591632486264,1.176372899994234,1.5976579373341104,4.00557220691882,1.9124658842011524,2.597362026777092,11.75006959144297,8.126403436798052,9.37220887242191,19.102452318252315,13.211345938186309,15.236690447563106,2.6141669818547295,1.2334195227421008,1.6877280946143225,3.960859063416257,1.868817458700153,2.55716377971867,13.655836079311353,9.677962264717543,11.130336523005203,20.69066072622932,14.663579188965976,16.86414624697758,2.4638591632486264,1.176372899994234,1.5976579373341104,4.00557220691882,1.9124658842011524,2.597362026777092,11.75006959144297,8.126403436798052,9.37220887242191,19.102452318252315,13.211345938186309,15.236690447563106,0.5728643216080402,-0.0021356783919597166,-0.0021356783919597166,0.44221105527638194,-0.0027889447236180143,-0.0027889447236180143,0.3417085427135679,-0.003291457286432098,-0.003291457286432098,0.3646209386281588,0.10155787556509577,0.15693786539886712,0.3695652173913043,0.3517587939698492,0.08108210224052592,0.15142490415348864,0.38888888888888884,0.3646209386281588,0.10155787556509577,0.15693786539886712,0.3695652173913043,18.0,-1.0,-1.0,29.0,-5.0,-5.0,37.0,-4.0,-4.0,0.00032771088410914006,-2.2061843364400632e-05,-0.000130536344147256,-0.00861262238427507,-0.009211792290543919,-0.007948928686996481,0.036101083032490974,0.5817096750389658,10,-0.5798177719116211
397,0,test,2.708209041463024,1.311128915064627,1.7678541267974492,4.367574118891236,2.1144795797863063,2.851047984835193,15.002382794649183,10.959006229317747,12.441492640118582,24.194594217960244,17.6737730519055,20.06460373753228,2.8517481253541486,1.3584322038325,1.8391540010018317,4.256340485603206,2.027510751988806,2.7450059716445248,17.318029480950734,12.8661964807601,14.565296789250311,25.847805195448856,19.203278329492687,21.739248939179568,2.708209041463024,1.311128915064627,1.7678541267974492,4.367574118891236,2.1144795797863063,2.851047984835193,15.002382794649183,10.959006229317747,12.441492640118582,24.194594217960244,17.6737730519055,20.06460373753228,0.6934673366834171,-0.0015326633165829717,-0.0015326633165829717,0.542713567839196,-0.0022864321608039306,-0.0022864321608039306,0.40703517587939697,-0.00296482412060306,-0.00296482412060306,0.39568345323741005,0.1012489828603903,0.16601838146707515,0.3646209386281588,0.42211055276381915,0.11634614173625024,0.18504878314779238,0.38888888888888884,0.39568345323741005,0.1012489828603903,0.16601838146707515,0.3646209386281588,13.0,0.0,0.0,20.0,0.0,0.0,31.0,0.0,0.0,0.0002582171121588419,0.0005403861369384587,0.0001080706962806607,-0.00023875416349117273,0.00018498985658865763,3.328992298534672e-05,0.03597122302158273,0.34584561680506765,10,-0.40323662757873535
14,0,test,3.3886211536174535,1.6484676611774114,2.223281062431555,5.669014005422909,2.7578138231018325,3.7194513371496454,29.625075667150572,23.92685767821694,26.41806229240974,49.56144734252862,40.02857951198557,44.19625515585528,3.2823035842598647,1.5959183493869196,2.1538658015466474,5.337078998796528,2.5949891859949914,3.5022208155230037,26.637062797908698,21.237136878365884,23.546238610338538,43.31229723237187,34.53192988352177,38.28656684607893,3.3886211536174535,1.6484676611774114,2.223281062431555,5.669014005422909,2.7578138231018325,3.7194513371496454,29.625075667150572,23.92685767821694,26.41806229240974,49.56144734252862,40.02857951198557,44.19625515585528,0.7537688442211055,-0.0012311557788945438,-0.0012311557788945438,0.592964824120603,-0.0020351758793969443,-0.0020351758793969443,0.4623115577889447,-0.002688442211055242,-0.002688442211055242,0.44150943396226416,0.10629286145755612,0.19056840510404582,0.44318181818181823,0.42211055276381915,0.09629601642296703,0.1800404359023834,0.4191919191919192,0.44150943396226416,0.10629286145755612,0.19056840510404582,0.44318181818181823,17.0,-3.0,-3.0,29.0,-4.0,-4.0,40.0,-10.0,-10.0,-0.0001753059738630123,-0.00013168911095301147,-4.3757098391576294e-05,-0.0001486651793047855,0.00023534568223659846,7.884916357880911e-05,0.03773584905660377,-0.5055315761947753,10,-0.4402627944946289
445,0,test,2.4504431188287628,1.136306847784668,1.569433986741425,3.9879760561330846,1.8492836934534793,2.5541768803831033,11.593482871727806,7.871947672772297,9.18014902107754,18.867825065753095,12.81120895764903,14.94024252449874,2.474571601859442,1.1128512885300894,1.5469969914307096,3.866518127905378,1.738830138328265,2.417182799110484,11.876618102004766,7.973716358282163,9.348248647894156,18.557215784382446,12.45893180981588,14.606638512334616,2.4504431188287628,1.136306847784668,1.569433986741425,3.9879760561330846,1.8492836934534793,2.5541768803831033,11.593482871727806,7.871947672772297,9.18014902107754,18.867825065753095,12.81120895764903,14.94024252449874,0.6080402010050252,-0.001959798994974782,-0.001959798994974782,0.44723618090452266,-0.0027638190954772934,-0.0027638190954772934,0.3417085427135679,-0.003291457286432098,-0.003291457286432098,0.3951612903225806,0.09213098729227764,0.17144161377271538,0.35627530364372473,0.38190954773869346,0.08719922028277405,0.16006080824289515,0.33333333333333337,0.3951612903225806,0.09213098729227764,0.17144161377271538,0.35627530364372473,17.0,-8.0,-8.0,29.0,-16.0,-16.0,38.0,-21.0,-21.0,0.0001205297870615969,0.00019132810106471532,7.046641339773214e-05,-0.008411654650321232,-0.009501987492790853,-0.01012572053483396,0.06854838709677419,0.274482081281197,17,-0.5537652969360352
354,0,test,2.3338834595455524,1.1148141225959742,1.5188227663671636,4.273734646700297,2.041412873844576,2.7812209098411693,10.317933105765734,6.9338962361891285,8.058620312702836,18.89387750536323,12.697134666268406,14.756694338845453,2.404329763534982,1.143209092558361,1.562642341968604,3.877951231508036,1.8438856331586466,2.52039087414291,11.071007601989479,7.541633062461156,8.750728637958542,17.85646387417658,12.163924294292189,14.114078448320228,2.3338834595455524,1.1148141225959742,1.5188227663671636,4.273734646700297,2.041412873844576,2.7812209098411693,10.317933105765734,6.9338962361891285,8.058620312702836,18.89387750536323,12.697134666268406,14.756694338845453,0.5979899497487438,-0.0020100502512562235,-0.0020100502512562235,0.3869346733668342,-0.0030653266331658324,-0.0030653266331658324,0.29145728643216084,-0.0035427135678391952,-0.0035427135678391952,0.34519572953736655,0.06455629792102546,0.12981111415275115,0.3214285714285714,0.33668341708542715,0.043450334378660194,0.11965503645103648,0.31818181818181823,0.34519572953736655,0.06455629792102546,0.12981111415275115,0.3214285714285714,21.0,0.0,0.0,33.0,0.0,0.0,35.0,1.0,1.0,-0.000514051305192325,0.00012986523826242068,5.941504840207212e-05,-0.00025954392907312496,0.0001733692814402943,2.277625207813827e-05,0.03558718861209965,0.5504768470126105,10,-0.22525596618652344
168,0,test,2.6569025520244334,1.273442505225172,1.7337060818385068,4.86263297257302,2.3306400567328622,3.1730092441195317,14.252075596811078,10.263396802586847,11.734751502046846,26.0839874130316,18.783952638696682,21.47680935280272,2.5645752670227293,1.2290169453636048,1.673012464282008,4.31021053281131,2.0655746980900926,2.811785654255476,12.995137733815852,9.19301957497166,10.55619947996083,21.840567619858575,15.450453067179257,17.741511731026606,2.6569025520244334,1.273442505225172,1.7337060818385068,4.86263297257302,2.3306400567328622,3.1730092441195317,14.252075596811078,10.263396802586847,11.734751502046846,26.0839874130316,18.783952638696682,21.47680935280272,0.6281407035175879,-0.0018592964824121205,-0.0018592964824121205,0.457286432160804,-0.0027135678391959628,-0.0027135678391959628,0.35678391959798994,-0.0032160804020100464,-0.0032160804020100464,0.4137931034482759,0.11947296575464428,0.19475640620056944,0.40830449826989623,0.40703517587939697,0.12382715582927162,0.1883373461632033,0.38383838383838387,0.4137931034482759,0.11947296575464428,0.19475640620056944,0.40830449826989623,22.0,-10.0,-10.0,32.0,-7.0,-7.0,41.0,-11.0,-11.0,-0.0004963027932362576,-3.882451480860583e-05,8.059757497091334e-05,-0.00032191322581809345,0.00013850755599076336,-8.764760639934366e-06,0.03793103448275862,0.46970088579241315,11,-0.7143223285675049
702,0,test,2.578716007625669,1.2225728194105072,1.674001762727459,4.875090846533198,2.3112873009293526,3.1647186609227145,13.180204008885115,9.299008650618404,10.708978352071536,24.917319987600322,17.57987766795742,20.245440826179035,2.8331849586824656,1.3257863561032028,1.8260031597611326,4.682950344929695,2.1913824067821537,3.018187040927492,16.99951745549488,12.484547183464942,14.26164320332039,28.098375959495666,20.635615179280894,23.572963972430394,2.578716007625669,1.2225728194105072,1.674001762727459,4.875090846533198,2.3112873009293526,3.1647186609227145,13.180204008885115,9.299008650618404,10.708978352071536,24.917319987600322,17.57987766795742,20.245440826179035,0.6432160804020101,-0.001783919597989958,-0.001783919597989958,0.507537688442211,-0.0024623115577889765,-0.0024623115577889765,0.39698492462311563,-0.0030150753768843908,-0.0030150753768843908,0.39534883720930236,0.12068732850524044,0.18916327019899304,0.311284046692607,0.4120603015075377,0.11882721880077074,0.18668467546413203,0.3282828282828283,0.39534883720930236,0.12068732850524044,0.18916327019899304,0.311284046692607,21.0,0.0,0.0,35.0,0.0,0.0,40.0,0.0,0.0,0.00039747087394297856,0.000450458208651534,0.0002876376155691982,-0.01120806517641082,-0.01261816369225599,-0.012397058871011168,0.04263565891472868,0.607160863763418,11,-0.37156009674072266
825,0,test,3.804090958336709,1.837738584362619,2.490925801543249,6.331094237803237,3.0585220725463587,4.145612226854121,44.88442974544537,37.739861557674736,41.16650682810284,74.7005152192055,62.80991244955867,68.51282922105686,3.6648186651802472,1.757852953909292,2.390785744791266,5.863709864288396,2.812564726254867,3.8252571916660263,39.04905456777729,32.316425534358686,35.473812373905005,62.47848730844366,51.7062808549739,56.758099798248,3.804090958336709,1.837738584362619,2.490925801543249,6.331094237803237,3.0585220725463587,4.145612226854121,44.88442974544537,37.739861557674736,41.16650682810284,74.7005152192055,62.80991244955867,68.51282922105686,0.7889447236180904,-0.001055276381909609,-0.001055276381909609,0.6532663316582914,-0.0017336683417086274,-0.0017336683417086274,0.5125628140703518,-0.0024371859296482556,-0.0024371859296482556,0.4568965517241379,0.11496106785317017,0.19758423080723242,0.4545454545454546,0.457286432160804,0.11894056749914983,0.19685237539953526,0.4494949494949495,0.4568965517241379,0.11496106785317017,0.19758423080723242,0.4545454545454546,24.0,-10.0,-10.0,37.0,-11.0,-11.0,45.0,-7.0,-7.0,-0.00019184008482300632,-0.00022043258745779796,-1.1860866580414283e-05,8.002224209047171e-05,-1.3385908281371428e-05,-4.3536860872883665e-05,0.9439655172413793,0.24638280653708564,219,-0.3853726387023926
231,0,test,2.5051097123798702,1.2152480563237253,1.6438198550115695,3.8496601229792353,1.8674998379664025,2.526096048379361,12.244902309482615,8.61261829298668,9.878691508865007,18.817025017961985,13.235210032160321,15.180814070120238,2.5901963954461027,1.2411948722214434,1.6693986985787452,3.7813086064906605,1.811963317111596,2.437078392085759,13.332389766725512,9.478813863631842,10.82109692513735,19.46334272514673,13.83768447245524,15.797221788521677,2.5051097123798702,1.2152480563237253,1.6438198550115695,3.8496601229792353,1.8674998379664025,2.526096048379361,12.244902309482615,8.61261829298668,9.878691508865007,18.817025017961985,13.235210032160321,15.180814070120238,0.6532663316582914,-0.0017336683417086274,-0.0017336683417086274,0.4824120603015075,-0.0025879396984924696,-0.0025879396984924696,0.3417085427135679,-0.003291457286432098,-0.003291457286432098,0.38007380073800734,0.08671586715867152,0.15375153751537507,0.4,0.3919597989949749,0.09045226130653272,0.1624790619765495,0.4292929292929293,0.38007380073800734,0.08671586715867152,0.15375153751537507,0.4,17.0,-7.0,-7.0,28.0,-11.0,-11.0,35.0,-12.0,-12.0,-0.00014675077893407828,-0.00016319053314021678,-9.920407731891002e-05,-0.015208039568564757,-0.014513713102845216,-0.015919138623617712,0.9520295202952029,-0.5470636744634725,258,-0.3590540885925293
90,0,test,3.201699512711029,1.5630757619414595,2.1089815884349736,5.086387878349436,2.4831841891835955,3.350438835527901,24.574258993278864,19.426179399251836,21.591890073402453,39.03995754960614,30.861448123634126,34.30200976200106,3.313967822640245,1.633330854403209,2.1926310637070894,5.137934608744566,2.532295898299549,3.3994280057474255,27.494000648611426,22.125025900051078,24.425046734531332,42.626357594746395,34.3023657365133,37.86828951090129,3.201699512711029,1.5630757619414595,2.1089815884349736,5.086387878349436,2.4831841891835955,3.350438835527901,24.574258993278864,19.426179399251836,21.591890073402453,39.03995754960614,30.861448123634126,34.30200976200106,0.6532663316582914,-0.0017336683417086274,-0.0017336683417086274,0.5276381909547738,-0.002361809045226204,-0.002361809045226204,0.4170854271356784,-0.0029145728643216184,-0.0029145728643216184,0.38565022421524664,0.09705962018840097,0.16806453121971754,0.37387387387387383,0.39698492462311563,0.11377690457299028,0.18162599307052796,0.38888888888888884,0.38565022421524664,0.09705962018840097,0.16806453121971754,0.37387387387387383,25.0,0.0,0.0,36.0,0.0,0.0,43.0,0.0,0.0,0.00020100985358792055,0.0002964565261231012,0.00021378120532514856,0.00014239153883455202,3.608366740071034e-05,-2.7616772921845723e-06,0.9417040358744395,-0.20939518705768342,210,-0.5598456859588623
142,0,test,2.332171999658264,1.1225687358250978,1.5225256338575806,4.1327459699826585,1.9892578333371214,2.698004983527036,10.30028947962135,6.948135011835265,8.053176289543972,18.252718857270185,12.312503954796313,14.270702101324243,2.388399493993475,1.1161776672100885,1.525928566027364,3.791110307926151,1.771710582873156,2.4221088349640696,10.896040801088919,7.327267845526045,8.527033687470002,17.2953028588713,11.630583881787373,13.53497410709524,2.332171999658264,1.1225687358250978,1.5225256338575806,4.1327459699826585,1.9892578333371214,2.698004983527036,10.30028947962135,6.948135011835265,8.053176289543972,18.252718857270185,12.312503954796313,14.270702101324243,0.6381909547738693,-0.0018090452261306789,-0.0018090452261306789,0.44723618090452266,-0.0027638190954772934,-0.0027638190954772934,0.3266331658291457,-0.0033668341708542604,-0.0033668341708542604,0.3916666666666667,0.10060637560637564,0.1562096029547554,0.35983263598326365,0.40703517587939697,0.10377703051598841,0.1649650590179612,0.3737373737373737,0.3916666666666667,0.10060637560637564,0.1562096029547554,0.35983263598326365,22.0,-12.0,-12.0,35.0,-19.0,-19.0,41.0,-18.0,-18.0,0.00018651585018800477,-0.00016850024810808492,3.636313952607545e-05,2.4582867206746073e-05,-5.7358864443912694e-05,-7.978146849918488e-05,0.05,0.2583364396000655,12,-0.41776061058044434
430,0,test,3.0176925101518224,1.451936945674748,1.968670091792639,4.445223697588912,2.1387813690777726,2.8999571412035285,20.444062747757208,15.657772827069913,17.589203851927955,30.115206203283073,23.064743206342506,25.909845195055553,3.0639140547556516,1.4589172259739804,1.9832479778131955,4.285194482175736,2.0404436726908814,2.7737733955429307,21.41119796913259,16.433354152247485,18.46455638155408,29.945731425360268,22.983712101045437,25.824554379795917,3.0176925101518224,1.451936945674748,1.968670091792639,4.445223697588912,2.1387813690777726,2.8999571412035285,20.444062747757208,15.657772827069913,17.589203851927955,30.115206203283073,23.064743206342506,25.909845195055553,0.6984924623115578,-0.0015075376884421399,-0.0015075376884421399,0.5477386934673367,-0.002261306532663321,-0.002261306532663321,0.4371859296482412,-0.002814070351758735,-0.002814070351758735,0.4122448979591836,0.11285589592252376,0.18293689253177525,0.4098360655737705,0.42211055276381915,0.11885240740041059,0.18337933406598939,0.4242424242424242,0.4122448979591836,0.11285589592252376,0.18293689253177525,0.4098360655737705,23.0,-10.0,-10.0,32.0,-13.0,-13.0,45.0,-18.0,-18.0,-3.81953378905614e-05,-9.289524784575844e-05,-7.269988160812345e-05,-0.00466980007743345,-0.0053160914608572085,-0.005675443059497631,0.9428571428571428,0.3787415619701805,231,-0.21195077896118164
391,0,test,2.3231295944419235,1.1374386739748463,1.5247542458220853,3.2007563301199835,1.567137728587566,2.1007725164659843,10.207569923965588,6.934622537187792,7.985641788055313,14.063763006352588,9.554368829014292,11.00243979687621,2.3231295944419235,1.1374386739748463,1.5247542458220853,3.2007563301199835,1.567137728587566,2.1007725164659843,10.207569923965588,6.934622537187792,7.985641788055313,14.063763006352588,9.554368829014292,11.00243979687621,2.3231295944419235,1.1374386739748463,1.5247542458220853,3.2007563301199835,1.567137728587566,2.1007725164659843,10.207569923965588,6.934622537187792,7.985641788055313,14.063763006352588,9.554368829014292,11.00243979687621,0.5567567567567567,0.026756756756756706,0.026756756756756706,0.4,0.025000000000000022,0.025000000000000022,0.29729729729729726,0.01729729729729723,0.01729729729729723,0.3891891891891892,0.1223428280032054,0.17195400067931488,0.3532608695652174,0.3891891891891892,0.1223428280032054,0.17195400067931488,0.3532608695652174,0.3891891891891892,0.1223428280032054,0.17195400067931488,0.3532608695652174,14.0,0.0,0.0,22.0,1.0,1.0,27.0,2.0,2.0,-1.4538474758526192e-05,-4.293950278466614e-05,-3.790070107501762e-06,-0.00013147327530926844,-5.2752222998719844e-05,-1.9678889457530602e-05,0.05405405405405406,0.7277707183804969,10,-0.5753283500671387
934,0,test,3.181506038528544,1.5331041577218025,2.0774415899910164,4.871681121496834,2.3475657415115103,3.181082434673744,24.082996173942455,18.884331075429955,21.06659502411718,36.87708789134939,28.916631959252125,32.25822363067944,3.1869782362279953,1.5025361908350177,2.0631235016307965,4.721449238856289,2.225979541977804,3.056479261675254,24.21514433085755,18.825701302134014,21.138453128443867,35.87428789756674,27.88992785501335,31.31622685695387,3.181506038528544,1.5331041577218025,2.0774415899910164,4.871681121496834,2.3475657415115103,3.181082434673744,24.082996173942455,18.884331075429955,21.06659502411718,36.87708789134939,28.916631959252125,32.25822363067944,0.6432160804020101,-0.001783919597989958,-0.001783919597989958,0.5025125628140703,-0.0024874371859296973,-0.0024874371859296973,0.42713567839195976,-0.002864321608040288,-0.002864321608040288,0.40614334470989766,0.11142443499950583,0.18480395764973878,0.36986301369863017,0.3919597989949749,0.10875177894484955,0.17827031652419023,0.33838383838383834,0.40614334470989766,0.11142443499950583,0.18480395764973878,0.36986301369863017,25.0,-9.0,-9.0,38.0,-12.0,-12.0,46.0,-13.0,-13.0,0.0006561858875541218,0.0005395792653400859,0.00012123075468388729,-0.0003427029913991575,0.00012688698084151184,-1.9278431547142816e-05,0.9522184300341296,-0.24492060330951668,279,-0.3578636646270752
305,0,test,2.844759724021109,1.3687910963129382,1.8594477046594475,4.482651686336293,2.15688293964463,2.93003880734216,17.197426044082935,12.82215431358837,14.518778500142863,27.09897437249432,20.204606797169554,22.87807521234633,2.9173844222537473,1.3746473373454984,1.8852186746337931,4.228093365585141,1.9922425178920267,2.732200977730135,18.49285464838381,13.815479509108403,15.685715838127471,26.8012386208461,20.0224340711716,22.732921504532566,2.844759724021109,1.3687910963129382,1.8594477046594475,4.482651686336293,2.15688293964463,2.93003880734216,17.197426044082935,12.82215431358837,14.518778500142863,27.09897437249432,20.204606797169554,22.87807521234633,0.7386934673366834,-0.0013065326633165952,-0.0013065326633165952,0.5125628140703518,-0.0024371859296482556,-0.0024371859296482556,0.371859296482412,-0.003140703517587995,-0.003140703517587995,0.3938223938223938,0.08494208494208488,0.1505791505791506,0.3565891472868217,0.3869346733668342,0.07537688442211055,0.1390284757118928,0.3535353535353535,0.3938223938223938,0.08494208494208488,0.1505791505791506,0.3565891472868217,18.0,-6.0,-6.0,32.0,-16.0,-16.0,40.0,-14.0,-14.0,0.00016619509490165286,9.180617450583374e-06,-1.1466280858975943e-05,-0.013125996697397113,-0.014434888469479823,-0.012071976614905111,0.03861003861003861,0.5493925092806683,10,-0.2168893814086914
909,0,test,3.1846193903663194,1.5359447109773916,2.0843069795264175,4.544537940847071,2.191834614583953,2.974362392405266,24.158091853317156,18.95800837287903,21.152987148720605,34.47424999608502,27.053590326703045,30.185884363579675,3.4324856782835163,1.6735881285530638,2.2586636517920855,4.734463004528988,2.3083974186938807,3.1153981404028763,30.953487616269733,25.147454614128687,27.71915687325996,42.69446567761343,34.68614429534992,38.23331982518615,3.1846193903663194,1.5359447109773916,2.0843069795264175,4.544537940847071,2.191834614583953,2.974362392405266,24.158091853317156,18.95800837287903,21.152987148720605,34.47424999608502,27.053590326703045,30.185884363579675,0.7185929648241206,-0.0014070351758793676,-0.0014070351758793676,0.5728643216080402,-0.0021356783919597166,-0.0021356783919597166,0.44723618090452266,-0.0027638190954772934,-0.0027638190954772934,0.40304182509505704,0.09753897879524676,0.16916066201035418,0.36641221374045807,0.42211055276381915,0.11133361040792944,0.18337933406598939,0.38383838383838387,0.40304182509505704,0.09753897879524676,0.16916066201035418,0.36641221374045807,27.0,0.0,0.0,36.0,1.0,1.0,46.0,1.0,1.0,0.00077556613943362,0.00011821728487714388,9.834925353976327e-05,-0.00013480533558407615,-0.00018378111340844328,8.585827751517172e-05,0.04182509505703422,0.4393658730521706,11,-0.47774505615234375
813,0,test,2.617636531111004,1.2421334322194593,1.696724500727218,4.093031666828115,1.9422450031067906,2.653060128409832,13.703297963284989,9.746230945033428,11.191717980340838,21.426974997136526,15.239561114052268,17.499777205623854,2.654087773829559,1.220714963455293,1.6938648332254476,3.9319818871549024,1.80846661252636,2.5094293825562186,14.212015571681635,10.019198624901364,11.599736780160214,21.05483788397279,14.843257222076094,17.18479522986698,2.617636531111004,1.2421334322194593,1.696724500727218,4.093031666828115,1.9422450031067906,2.653060128409832,13.703297963284989,9.746230945033428,11.191717980340838,21.426974997136526,15.239561114052268,17.499777205623854,0.6231155778894473,-0.0018844221105527303,-0.0018844221105527303,0.46733668341708545,-0.002663316582914521,-0.002663316582914521,0.35678391959798994,-0.0032160804020100464,-0.0032160804020100464,0.38521400778210113,0.09006837671413992,0.16270430532414515,0.375,0.38190954773869346,0.09118273069608696,0.1548644726134848,0.3737373737373737,0.38521400778210113,0.09006837671413992,0.16270430532414515,0.375,18.0,-5.0,-5.0,27.0,-2.0,-2.0,34.0,1.0,1.0,2.8170911933706953e-06,-8.956111818437353e-05,-7.828741284821883e-05,-9.322580442105988e-05,-0.00015080139628764755,0.00010688561932692409,0.9571984435797666,-0.33063651819660594,246,-0.702155351638794
91,0,test,2.7377304340803272,1.3022082430361164,1.7769758867863814,4.627647572445456,2.2011519979062095,3.00366246669698,15.451876218793059,11.25003762030608,12.838208353202532,26.11865528595988,19.01619262271092,21.70071347444557,2.792118930610905,1.3208693080309228,1.8082857103864,4.328866559086674,2.0478593922960044,2.803543737033178,16.3155547286586,11.960881287954606,13.640865438942447,25.29543368784279,18.544001996828847,21.14862858750767,2.7377304340803272,1.3022082430361164,1.7769758867863814,4.627647572445456,2.2011519979062095,3.00366246669698,15.451876218793059,11.25003762030608,12.838208353202532,26.11865528595988,19.01619262271092,21.70071347444557,0.728643216080402,-0.001356783919598037,-0.001356783919598037,0.5025125628140703,-0.0024874371859296973,-0.0024874371859296973,0.37688442211055273,-0.003115577889447274,-0.003115577889447274,0.4061302681992337,0.09446678827571553,0.16281816628840573,0.38076923076923075,0.3919597989949749,0.06363899698996234,0.13987298764272116,0.36868686868686873,0.4061302681992337,0.09446678827571553,0.16281816628840573,0.38076923076923075,18.0,-6.0,-6.0,28.0,-10.0,-10.0,38.0,-13.0,-13.0,0.00015117218611451197,-4.58853227545159e-05,4.934522331591988e-05,-0.00012094549186336678,-0.00017278787436758591,9.286739145242251e-05,0.04980842911877394,0.2286163962569156,13,-0.32367539405822754
376,0,test,2.8906821592215453,1.4036289828490582,1.898896727659364,4.999179734183143,2.4274524762213128,3.2839743407756066,18.00558809108742,13.581548663549276,15.30954431170329,31.13907587517472,23.488090041667572,26.47650604494569,3.0609548604997734,1.481611807122548,2.0079963887643504,4.97716237479638,2.409124889630159,3.2650347784786184,21.347931729804507,16.496164317972205,18.481813813462665,34.712084113503266,26.82303141133692,30.051729777988072,2.8906821592215453,1.4036289828490582,1.898896727659364,4.999179734183143,2.4274524762213128,3.2839743407756066,18.00558809108742,13.581548663549276,15.30954431170329,31.13907587517472,23.488090041667572,26.47650604494569,0.6884422110552764,-0.0015577889447235815,-0.0015577889447235815,0.5276381909547738,-0.002361809045226204,-0.002361809045226204,0.37688442211055273,-0.003115577889447274,-0.003115577889447274,0.3754266211604096,0.08922559901390192,0.14954693898106797,0.3356164383561644,0.371859296482412,0.08363874510396585,0.14982256860261234,0.33838383838383834,0.3754266211604096,0.08922559901390192,0.14954693898106797,0.3356164383561644,22.0,-6.0,-6.0,35.0,-7.0,-7.0,40.0,-5.0,-5.0,0.0004333782812847622,0.00023501316665352841,9.568343257981755e-05,-0.00968586322141185,-0.008607313131400396,-0.009016681156905015,0.962457337883959,0.3103858673791215,282,-0.5198097229003906
726,0,test,2.639316356339801,1.272197616062419,1.7274527763564325,4.452724193008644,2.1462925767583663,2.914342098887042,14.003626843848059,10.079598596540972,11.514670260097187,23.62516637601577,17.00503708804191,19.426110370776204,2.760202526435462,1.3199176418828513,1.7984564252284942,4.214049658680095,2.015141437989086,2.745735000348846,15.803043158186183,11.581144758859669,13.186782414719527,24.126783447612492,17.681137036426975,20.132492236213018,2.639316356339801,1.272197616062419,1.7274527763564325,4.452724193008644,2.1462925767583663,2.914342098887042,14.003626843848059,10.079598596540972,11.514670260097187,23.62516637601577,17.00503708804191,19.426110370776204,0.6884422110552764,-0.0015577889447235815,-0.0015577889447235815,0.4974874371859297,-0.002512562814070307,-0.002512562814070307,0.371859296482412,-0.003140703517587995,-0.003140703517587995,0.39676113360323884,0.09575103259313777,0.1652671901308297,0.36585365853658536,0.39698492462311563,0.09122051359554673,0.16159260408889198,0.3737373737373737,0.39676113360323884,0.09575103259313777,0.1652671901308297,0.36585365853658536,12.0,0.0,0.0,18.0,0.0,0.0,25.0,1.0,1.0,0.00011813934900020539,0.0001857153175824922,0.00014086475973168204,-2.39265858157367e-05,-9.583520108336074e-05,-0.00011149550017286458,0.04048582995951417,-0.4368879016573972,10,-0.3567783832550049
344,0,test,2.9360453740289048,1.417247673290316,1.920136449648164,5.1539213759931854,2.487830448077965,3.370599235353612,18.841188933465514,14.274457617992951,16.07931634326151,33.07374172493227,25.057321286261008,28.22556250184035,3.012435102015564,1.4562680010556857,1.9720847804500814,5.23901756872272,2.532640001835975,3.4297126616523155,20.336862011861484,15.596245936529446,17.50665368814798,35.36845567280258,27.12390597657295,30.44635424025736,2.9360453740289048,1.417247673290316,1.920136449648164,5.1539213759931854,2.487830448077965,3.370599235353612,18.841188933465514,14.274457617992951,16.07931634326151,33.07374172493227,25.057321286261008,28.22556250184035,0.7386934673366834,-0.0013065326633165952,-0.0013065326633165952,0.5577889447236181,-0.00221105527638199,-0.00221105527638199,0.39698492462311563,-0.0030150753768843908,-0.0030150753768843908,0.3868312757201646,0.06855612171605785,0.1337533003439676,0.3347107438016529,0.3919597989949749,0.06363899698996234,0.13653408947911516,0.33838383838383834,0.3868312757201646,0.06855612171605785,0.1337533003439676,0.3347107438016529,21.0,0.0,0.0,34.0,0.0,0.0,40.0,1.0,1.0,0.00035185271551479573,3.652045824703042e-05,3.782033938573924e-05,3.793101625682027e-06,-7.384872300431056e-05,-9.33731963588258e-05,0.9547325102880658,-0.7275169027975861,232,-0.27590346336364746
186,0,test,3.2155025369389394,1.5502715539257723,2.100795162315813,5.227657498704411,2.520380133683004,3.415403177998101,24.915809880359408,19.628915588850276,21.867133951660527,40.50729827174996,31.912040681259654,35.55086194595116,3.2835946060435135,1.568249154639628,2.13364749791594,5.253751369669621,2.5091986474234047,3.4138359966655036,26.67147403428156,21.112878628967692,23.513448162910745,42.67435845485049,33.780605806348305,37.62151706065719,3.2155025369389394,1.5502715539257723,2.100795162315813,5.227657498704411,2.520380133683004,3.415403177998101,24.915809880359408,19.628915588850276,21.867133951660527,40.50729827174996,31.912040681259654,35.55086194595116,0.7537688442211055,-0.0012311557788945438,-0.0012311557788945438,0.6080402010050252,-0.001959798994974782,-0.001959798994974782,0.457286432160804,-0.0027135678391959628,-0.0027135678391959628,0.4053030303030303,0.08016125336541213,0.15719219906877335,0.3916349809885932,0.40703517587939697,0.0787143738743844,0.15327891544534022,0.3939393939393939,0.4053030303030303,0.08016125336541213,0.15719219906877335,0.3916349809885932,24.0,-3.0,-3.0,36.0,-5.0,-5.0,46.0,-3.0,-3.0,0.00038677533453439195,0.00013783578394799202,6.0210074251515683e-05,-0.000141735257445319,-0.00018927773293242467,8.23537205478786e-05,0.9583333333333334,-0.5456704529919569,253,-0.2002882957458496
400,0,test,2.7339909053220266,1.3058596929820723,1.7781411552245465,4.412453676310865,2.107558365255876,2.8697847758370845,15.394201388856517,11.223304006185188,12.793321646872208,24.8450718617621,18.11356026314698,20.647449493369702,2.7080360600717066,1.2745543815548113,1.748189396566389,4.264623716648357,2.007172254417026,2.753054167821085,14.999787886042206,10.806514450220448,12.388491850299857,23.62171320636568,17.01813299247315,19.509435984724185,2.7339909053220266,1.3058596929820723,1.7781411552245465,4.412453676310865,2.107558365255876,2.8697847758370845,15.394201388856517,11.223304006185188,12.793321646872208,24.8450718617621,18.11356026314698,20.647449493369702,0.6984924623115578,-0.0015075376884421399,-0.0015075376884421399,0.507537688442211,-0.0024623115577889765,-0.0024623115577889765,0.33668341708542715,-0.0033165829145728187,-0.0033165829145728187,0.38188976377952755,0.06558328047893813,0.1384342663973286,0.35573122529644263,0.3919597989949749,0.0661452626541228,0.14154243672452416,0.3535353535353535,0.38188976377952755,0.06558328047893813,0.1384342663973286,0.35573122529644263,21.0,-5.0,-5.0,32.0,-9.0,-9.0,40.0,-6.0,-6.0,0.00016488163688439613,-0.00012755708291214418,5.143070180343127e-05,-7.243603883999583e-05,-0.00013431153772813786,0.00011739929023413254,0.952755905511811,0.47010797541437505,242,-0.2928469181060791
996,0,test,2.5282222902494405,1.226580983753676,1.6580909289417833,3.932790229276907,1.9080148636168293,2.579252556131663,12.531209470777469,8.855885417662382,10.143985048927291,19.492992510098283,13.77582176080815,15.77953229833134,2.515349785785598,1.1823785306957388,1.6070263269328144,3.7264441270897746,1.7516718973270204,2.3807797436041693,12.370935199695275,8.578640660973567,9.890774245756269,18.32731140695596,12.709097275516395,14.652998882601878,2.527948725841893,1.2263074193461287,1.657817364534236,3.9323646846429448,1.907589318982867,2.5788270114977005,12.52778184674209,8.852457793627003,10.140557424891913,19.487660650487694,13.77048990119756,15.77420043872075,0.6281407035175879,-0.0018592964824121205,-0.0018592964824121205,0.4723618090452262,-0.0026381909547738003,-0.0026381909547738003,0.31658291457286436,0.0015829145728644134,0.0015829145728644134,0.398406374501992,0.10615985362724056,0.17588981821060123,0.352,0.38190954773869346,0.08617019936776615,0.1565339216952878,0.3232323232323232,0.398406374501992,0.10615985362724056,0.17588981821060123,0.348,19.0,-9.0,-9.0,32.0,-17.0,-17.0,40.0,-20.0,-20.0,0.00029996919898756696,0.00012477326202302763,0.00029170154735665095,-5.164627325804361e-05,-0.00011782167916685182,0.0001279129611404528,0.055776892430278883,0.4242472504052578,14,-0.25821852684020996
761,0,test,2.6901488285531396,1.3026323885935818,1.7613740339438122,4.443727324202594,2.151755723380509,2.909528959773853,14.733868577616082,10.728977274086898,12.202462792770362,24.338168094876938,17.722680978676877,20.156660761391045,2.7838481577473337,1.3001764739303947,1.792353866165313,4.490077673786022,2.0970588289199914,2.8908933325246977,16.18116898439965,11.77206414841531,13.485910016897359,26.098659652257503,18.987200239379533,21.75146776918929,2.6901488285531396,1.3026323885935818,1.7613740339438122,4.443727324202594,2.151755723380509,2.909528959773853,14.733868577616082,10.728977274086898,12.202462792770362,24.338168094876938,17.722680978676877,20.156660761391045,0.6180904522613065,-0.0019095477386934512,-0.0019095477386934512,0.5025125628140703,-0.0024874371859296973,-0.0024874371859296973,0.37688442211055273,-0.003115577889447274,-0.003115577889447274,0.4144144144144144,0.12003239194250426,0.20333657010303718,0.38009049773755654,0.4120603015075377,0.10880215614412914,0.19503192087314702,0.38383838383838387,0.4144144144144144,0.12003239194250426,0.20333657010303718,0.38009049773755654,19.0,0.0,0.0,30.0,0.0,0.0,38.0,1.0,1.0,9.39324178409614e-05,7.927417217556355e-05,7.29779468319982e-05,0.00014932146069579488,4.15802869220272e-05,1.7688986595487677e-06,0.9504504504504504,-0.35795142813496433,211,-0.7213749885559082
467,0,test,2.322668315821153,1.1035954019168193,1.508707499199332,3.742814086066087,1.7783651619459604,2.431174370138352,10.202862475995666,6.818813501850638,7.946033282031225,16.441184104175875,10.988030900125029,12.80446506018746,2.1880338115578293,0.986911477191784,1.385263794663905,3.366205863935122,1.5183253495258215,2.1311750687137003,8.917662061937053,5.5938167660295255,6.685947801304709,13.719480095287773,8.605871947737732,10.286073540468783,2.322668315821153,1.1035954019168193,1.508707499199332,3.742814086066087,1.7783651619459604,2.431174370138352,10.202862475995666,6.818813501850638,7.946033282031225,16.441184104175875,10.988030900125029,12.80446506018746,0.5628140703517588,-0.0021859296482411583,-0.0021859296482411583,0.39698492462311563,-0.0030150753768843908,-0.0030150753768843908,0.2864321608040201,-0.003567839195979916,-0.003567839195979916,0.39145907473309605,0.12051433320011917,0.17029379530384514,0.3928571428571429,0.371859296482412,0.10485677759072431,0.1500105569866137,0.3535353535353535,0.39145907473309605,0.12051433320011917,0.17029379530384514,0.3928571428571429,17.0,-2.0,-2.0,25.0,-3.0,-3.0,34.0,-3.0,-3.0,-0.00038901480571501454,2.1176394365287468e-05,4.7261303236167466e-05,-0.00025954392907312496,0.0001733692814402943,2.277625207813827e-05,0.9572953736654805,-0.2988359432160784,269,-0.5999398231506348
823,0,test,2.0799953710946313,0.9706793517863017,1.3360601046876495,3.835452457337618,1.7899051876910526,2.4636569306297083,8.004431862452977,4.972148200951185,5.9002320328617515,14.759945278282085,9.168500228704312,10.879860486128052,2.2145343134569653,1.0199953914120952,1.4086064785056873,3.851364023403418,1.7739050285427744,2.4497503974011954,9.157143759905821,5.855108835963159,6.918371012839932,15.925467408531864,10.182797975588102,12.03194958754771,2.0799953710946313,0.9706793517863017,1.3360601046876495,3.835452457337618,1.7899051876910526,2.4636569306297083,8.004431862452977,4.972148200951185,5.9002320328617515,14.759945278282085,9.168500228704312,10.879860486128052,0.5778894472361809,-0.002110552763819218,-0.002110552763819218,0.39698492462311563,-0.0030150753768843908,-0.0030150753768843908,0.2613065326633166,-0.003693467336683409,-0.003693467336683409,0.35521235521235517,0.09652509652509644,0.14671814671814665,0.2790697674418605,0.371859296482412,0.1080402010050251,0.1557788944723617,0.29292929292929293,0.35521235521235517,0.09652509652509644,0.14671814671814665,0.2790697674418605,14.0,-4.0,-4.0,24.0,-8.0,-8.0,30.0,-6.0,-6.0,0.00016646717663460536,0.0002528218663434416,0.0003523919491359827,-0.028415628319125474,-0.03197348081036022,-0.03380982353304418,0.04633204633204633,0.3209486884005479,12,-0.3854830265045166
367,0,test,2.0844343351195236,1.010155623572136,1.3663703242018934,3.3034017825578417,1.6008899063628592,2.165417297419375,8.040042225617217,5.112161933137418,5.989582527659926,12.741821304925532,8.101730315089124,9.492262368396725,2.0119621620067107,0.9760081443942901,1.3188932632199881,3.071697957262154,1.4900887700676186,2.0135775010992187,7.477975961647113,4.660182783602025,5.478132519065682,11.41675719335437,7.114782875728281,8.363561097810202,2.0844343351195236,1.010155623572136,1.3663703242018934,3.3034017825578417,1.6008899063628592,2.165417297419375,8.040042225617217,5.112161933137418,5.989582527659926,12.741821304925532,8.101730315089124,9.492262368396725,0.5175879396984925,-0.002412060301507535,-0.002412060301507535,0.3467336683417085,-0.003266331658291488,-0.003266331658291488,0.2613065326633166,0.0013065326633165952,0.0013065326633165952,0.37037037037037035,0.10789347573081398,0.1671683999270206,0.3159851301115242,0.3467336683417085,0.08357577360486634,0.1380525331163328,0.2676767676767676,0.37037037037037035,0.10789347573081398,0.1671683999270206,0.3159851301115242,18.0,0.0,0.0,27.0,0.0,0.0,36.0,0.0,0.0,-0.0002956446886266263,0.0002139633230999682,0.000241984625371854,-0.011291224238738629,-0.01224588761946066,-0.013209325751591727,0.07777777777777778,0.21764199370938211,21,-0.6509313583374023
803,0,test,3.052191995081536,1.4590249057762434,1.9847371856831,5.223550058696588,2.4969889327043093,3.3966978681153726,21.161679918696702,16.242375760183922,18.253711180322078,36.21629784743395,27.797354488905366,31.239572825383416,2.9725773003643807,1.3969127650130237,1.9164076987585843,4.913350909693191,2.3089467190297914,3.1676160310059247,19.54222092047558,14.70826803690526,16.666884734671417,32.30119160409187,24.31118683785994,27.548569809374243,3.052191995081536,1.4590249057762434,1.9847371856831,5.223550058696588,2.4969889327043093,3.3966978681153726,21.161679918696702,16.242375760183922,18.253711180322078,36.21629784743395,27.797354488905366,31.239572825383416,0.6783919597989949,-0.0016080402010050232,-0.0016080402010050232,0.5477386934673367,-0.002261306532663321,-0.002261306532663321,0.39698492462311563,-0.0030150753768843908,-0.0030150753768843908,0.40157480314960625,0.09116222947573593,0.16466380838520833,0.32015810276679846,0.39698492462311563,0.09122051359554673,0.16326205317069498,0.2828282828282829,0.40157480314960625,0.09116222947573593,0.16466380838520833,0.32015810276679846,19.0,-4.0,-4.0,30.0,-9.0,-9.0,38.0,-8.0,-8.0,4.085518782060718e-05,-0.0003010738019847379,0.0002603401739610374,-0.004747965080403205,-0.005378804706158924,-0.0054668680244542855,0.03937007874015748,0.686377394514466,10,-0.11688828468322754
797,0,test,2.362998454301356,1.1553342847622012,1.5564321060659163,3.9936055748134027,1.952582504656586,2.630461278672806,10.622755594176056,7.27709497186696,8.382552904500853,17.953078167934972,12.29871606356463,14.167004616378636,2.5805177358508544,1.2238360859886184,1.6746385083372313,4.063807458032842,1.927300922816722,2.6372259973814662,13.203972560266735,9.320686764395067,10.729866290918237,20.793657575223204,14.678246873063095,16.8974272297925,2.362998454301356,1.1553342847622012,1.5564321060659163,3.9936055748134027,1.952582504656586,2.630461278672806,10.622755594176056,7.27709497186696,8.382552904500853,17.953078167934972,12.29871606356463,14.167004616378636,0.6482412060301508,-0.0017587939698492372,-0.0017587939698492372,0.44723618090452266,-0.0027638190954772934,-0.0027638190954772934,0.33668341708542715,-0.0033165829145728187,-0.0033165829145728187,0.38541666666666663,0.10985340843443092,0.1706360662047729,0.372822299651568,0.39698492462311563,0.10625810758050913,0.16660095133430097,0.4040404040404041,0.38541666666666663,0.10985340843443092,0.1706360662047729,0.372822299651568,18.0,0.0,0.0,25.0,0.0,0.0,33.0,0.0,0.0,0.00016501660911266616,-0.00016732973843050898,0.00010952380438214218,-0.009659111465222026,-0.0085945673409622,-0.009004011250205224,0.034722222222222224,0.8473091217420708,10,-0.4012446403503418
963,0,test,2.8478205745407617,1.3683186063009878,1.8608310541357187,4.5781419362870475,2.1997020632939934,2.991462580699194,17.25014543645662,12.859387037294807,14.567000687488273,27.731246461139122,20.67268549033469,23.41783654824064,3.0228364078395873,1.4314946542778013,1.9607435733637772,4.478276159762351,2.120732821152298,2.904805293872262,20.549495850924608,15.639162883916395,17.657077839439186,30.443697556925343,23.169130198394658,26.1586338362062,2.8478205745407617,1.3683186063009878,1.8608310541357187,4.5781419362870475,2.1997020632939934,2.991462580699194,17.25014543645662,12.859387037294807,14.567000687488273,27.731246461139122,20.67268549033469,23.41783654824064,0.7135678391959799,-0.0014321608040201994,-0.0014321608040201994,0.542713567839196,-0.0022864321608039306,-0.0022864321608039306,0.3919597989949749,-0.0030402010050251116,-0.0030402010050251116,0.38735177865612647,0.07374231120050512,0.14819277734206604,0.3412698412698413,0.3919597989949749,0.08368912230324554,0.14822023305173615,0.3535353535353535,0.38735177865612647,0.07374231120050512,0.14819277734206604,0.3412698412698413,19.0,-7.0,-7.0,28.0,-9.0,-9.0,39.0,-13.0,-13.0,0.00026666775162826223,0.0003005503174248509,0.0003414295597207232,-6.550611697964115e-05,-0.000128814918206821,0.00012090384720320202,0.039525691699604744,0.49296338672685786,10,-0.4651675224304199
76,0,test,3.0413084528701426,1.4362260011951262,1.9647392406634017,4.298609154056682,2.0299730631417146,2.776977809429277,20.932614663811876,15.954344611289045,17.99802037331856,29.58632128460561,22.549995456179488,25.438542762288243,2.8993129606761845,1.3686115592543697,1.8731378667305165,3.999052359553358,1.8877400817301653,2.583638436869678,18.16166330522298,13.540246150879938,15.37129082062696,25.050570076169627,18.676201587420604,21.201780442244083,3.0413084528701426,1.4362260011951262,1.9647392406634017,4.298609154056682,2.0299730631417146,2.776977809429277,20.932614663811876,15.954344611289045,17.99802037331856,29.58632128460561,22.549995456179488,25.438542762288243,0.6934673366834171,-0.0015326633165829717,-0.0015326633165829717,0.507537688442211,-0.0024623115577889765,-0.0024623115577889765,0.39698492462311563,-0.0030150753768843908,-0.0030150753768843908,0.40476190476190477,0.08730158730158732,0.16269841269841268,0.3904382470119522,0.4120603015075377,0.10552763819095479,0.16917922948073705,0.36868686868686873,0.40476190476190477,0.08730158730158732,0.16269841269841268,0.3904382470119522,21.0,0.0,0.0,36.0,0.0,0.0,43.0,0.0,0.0,-0.00010680183283531335,-0.00027112759670820213,8.756350365411641e-05,-5.857619511928647e-05,-0.00012331829868550415,0.00012440840417138332,0.03968253968253968,0.2658042751305904,10,-0.4767756462097168
431,0,test,2.5650968163791883,1.2596631365482238,1.69388022484651,5.3012000871836555,2.6033038155329957,3.50068579801612,13.001917107273279,9.312628390348362,10.612100591071428,26.870628688364775,19.246098673386612,21.931674554880953,2.6378459119168562,1.273418686825693,1.7264668017760867,4.930553106386647,2.380221844534005,3.227040750983339,13.983050420805315,10.069569554531567,11.495299369413193,26.136542842626756,18.821625335573025,21.486540877407837,2.6165416043234084,1.2708851621942063,1.7188602144536202,5.3764553513494695,2.611407867522342,3.531904550247165,13.688302066469317,9.847595151374893,11.234395209753671,28.126648081786268,20.23478455761964,23.084373718671927,0.5778894472361809,-0.002110552763819218,-0.002110552763819218,0.42211055276381915,-0.0028894472361808976,-0.0028894472361808976,0.33668341708542715,-0.0033165829145728187,-0.0033165829145728187,0.3365695792880259,0.07001061321371249,0.1298957364462605,0.3084415584415584,0.3417085427135679,0.07604438231256538,0.1313579584063892,0.297979797979798,0.3377926421404682,0.07235023813379038,0.13312078452089093,0.3120805369127517,18.0,0.0,0.0,29.0,0.0,0.0,36.0,0.0,0.0,0.0009374868292031904,0.0004337723566185553,-4.846710050833834e-05,-0.009184973731058754,-0.00824299987024979,-0.010028340440291217,0.032362459546925564,0.5839435704489422,10,-0.5661029815673828
520,0,test,2.238905790418823,1.0639972522466423,1.453767998866958,3.7970631986157066,1.8044818264453188,2.4655119440243674,9.383058635590885,6.145211844681757,7.1903495788889495,15.91316025360346,10.421947114967033,12.194444218250853,2.2317826462092114,1.0563280191578255,1.4451043117696387,3.542512136840018,1.6767111415203577,2.293816367888315,9.316459235965919,6.076843810059707,7.120369613637287,14.788030533279237,9.645783825491598,11.302173989900455,2.238905790418823,1.0639972522466423,1.453767998866958,3.7970631986157066,1.8044818264453188,2.4655119440243674,9.383058635590885,6.145211844681757,7.1903495788889495,15.91316025360346,10.421947114967033,12.194444218250853,0.6432160804020101,-0.001783919597989958,-0.001783919597989958,0.44221105527638194,-0.0027889447236180143,-0.0027889447236180143,0.29145728643216084,-0.0035427135678391952,-0.0035427135678391952,0.41200000000000003,0.10860678642714572,0.18327659574468091,0.38152610441767065,0.4120603015075377,0.10378962481580833,0.18167632821872304,0.3737373737373737,0.41200000000000003,0.10860678642714572,0.18327659574468091,0.38152610441767065,19.0,-6.0,-6.0,29.0,-5.0,-5.0,35.0,-4.0,-4.0,-6.56063031537032e-05,-6.633476975170995e-06,3.198847898725451e-05,-4.4716351397688925e-05,-0.00011232505964553496,0.0001314175181095223,0.04,0.7690001301973639,10,-0.7711637020111084
53,0,test,2.581744131003115,1.2491483267240862,1.692573533929385,4.570643313405515,2.211455185830049,2.9964820341416525,13.220175781950626,9.42930479603464,10.78706499697683,23.40460749545333,16.693361824090953,19.09710025390713,2.504371238165727,1.1894121671371216,1.6255484372241313,4.317881445113323,2.0507106329950378,2.802669719351951,12.23586310289364,8.51126456474918,9.827799835486505,21.096315694644208,14.674594077153756,16.944482474976734,2.581744131003115,1.2491483267240862,1.692573533929385,4.570643313405515,2.211455185830049,2.9964820341416525,13.220175781950626,9.42930479603464,10.78706499697683,23.40460749545333,16.693361824090953,19.09710025390713,0.6633165829145728,-0.0016834170854271857,-0.0016834170854271857,0.5226130653266332,-0.002386934673366814,-0.002386934673366814,0.3517587939698492,-0.0032412060301507672,-0.0032412060301507672,0.4117647058823529,0.09939573313602168,0.1757311863292803,0.4177215189873418,0.42211055276381915,0.10882734474376898,0.1867182322295955,0.40909090909090906,0.4117647058823529,0.09939573313602168,0.1757311863292803,0.4177215189873418,24.0,-6.0,-6.0,35.0,-7.0,-7.0,43.0,-8.0,-8.0,5.7981013449605165e-05,-6.193498780453403e-05,-0.00012613643560398596,3.8442710928343615e-05,-4.636562540305533e-05,-7.072031659394185e-05,0.0546218487394958,0.35533961642783296,13,-0.3706541061401367
724,0,test,2.4282036794977735,1.147501878521195,1.5738522276531488,5.243512293408235,2.477938839125479,3.398608433627814,11.338496202505334,7.7393314657402215,8.988646307043112,24.48457875613471,16.712469397033235,19.410265213759764,2.5070290483986835,1.1790967100026088,1.6213467126275376,5.064705148280169,2.382013555560826,3.2754479042980558,12.268426960164971,8.495193413994444,9.843788715578784,24.784700929626204,17.162006896958474,19.88644184965411,2.4282036794977735,1.147501878521195,1.5738522276531488,5.243512293408235,2.477938839125479,3.398608433627814,11.338496202505334,7.7393314657402215,8.988646307043112,24.48457875613471,16.712469397033235,19.410265213759764,0.5125628140703518,-0.0024371859296482556,-0.0024371859296482556,0.3919597989949749,-0.0030402010050251116,-0.0030402010050251116,0.321608040201005,-0.0033919597989949812,-0.0033919597989949812,0.35690235690235694,0.11488555017966784,0.17997066597290567,0.32770270270270274,0.36180904522613067,0.11118247881009058,0.17483074806419407,0.3232323232323232,0.35690235690235694,0.11488555017966784,0.17997066597290567,0.32770270270270274,17.0,0.0,0.0,29.0,0.0,0.0,33.0,0.0,0.0,-0.00032471708765208847,-8.54923311664046e-05,5.7340721005568614e-05,-0.05727863755829343,-0.05205690823705922,-0.055057268705320794,0.04040404040404041,0.4205638857721768,12,-0.30558156967163086
33,0,test,3.124357390727488,1.5295374996008229,2.0606574328213894,5.356041241247122,2.6220642850299822,3.532555599122382,22.745274072203305,17.81783255595004,19.84820385062484,38.99189840949138,30.544855810200065,34.02549231535687,3.4911737636803126,1.7064111398970367,2.3011146379087712,5.1721092795263885,2.5280165035511653,3.409058722827808,32.82445325466038,26.86628780172868,29.537177690319062,48.6288196365339,39.80190785441286,43.75878176343564,3.124357390727488,1.5295374996008229,2.0606574328213894,5.356041241247122,2.6220642850299822,3.532555599122382,22.745274072203305,17.81783255595004,19.84820385062484,38.99189840949138,30.544855810200065,34.02549231535687,0.7537688442211055,-0.0012311557788945438,-0.0012311557788945438,0.5829145728643217,-0.002085427135678275,-0.002085427135678275,0.49246231155778897,-0.002537688442211028,-0.002537688442211028,0.4254545454545454,0.14051806632568875,0.1944992854787292,0.3722627737226277,0.4321608040201005,0.12138386166421078,0.18675178899505873,0.4191919191919192,0.4254545454545454,0.14051806632568875,0.1944992854787292,0.3722627737226277,22.0,0.0,0.0,36.0,0.0,0.0,43.0,0.0,0.0,0.0008588733682403387,0.0004623607386879553,7.943042537610542e-05,-0.004885595586361369,-0.005041260901883504,-0.00476539864569947,0.03636363636363636,0.3906572465418033,10,-0.5319383144378662
59,0,test,2.668737868502774,1.2892550209818783,1.74498873120096,3.9875908849140287,1.9263868627461789,2.6073378134805045,14.421755549290072,10.448909020580661,11.903039827760878,21.548785907950865,15.612614059821105,17.785356021712477,2.8296446087038545,1.356467019372112,1.8430234831581254,4.100934215512833,1.9658942309740755,2.671048526316124,16.939439625259084,12.57636242046086,14.257283150974217,24.549912500375484,18.226612203566464,20.66272920431046,2.668737868502774,1.2892550209818783,1.74498873120096,3.9875908849140287,1.9263868627461789,2.6073378134805045,14.421755549290072,10.448909020580661,11.903039827760878,21.548785907950865,15.612614059821105,17.785356021712477,0.6683417085427136,-0.0016582914572863539,-0.0016582914572863539,0.4824120603015075,-0.0025879396984924696,-0.0025879396984924696,0.3467336683417085,-0.003266331658291488,-0.003266331658291488,0.3671875,0.07673915692007793,0.1347199675324675,0.3058823529411765,0.35678391959798994,0.06104457122706264,0.12806939539097828,0.30808080808080807,0.3671875,0.07673915692007793,0.1347199675324675,0.3058823529411765,24.0,-1.0,-1.0,35.0,-4.0,-4.0,40.0,-3.0,-3.0,0.00041049048002068315,0.00025007541115865003,0.00031907116552830345,-8.629588256159337e-05,-0.00014530477676810705,0.00011039017629776993,0.04296875,0.3492236174855302,11,-0.2696053981781006
618,0,test,2.7336387271876035,1.318030645733673,1.7876853695314823,4.882725776863392,2.3542182603041706,3.19309839589271,15.388780842285472,11.269790456020306,12.813513482790022,27.486878988736315,20.129688613268975,22.887030371775886,2.971396513035212,1.385295639329555,1.9109989075405893,4.716502401643194,2.1988819671897697,3.0333315992707766,19.519159331724243,14.63449351188288,16.63164047730781,30.982792590038482,23.229354780766478,26.399429329060016,2.7336387271876035,1.318030645733673,1.7876853695314823,4.882725776863392,2.3542182603041706,3.19309839589271,15.388780842285472,11.269790456020306,12.813513482790022,27.486878988736315,20.129688613268975,22.887030371775886,0.7386934673366834,-0.0013065326633165952,-0.0013065326633165952,0.5326633165829145,-0.0023366834170853723,-0.0023366834170853723,0.3919597989949749,-0.0030402010050251116,-0.0030402010050251116,0.40636042402826855,0.08184543284661072,0.165467357048245,0.34751773049645385,0.40201005025125625,0.07870177957456448,0.1499232388990025,0.36363636363636365,0.40636042402826855,0.08184543284661072,0.165467357048245,0.34751773049645385,24.0,0.0,0.0,37.0,0.0,0.0,45.0,0.0,0.0,0.0009050118258583013,0.0005916968408592477,-4.117705252568797e-05,-0.0002734037727947225,0.00016562223134020115,1.5767138139999304e-05,0.045936395759717315,0.1974061352323017,13,-0.3998687267303467
450,0,test,2.4695478627085317,1.1831019734248682,1.6080893748965233,4.583997339929563,2.1960847088409325,2.984950212226227,11.817102690786578,8.197204543679216,9.450492841346813,21.935014144989466,15.21572608107776,17.54209128720585,2.5389285780198114,1.1922460480242472,1.6371737176943548,4.454260663192652,2.091659733375872,2.8722345924462362,12.666092967838495,8.821443127432271,10.202169807332448,22.22121573304999,15.476216013039075,17.898543521635872,2.4695478627085317,1.1831019734248682,1.6080893748965233,4.583997339929563,2.1960847088409325,2.984950212226227,11.817102690786578,8.197204543679216,9.450492841346813,21.935014144989466,15.21572608107776,17.54209128720585,0.5979899497487438,-0.0020100502512562235,-0.0020100502512562235,0.44221105527638194,-0.0027889447236180143,-0.0027889447236180143,0.31658291457286436,-0.003417085427135591,-0.003417085427135591,0.36042402826855124,0.08352808470594097,0.15478360523682388,0.33687943262411346,0.36180904522613067,0.07609475951184497,0.148119562755346,0.3282828282828283,0.36042402826855124,0.08352808470594097,0.15478360523682388,0.33687943262411346,14.0,0.0,0.0,22.0,0.0,0.0,29.0,0.0,0.0,-0.0005170539811877079,7.876556933818441e-05,0.00017545662723215125,-0.006705784181360919,-0.007051750276676039,-0.005749021473337557,0.05653710247349823,0.5365803594009539,16,-0.4972381591796875
614,0,test,2.7207565695912597,1.2967138567326546,1.7703036186336938,4.770157622010649,2.2734593592066017,3.103779071630502,15.191811560835422,11.037932077408104,12.604930436565343,26.634994294971193,19.352218577273952,22.099553362809367,2.853994223328387,1.33590095645291,1.8400952464234508,4.259692870639383,1.9938820245565818,2.7464108155573888,17.356971188959836,12.793455700867792,14.600644242503698,25.905927147701245,19.09471000129521,21.79200633209507,2.7207565695912597,1.2967138567326546,1.7703036186336938,4.770157622010649,2.2734593592066017,3.103779071630502,15.191811560835422,11.037932077408104,12.604930436565343,26.634994294971193,19.352218577273952,22.099553362809367,0.6381909547738693,-0.0018090452261306789,-0.0018090452261306789,0.49246231155778897,-0.002537688442211028,-0.002537688442211028,0.38190954773869346,-0.0030904522613065533,-0.0030904522613065533,0.38661710037174724,0.11203454007490121,0.1703006603223035,0.3470149253731343,0.39698492462311563,0.11127063890882993,0.17327874766151297,0.36363636363636365,0.38661710037174724,0.11203454007490121,0.1703006603223035,0.3470149253731343,21.0,-8.0,-8.0,26.0,-3.0,-3.0,36.0,-9.0,-9.0,0.00018609698587032758,0.0001173387045612544,-3.6392772772162626e-05,-0.005851019494830467,-0.005024641586393486,-0.005519436378986775,0.03717472118959108,0.9258195539466872,10,-0.5472884178161621
293,0,test,2.7501473064902284,1.3300095857332015,1.800563483172685,4.451105467151814,2.152616670550846,2.9142067935742872,15.644936315113615,11.507246068267083,13.060302543970264,25.321284209432438,18.624444503553658,21.138061920876726,3.0506093086538257,1.472721944847024,1.9956778910005069,4.367419082173463,2.10842925916948,2.85712158495756,21.12821410503207,16.28350422238722,18.25643591117232,30.248306524470376,23.312354965863715,26.13691184405246,2.7501473064902284,1.3300095857332015,1.800563483172685,4.451105467151814,2.152616670550846,2.9142067935742872,15.644936315113615,11.507246068267083,13.060302543970264,25.321284209432438,18.624444503553658,21.138061920876726,0.6262626262626263,-0.003737373737373706,-0.003737373737373706,0.4797979797979798,-0.005202020202020208,-0.005202020202020208,0.4040404040404041,-0.0059595959595959425,-0.0059595959595959425,0.3799283154121864,0.09012509537640823,0.15942771946462975,0.31294964028776984,0.4040404040404041,0.1219245350227719,0.19095315571825644,0.3451776649746193,0.3799283154121864,0.09012509537640823,0.15942771946462975,0.31294964028776984,24.0,0.0,0.0,33.0,0.0,0.0,42.0,0.0,0.0,0.00074924780000919,0.0006711849988013081,0.0002090869108096976,-0.0002456840853515274,0.00018111633153772289,2.978536601450088e-05,0.06093189964157706,0.3106664555177961,17,-0.5580625534057617
569,0,test,3.5193138237082677,1.7158104406451724,2.3167031353076224,5.6230377295003615,2.741462491757092,3.701548026245699,33.76125434168381,27.690375475655568,30.432458303905317,53.9425628029138,44.2427228270251,48.623927792831964,3.42531999188707,1.6395393320840754,2.234896318030848,5.229496170819954,2.5031134840978253,3.412055447375341,30.732477421692167,24.768243253156534,27.444003268881758,46.91981285754529,37.8141118368802,41.89924163188054,3.5193138237082677,1.7158104406451724,2.3167031353076224,5.6230377295003615,2.741462491757092,3.701548026245699,33.76125434168381,27.690375475655568,30.432458303905317,53.9425628029138,44.2427228270251,48.623927792831964,0.6884422110552764,-0.0015577889447235815,-0.0015577889447235815,0.5879396984924623,-0.002060301507537776,-0.002060301507537776,0.44723618090452266,-0.0027638190954772934,-0.0027638190954772934,0.4175438596491228,0.10055611884351856,0.18183790865729077,0.3943661971830986,0.4120603015075377,0.09877709348748753,0.18000687913692004,0.3484848484848485,0.4175438596491228,0.10055611884351856,0.18183790865729077,0.3943661971830986,23.0,-8.0,-8.0,35.0,-5.0,-5.0,44.0,-9.0,-9.0,-0.000538890531338692,0.00046862474787690646,-2.8815635222977037e-05,-0.0002872636165145437,0.00015787518124010802,8.758024202748516e-06,0.04912280701754386,0.6036649393429235,14,-0.20288681983947754
956,0,test,2.952182715888233,1.38888922357028,1.907999700356418,4.978190462086039,2.342048494647923,3.217411259424548,19.147702142883098,14.373181918488768,16.306625682987843,32.28828204486169,24.23713029392223,27.49744723013636,3.016382994421292,1.4305571785101376,1.9482252182920337,4.944890154789004,2.3451757024756357,3.193811833265629,20.417308447404917,15.533986008208714,17.5072947850804,33.47099745476216,25.465550833129043,28.700483254230168,2.952182715888233,1.38888922357028,1.907999700356418,4.978190462086039,2.342048494647923,3.217411259424548,19.147702142883098,14.373181918488768,16.306625682987843,32.28828204486169,24.23713029392223,27.49744723013636,0.7035175879396984,-0.001482412060301641,-0.001482412060301641,0.5577889447236181,-0.00221105527638199,-0.00221105527638199,0.44221105527638194,-0.0027889447236180143,-0.0027889447236180143,0.4202334630350194,0.10567035623890286,0.18349348890824058,0.40234375,0.44221105527638194,0.12892784725633177,0.20181038749674918,0.4191919191919192,0.4202334630350194,0.10567035623890286,0.18349348890824058,0.40234375,21.0,-5.0,-5.0,35.0,-11.0,-11.0,42.0,-6.0,-6.0,0.0002934058320885804,-0.00016525037467221852,2.610464790604154e-05,-9.322580442105988e-05,-0.00015080139628764755,0.00010688561932692409,0.042801556420233464,0.38504329671487164,11,-0.45706987380981445
556,0,test,2.3636022540175796,1.1324974104817718,1.539799495916492,4.272100968441712,2.0469363133552516,2.7831158590788765,10.62917154776989,7.204159999261374,8.350021110943185,19.211732424851164,13.021183601149438,15.092274181891096,2.524971845115147,1.1966617810656386,1.6362784928000775,4.039954952184235,1.9146588497050216,2.618045588480124,12.490543588839655,8.71588452635225,10.058593716193531,19.98486974214345,13.945415242163602,16.09374994590965,2.3636022540175796,1.1324974104817718,1.539799495916492,4.272100968441712,2.0469363133552516,2.7831158590788765,10.62917154776989,7.204159999261374,8.350021110943185,19.211732424851164,13.021183601149438,15.092274181891096,0.5577889447236181,-0.00221105527638199,-0.00221105527638199,0.4321608040201005,-0.002839195979899567,-0.002839195979899567,0.33668341708542715,-0.0033165829145728187,-0.0033165829145728187,0.3793103448275862,0.1142501038637308,0.17747548244226508,0.3391003460207612,0.3668341708542714,0.0961574791249481,0.16483083195610782,0.3282828282828283,0.3793103448275862,0.1142501038637308,0.17747548244226508,0.3391003460207612,15.0,0.0,0.0,21.0,0.0,0.0,30.0,0.0,0.0,0.0003059197723211448,0.00024102287546093256,0.00013770654583710202,-0.00032191322581809345,0.00013850755599076336,-8.764760639934366e-06,0.034482758620689655,0.4444898365308754,10,-0.749605655670166
213,0,test,2.3381361539798937,1.125539578934527,1.528691983292012,4.888830140139778,2.353400937772193,3.1963559650651154,10.36190555688597,6.999702015046649,8.115246676182423,21.665802528034302,14.635740576915722,16.96824305019961,1.9769041938541239,0.9141537601257577,1.263547398478445,4.442481334503649,2.0542781126421517,2.839432356131337,7.2203555284077945,4.3260348394688695,5.179525104893364,16.22551804136583,9.721426605548022,11.639382258187336,2.3381361539798937,1.125539578934527,1.528691983292012,4.888830140139778,2.353400937772193,3.1963559650651154,10.36190555688597,6.999702015046649,8.115246676182423,21.665802528034302,14.635740576915722,16.96824305019961,0.507537688442211,-0.0024623115577889765,-0.0024623115577889765,0.3266331658291457,-0.0033668341708542604,-0.0033668341708542604,0.23115577889447236,-0.003844221105527623,-0.003844221105527623,0.3557046979865772,0.08769799781907306,0.15034755512943432,0.36363636363636365,0.3316582914572864,0.07601919371292554,0.12798550347731985,0.29292929292929293,0.3557046979865772,0.08769799781907306,0.15034755512943432,0.36363636363636365,14.0,0.0,0.0,21.0,-3.0,-3.0,28.0,-2.0,-2.0,-0.001272755792818841,0.00019986217750687688,-0.00023916372177730817,-0.015250399884991772,-0.0165793081040313,-0.015819309771257117,0.03355704697986577,0.8386628666830135,10,-0.4225032329559326
135,0,test,2.3648618682234597,1.1222119497985215,1.534354249581142,3.8429005358631216,1.823594418422597,2.4933256555693557,10.6425686390601,7.17778593700785,8.348085471933194,17.29417403847266,11.663902147637756,13.56563889189144,2.3449963461151393,1.100068802306784,1.512892525587052,3.6356532497909138,1.7055330268322233,2.3455698071117084,10.433234605641294,6.960551432817799,8.135086055588825,16.17555752812604,10.791552609019845,12.612536520292753,2.3648618682234597,1.1222119497985215,1.534354249581142,3.8429005358631216,1.823594418422597,2.4933256555693557,10.6425686390601,7.17778593700785,8.348085471933194,17.29417403847266,11.663902147637756,13.56563889189144,0.5628140703517588,-0.0021859296482411583,-0.0021859296482411583,0.4321608040201005,-0.002839195979899567,-0.002839195979899567,0.31658291457286436,-0.003417085427135591,-0.003417085427135591,0.36679536679536684,0.09126550167012604,0.15755274805338992,0.3410852713178295,0.38190954773869346,0.1087265903452097,0.17489786159512088,0.3434343434343434,0.36679536679536684,0.09126550167012604,0.15755274805338992,0.3410852713178295,21.0,-6.0,-6.0,33.0,-10.0,-10.0,39.0,-6.0,-6.0,8.540603742471623e-06,-0.00031176158099360357,7.903027108003778e-05,-0.007120379210987515,-0.005406287803761067,-0.005484390809298745,0.04247104247104247,0.49075991376539646,11,-0.4732215404510498
441,0,test,2.0855030144418145,0.9947151640782161,1.3575200968653138,3.691903985025374,1.7609146823546797,2.403177468775082,8.04863904529761,5.0720207665044255,5.977739827722626,14.24826641802685,8.97884757313621,10.582215100427891,2.0555396398949735,0.9690865051333741,1.3289225350540685,3.3975861816445843,1.601795876253511,2.196566173643088,7.8110518907294395,4.847308481022948,5.74297920298534,12.91082957145362,8.012080133922229,9.492527608240232,2.0855030144418145,0.9947151640782161,1.3575200968653138,3.691903985025374,1.7609146823546797,2.403177468775082,8.04863904529761,5.0720207665044255,5.977739827722626,14.24826641802685,8.97884757313621,10.582215100427891,0.5276381909547738,-0.002361809045226204,-0.002361809045226204,0.3517587939698492,-0.0032412060301507672,-0.0032412060301507672,0.26633165829145733,-0.0036683417085426884,-0.0036683417085426884,0.3601532567049809,0.10393910756540159,0.15505771530370704,0.35,0.3467336683417085,0.09360083626150795,0.1363830840345298,0.33333333333333337,0.3601532567049809,0.10393910756540159,0.15505771530370704,0.35,16.0,-3.0,-3.0,31.0,-7.0,-7.0,35.0,-5.0,-5.0,6.884366505545715e-05,-0.0001116338785875342,0.0001753081020727472,-0.019823037001219568,-0.01786065536969872,-0.018746332334028892,0.06896551724137931,0.25782529853834685,18,-0.48323631286621094
681,0,test,2.525886556928596,1.1999562724194504,1.638701707984259,4.58545559565499,2.178382156084541,2.974873869879117,12.501974063614934,8.736287177401136,10.073690029888807,22.695891377024036,15.85972133743591,18.287621900413527,2.6162546690880735,1.234521688822767,1.6892464244976104,4.510783912220816,2.1284856703840807,2.9124938353407073,13.684374973732123,9.702578947957761,11.15743709627052,23.593749954710557,16.728584393030623,19.236960510811244,2.525886556928596,1.1999562724194504,1.638701707984259,4.58545559565499,2.178382156084541,2.974873869879117,12.501974063614934,8.736287177401136,10.073690029888807,22.695891377024036,15.85972133743591,18.287621900413527,0.6532663316582914,-0.0017336683417086274,-0.0017336683417086274,0.4974874371859297,-0.002512562814070307,-0.002512562814070307,0.3316582914572864,-0.0033417085427135396,-0.0033417085427135396,0.4,0.09639065817409764,0.1694483734087695,0.3162393162393162,0.40201005025125625,0.09624563922368734,0.16494828063522948,0.31313131313131315,0.4,0.09639065817409764,0.1694483734087695,0.3162393162393162,15.0,-1.0,-1.0,28.0,-7.0,-7.0,35.0,-6.0,-6.0,0.000746620993493497,0.00023475306077139622,9.126375756444149e-05,-0.005615402151573967,-0.006058068367232217,-0.005641395903423607,0.04680851063829787,0.3238492588918921,11,-0.25977468490600586
835,0,test,3.4467867511938834,1.676286203543025,2.265717725441776,5.422384035414768,2.637084393378662,3.564360811975477,31.399336156999237,25.525543418170194,28.14148108404131,49.396516637230505,40.1560378163897,44.27135438830889,3.4257516131425136,1.6575211978777598,2.245218296305567,5.190532747185626,2.5113957543602417,3.4018459034932835,30.745745075274485,24.885271499719146,27.4896347969307,46.58446223526437,37.70495681775628,41.65096181353137,3.4467867511938834,1.676286203543025,2.265717725441776,5.422384035414768,2.637084393378662,3.564360811975477,31.399336156999237,25.525543418170194,28.14148108404131,49.396516637230505,40.1560378163897,44.27135438830889,0.7185929648241206,-0.0014070351758793676,-0.0014070351758793676,0.5577889447236181,-0.00221105527638199,-0.00221105527638199,0.4773869346733668,-0.0026130653266331905,-0.0026130653266331905,0.4202334630350194,0.11343734653016502,0.18349348890824058,0.43359375,0.4120603015075377,0.10378962481580833,0.17499853189151093,0.4191919191919192,0.4202334630350194,0.11343734653016502,0.18349348890824058,0.43359375,18.0,0.0,0.0,28.0,0.0,0.0,39.0,0.0,0.0,0.00020290352401108446,8.015080059706619e-05,2.2259619525302452e-05,-9.322580442105988e-05,-0.00015080139628764755,0.00010688561932692409,0.05058365758754864,0.25576047042975114,13,-0.20913195610046387
849,0,test,2.1242418863450996,1.0003590487744454,1.3730480410651087,4.83373408831589,2.2763272232316467,3.124384828137952,8.366552285706634,5.2897746179067955,6.247023389371186,19.038175099107953,12.036936120338932,14.21516546765076,2.0822840290716362,0.9697104907155218,1.3387568729624149,4.526704411025296,2.108066284164178,2.910341028179163,8.022772248716525,4.980594759511975,5.9194309895366715,17.44080923634027,10.827379911982558,12.868328238123201,2.1242418863450996,1.0003590487744454,1.3730480410651087,4.83373408831589,2.2763272232316467,3.124384828137952,8.366552285706634,5.2897746179067955,6.247023389371186,19.038175099107953,12.036936120338932,14.21516546765076,0.5175879396984925,-0.002412060301507535,-0.002412060301507535,0.39698492462311563,-0.0030150753768843908,-0.0030150753768843908,0.27135678391959794,-0.0036432160804020786,-0.0036432160804020786,0.3783783783783784,0.11036036036036034,0.18018018018018023,0.30316742081447967,0.37688442211055273,0.11809045226130654,0.18927973199329984,0.28787878787878785,0.3783783783783784,0.11036036036036034,0.18018018018018023,0.30316742081447967,18.0,-6.0,-6.0,29.0,-11.0,-11.0,36.0,-12.0,-12.0,0.0009808627470313178,0.0006868101961558145,0.00015903504675159708,-0.02302013205973097,-0.02341220884541695,-0.023276791847972156,0.05405405405405406,-0.26961235809192485,12,-0.3178565502166748
759,0,test,3.3419362145886793,1.631665200936264,2.201232539651424,5.387606261094477,2.6304420815093708,3.548653669983507,28.273817920093173,22.743357815360024,25.144848552069387,45.580821616635056,36.665049569004644,40.5365437263664,3.5027351108468583,1.6981062041870374,2.298524534310642,5.347687192132608,2.5925285560107443,3.5091977623063237,33.206150369104584,27.128434738911803,29.872024367503474,50.69641277725891,41.41745761665924,45.60614407252439,3.3419362145886793,1.631665200936264,2.201232539651424,5.387606261094477,2.6304420815093708,3.548653669983507,28.273817920093173,22.743357815360024,25.144848552069387,45.580821616635056,36.665049569004644,40.5365437263664,0.6834170854271358,-0.0015829145728643024,-0.0015829145728643024,0.5678391959798995,-0.0021608040201005485,-0.0021608040201005485,0.4522613065326633,-0.0027386934673366836,-0.0027386934673366836,0.36603773584905663,0.06283622925771959,0.1452096304538245,0.36363636363636365,0.37688442211055273,0.08114507373962543,0.15651714331255606,0.38888888888888884,0.36603773584905663,0.06283622925771959,0.1452096304538245,0.36363636363636365,24.0,0.0,0.0,35.0,0.0,0.0,45.0,0.0,0.0,-2.9692654971558593e-05,0.00036246590070170074,6.17209220758845e-05,-0.0001486651793047855,0.00023534568223659846,7.884916357880911e-05,0.05660377358490566,-0.2507399566671461,15,-0.2946798801422119
332,0,test,2.6160248078599313,1.2844195881842506,1.726001846941669,4.100795644753405,2.013414489586122,2.7056245168274806,13.681229827981682,9.894112161200635,11.246044263237016,21.446252162782095,15.509689333773967,17.628934250479645,2.6536839094932745,1.259868525159593,1.722091739907299,3.711446027263321,1.7620538813420878,2.4085199159542645,14.206277004324859,10.176079495733498,11.667729244077961,19.868918887167634,14.232279015011885,16.318502439269874,2.6160248078599313,1.2844195881842506,1.726001846941669,4.100795644753405,2.013414489586122,2.7056245168274806,13.681229827981682,9.894112161200635,11.246044263237016,21.446252162782095,15.509689333773967,17.628934250479645,0.6281407035175879,-0.0018592964824121205,-0.0018592964824121205,0.457286432160804,-0.0027135678391959628,-0.0027135678391959628,0.35678391959798994,-0.0032160804020100464,-0.0032160804020100464,0.38754325259515576,0.11245674740484435,0.17993079584775096,0.35416666666666663,0.40201005025125625,0.12060301507537685,0.18592964824120595,0.3535353535353535,0.38754325259515576,0.11245674740484435,0.17993079584775096,0.35416666666666663,20.0,-4.0,-4.0,27.0,-1.0,-1.0,37.0,-6.0,-6.0,0.0002874680007655168,-4.2217086261091605e-05,-0.00010816188337108322,-0.006747363712523047,-0.004669200590636358,-0.005770048815150197,0.9307958477508651,-0.3098606232569106,269,-0.6969883441925049
27,0,test,2.9627825279767728,1.424824040297395,1.932714878521647,3.8322947916221297,1.8429789216890218,2.499924679826913,19.35174367805293,14.696666511709473,16.550488346366752,25.031059757481508,19.00981864014595,21.407696882800472,2.9627825279767728,1.424824040297395,1.932714878521647,3.8322947916221297,1.8429789216890218,2.499924679826913,19.35174367805293,14.696666511709473,16.550488346366752,25.031059757481508,19.00981864014595,21.407696882800472,2.9627825279767728,1.424824040297395,1.932714878521647,3.8322947916221297,1.8429789216890218,2.499924679826913,19.35174367805293,14.696666511709473,16.550488346366752,25.031059757481508,19.00981864014595,21.407696882800472,0.7372881355932204,0.2822881355932204,0.2822881355932204,0.5677966101694916,0.2227966101694916,0.2227966101694916,0.4067796610169492,0.15677966101694918,0.15677966101694918,0.4152542372881356,0.09035972252020308,0.1568272709960008,0.36752136752136755,0.4152542372881356,0.09035972252020308,0.1568272709960008,0.36752136752136755,0.4152542372881356,0.09035972252020308,0.1568272709960008,0.36752136752136755,14.0,3.0,3.0,21.0,3.0,3.0,25.0,5.0,5.0,0.00021400646148812504,2.551913867167272e-05,4.101522402020375e-05,-0.00015074117048108349,4.542432597087753e-05,-8.309008689977304e-06,0.0847457627118644,0.3895800669267289,10,-0.4482839107513428
729,0,test,2.424771755652308,1.1617242249546256,1.579677683452246,3.768788100213873,1.805651366786618,2.455270456565777,11.299650043673463,7.763468338383754,8.971453220807382,17.56288463930961,12.066647931659318,13.94420157748347,2.505860651390934,1.1656463092348321,1.5940850063137426,3.631682103465122,1.689342477151931,2.3102681250923807,12.254100937685585,8.434238762565478,9.76536321047568,17.759566576355923,12.223534438500693,14.152700305037218,2.424771755652308,1.1617242249546256,1.579677683452246,3.768788100213873,1.805651366786618,2.455270456565777,11.299650043673463,7.763468338383754,8.971453220807382,17.56288463930961,12.066647931659318,13.94420157748347,0.592964824120603,-0.0020351758793969443,-0.0020351758793969443,0.46733668341708545,-0.002663316582914521,-0.002663316582914521,0.3316582914572864,-0.0033417085427135396,-0.0033417085427135396,0.38007380073800734,0.10567232744150645,0.17393883141285393,0.3296296296296296,0.40201005025125625,0.11128323320864975,0.18331222053506258,0.33333333333333337,0.38007380073800734,0.10567232744150645,0.17393883141285393,0.3296296296296296,20.0,-7.0,-7.0,31.0,-12.0,-12.0,39.0,-10.0,-10.0,0.00016022669545660647,0.00039511392136676505,0.00028176049058715514,-0.00019024471046957814,0.00021210453193631906,5.782182176528039e-05,0.055350553505535055,0.2634723719518149,15,-0.6269881725311279
961,0,test,2.17472308045908,1.0585578719478224,1.4265739126272496,3.717683031399321,1.8096017252292382,2.438724118792952,8.799747962588611,5.7466243295876325,6.686662533966532,15.04314456174366,9.82383823940679,11.430830923987479,2.297285628815878,1.1102478612360316,1.4983312676054452,3.5438747297237185,1.7127079409765136,2.3113792422750663,9.947145532096407,6.669787015688696,7.723930499291244,15.34482140222624,10.289051287767833,11.915210615185718,2.168765517903699,1.0376479254222222,1.4124224686280273,3.7178837449777697,1.7788250150095237,2.4212956605051894,8.747478766729099,5.648360650196677,6.617007836526112,14.995677885821312,9.682903971765732,11.343442005473333,0.6060606060606061,-0.003939393939393909,-0.003939393939393909,0.38888888888888884,-0.0011111111111111738,-0.0011111111111111738,0.303030303030303,-0.0019696969696970656,-0.0019696969696970656,0.35737704918032787,0.08405462692173538,0.15017966641042602,0.3388157894736842,0.3535353535353535,0.07897615958069348,0.13038099111924606,0.3350253807106599,0.35785953177257523,0.0874087805204884,0.15096298004843733,0.3355704697986577,21.0,0.0,0.0,27.0,0.0,0.0,36.0,1.0,1.0,0.0005219133862734745,-3.8943903611835154e-05,8.982641287462978e-05,-0.013519552051277195,-0.013633657128089283,-0.0140079281470733,0.9639344262295082,-0.44122200377702453,294,-0.40156984329223633
806,0,test,3.2949602335902743,1.5913847345778798,2.1551821929234976,5.09221127009406,2.459412771620359,3.330736116336314,26.97634129632889,21.482786779368652,23.850266869548314,41.690709276144645,33.200670477206096,36.859503343847386,3.362273643744803,1.6097032752794673,2.1926276710214445,5.133242204190538,2.457562252335064,3.3475231618648005,28.854721711656914,23.085308560367075,25.633869544516692,44.05301024680445,35.244745893690194,39.135678693918614,3.2949602335902743,1.5913847345778798,2.1551821929234976,5.09221127009406,2.459412771620359,3.330736116336314,26.97634129632889,21.482786779368652,23.850266869548314,41.690709276144645,33.200670477206096,36.859503343847386,0.7688442211055276,-0.0011557788944723812,-0.0011557788944723812,0.6030150753768844,-0.0019849246231156137,-0.0019849246231156137,0.4522613065326633,-0.0027386934673366836,-0.0027386934673366836,0.3976377952755905,0.06954349272156302,0.1554911984169518,0.3517786561264822,0.4170854271356784,0.08625835946650551,0.16833751394703067,0.36363636363636365,0.3976377952755905,0.06954349272156302,0.1554911984169518,0.3517786561264822,18.0,-1.0,-1.0,33.0,-6.0,-6.0,42.0,-5.0,-5.0,0.0001369828644282552,0.00011566114075538417,0.0003902084264774459,-7.243603883999583e-05,-0.00013431153772813786,0.00011739929023413254,0.04330708661417323,0.34457777315197136,11,-0.3541431427001953
657,0,test,2.683988471302167,1.3189805296746562,1.7737633748779467,4.603785780636356,2.2624179918725003,3.042496899964256,14.643381685444865,10.727627536114747,12.158499876998127,25.11746719656168,18.400861120974604,20.855204650128734,2.5863079108046567,1.2370927219543846,1.686461479057358,4.346735984545642,2.079147431856109,2.834389040432535,13.280647638316061,9.426248270546296,10.821422215110049,22.320416198850523,15.842434068145034,18.187264227075712,2.683988471302167,1.3189805296746562,1.7737633748779467,4.603785780636356,2.2624179918725003,3.042496899964256,14.643381685444865,10.727627536114747,12.158499876998127,25.11746719656168,18.400861120974604,20.855204650128734,0.6683417085427136,-0.0016582914572863539,-0.0016582914572863539,0.4824120603015075,-0.0025879396984924696,-0.0025879396984924696,0.36180904522613067,-0.0031909547738693256,-0.0031909547738693256,0.39837398373983735,0.098171143983245,0.1645901999560535,0.34693877551020413,0.3869346733668342,0.08868905933174642,0.15154235283261053,0.31818181818181823,0.39837398373983735,0.098171143983245,0.1645901999560535,0.34693877551020413,19.0,-2.0,-2.0,31.0,-6.0,-6.0,38.0,-3.0,-3.0,3.338667029265616e-05,8.67039275758799e-05,-0.00012510293336412458,-0.005691631292038757,-0.006118531181955156,-0.005691232238909549,0.9552845528455285,-0.41529591653232756,235,-0.3310976028442383
100,0,test,2.300032133473468,1.1017051654913943,1.499370871472032,3.7571953484690814,1.7996798666101659,2.4492828521561765,9.974502965091526,6.659936060296559,7.74748988426485,16.293753290801686,10.87927443390059,12.655837512805313,2.3448855532252817,1.0967189798939379,1.510524483203382,3.8128220377646858,1.7832828941364842,2.4561373710624097,10.432078741460723,6.948129209130844,8.128736837614419,16.962729660911744,11.29777107175747,13.21745827254377,2.300032133473468,1.1017051654913943,1.499370871472032,3.7571953484690814,1.7996798666101659,2.4492828521561765,9.974502965091526,6.659936060296559,7.74748988426485,16.293753290801686,10.87927443390059,12.655837512805313,0.6783919597989949,-0.0016080402010050232,-0.0016080402010050232,0.44221105527638194,-0.0027889447236180143,-0.0027889447236180143,0.2864321608040201,-0.003567839195979916,-0.003567839195979916,0.3854961832061069,0.07311523082515448,0.15199364513504088,0.3524904214559387,0.39698492462311563,0.08370171660306547,0.15491480776167987,0.35858585858585856,0.3854961832061069,0.07311523082515448,0.15199364513504088,0.3524904214559387,14.0,-3.0,-3.0,26.0,-8.0,-8.0,32.0,-6.0,-6.0,0.00021510436634334306,0.0001505697124410157,0.00021269516338134014,-0.00012787541372372146,-0.00017828449388890277,8.936283448512938e-05,0.9580152671755725,-0.6613269019662362,251,-0.40316033363342285
37,0,test,2.2861074026051473,1.1049443561949013,1.4979433574842895,4.9847454643270135,2.409277167643018,3.266192283236421,9.83657324158241,6.578411848546423,7.637218440489955,21.448167218487963,14.343905534424533,16.652581561970578,2.7138850723696586,1.2875730711243152,1.7617815953213023,4.523141787282764,2.1459551185405252,2.9363026588688372,15.08777890928835,10.924462371740528,12.496624544651642,25.14629818214725,18.207437286234217,20.827707574419406,2.2861074026051473,1.1049443561949013,1.4979433574842895,4.9847454643270135,2.409277167643018,3.266192283236421,9.83657324158241,6.578411848546423,7.637218440489955,21.448167218487963,14.343905534424533,16.652581561970578,0.6030150753768844,-0.0019849246231156137,-0.0019849246231156137,0.44221105527638194,-0.0027889447236180143,-0.0027889447236180143,0.3266331658291457,-0.0033668341708542604,-0.0033668341708542604,0.3494809688581315,0.09386784277868421,0.16190904710899456,0.26041666666666663,0.371859296482412,0.10118260475308871,0.15983926309343033,0.303030303030303,0.3494809688581315,0.09386784277868421,0.16190904710899456,0.26041666666666663,17.0,0.0,0.0,26.0,1.0,1.0,33.0,0.0,0.0,0.0016899947068493902,0.0005128078624752784,0.0001380746685065009,-0.040900516763550776,-0.030242179143624703,-0.03642747733598917,0.03460207612456748,0.18588136609567496,10,-0.3220248222351074
157,0,test,2.3712455068409843,1.1124796607207856,1.529789027542748,4.302116848125785,2.018355955879139,2.7754743785418423,10.710724260191835,7.189651001689347,8.39098108477707,19.43231401491947,13.044081103064958,15.223637110952684,2.318182546168919,1.0615701967525866,1.4787461997628286,3.99686645891193,1.8302934426768735,2.5495624133841877,10.157197283475698,6.6436984859138875,7.842135567373888,17.51240910944086,11.454652561920497,13.520923392023946,2.3712455068409843,1.1124796607207856,1.529789027542748,4.302116848125785,2.018355955879139,2.7754743785418423,10.710724260191835,7.189651001689347,8.39098108477707,19.43231401491947,13.044081103064958,15.223637110952684,0.6180904522613065,-0.0019095477386934512,-0.0019095477386934512,0.42713567839195976,-0.002864321608040288,-0.002864321608040288,0.3316582914572864,-0.0033417085427135396,-0.0033417085427135396,0.40711462450592883,0.1250633424546468,0.18503840900001556,0.3928571428571429,0.40201005025125625,0.11128323320864975,0.17663442420785058,0.38383838383838387,0.40711462450592883,0.1250633424546468,0.18503840900001556,0.3928571428571429,14.0,0.0,0.0,22.0,0.0,0.0,30.0,0.0,0.0,-0.00020347280477892317,-8.671954245680301e-05,-0.00017460729959087247,-0.016722731973031202,-0.01697909875591197,-0.013829674021967442,0.039525691699604744,1.102606869582648,10,-0.2849397659301758
207,0,test,2.435475087489517,1.1754882915294058,1.5930273269753112,4.205354498894942,2.0297251245041914,2.750693148441842,11.421243514545804,7.895868576679045,9.099199681184269,19.721153397787166,13.633860026812265,15.711661561299545,2.5570885183612275,1.2156959488467742,1.650537866507722,4.157867509530451,1.976741380238657,2.6838014089556452,12.898209694461272,9.073844200775703,10.422441692142524,20.97269869018093,14.75421821264342,16.947059662020365,2.435475087489517,1.1754882915294058,1.5930273269753112,4.205354498894942,2.0297251245041914,2.750693148441842,11.421243514545804,7.895868576679045,9.099199681184269,19.721153397787166,13.633860026812265,15.711661561299545,0.6231155778894473,-0.0018844221105527303,-0.0018844221105527303,0.457286432160804,-0.0027135678391959628,-0.0027135678391959628,0.33668341708542715,-0.0033165829145728187,-0.0033165829145728187,0.36823104693140796,0.08714996585032686,0.14494173120511744,0.3152173913043478,0.3919597989949749,0.11376431027317035,0.17326196927878124,0.3282828282828283,0.36823104693140796,0.08714996585032686,0.14494173120511744,0.3152173913043478,16.0,-5.0,-5.0,24.0,-9.0,-9.0,34.0,-13.0,-13.0,-0.00010601880288037902,0.0006095309204720108,0.00015934135667196577,-0.00023182424163081805,0.0001888633816387042,3.6794479953528025e-05,0.036101083032490974,-0.7120917684707124,10,-0.43897557258605957
458,0,test,2.923100717136535,1.399632850549016,1.9057383435911133,4.462485118468792,2.136717606163586,2.909352027494125,18.59886797181325,14.010759384862304,15.832978221538276,28.39353808714685,21.389206634878544,24.171055509803995,3.134560796392804,1.5193973262509606,2.048391643473462,4.4876086221738705,2.175252287222598,2.9325894751886254,22.97854136717563,17.949831466972363,20.015639487287356,32.8973362019277,25.697960157751798,28.655483870289093,2.923100717136535,1.399632850549016,1.9057383435911133,4.462485118468792,2.136717606163586,2.909352027494125,18.59886797181325,14.010759384862304,15.832978221538276,28.39353808714685,21.389206634878544,24.171055509803995,0.6767676767676767,-0.003232323232323253,-0.003232323232323253,0.5252525252525253,0.0002525252525252819,0.0002525252525252819,0.4292929292929293,-0.0007070707070707671,-0.0007070707070707671,0.40077821011673154,0.10563257904877033,0.1821494908411817,0.38671875,0.4242424242424242,0.1345698801618197,0.19773235712833026,0.41116751269035534,0.40077821011673154,0.10563257904877033,0.1821494908411817,0.38671875,23.0,0.0,0.0,35.0,0.0,0.0,42.0,-1.0,-1.0,0.0004832600148157566,0.00028169932020644946,0.00010282160331394622,-9.322580442105988e-05,-0.00015080139628764755,0.00010688561932692409,0.054474708171206226,0.2100686810072578,14,-0.5312964916229248
824,0,test,2.314120179316468,1.1131077225798562,1.5117096012696751,3.745220816525336,1.8014769720700305,2.4465826441601317,10.116018719763828,6.792538620034206,7.885106479785128,16.37197766488093,10.993187503476411,12.76142232912593,2.332732473290679,1.1118547452985574,1.5112540211490972,3.7027499576042526,1.7648488020612023,2.398815906585869,10.306064138401746,6.9159020701546154,8.032204992845912,16.35883196571706,10.977622333578756,12.749531734676053,2.314120179316468,1.1131077225798562,1.5117096012696751,3.745220816525336,1.8014769720700305,2.4465826441601317,10.116018719763828,6.792538620034206,7.885106479785128,16.37197766488093,10.993187503476411,12.76142232912593,0.5678391959798995,-0.0021608040201005485,-0.0021608040201005485,0.4170854271356784,-0.0029145728643216184,-0.0029145728643216184,0.31658291457286436,-0.003417085427135591,-0.003417085427135591,0.37142857142857144,0.09240616816991565,0.1556890870323706,0.35245901639344257,0.371859296482412,0.10118260475308871,0.16150871217523333,0.3535353535353535,0.37142857142857144,0.09240616816991565,0.1556890870323706,0.35245901639344257,23.0,-11.0,-11.0,32.0,-11.0,-11.0,41.0,-17.0,-17.0,0.000134955789506464,2.106214459205461e-05,7.853702898978602e-05,-1.0066742095027337e-05,-8.484196204427974e-05,-0.00010243434826673337,0.04897959183673469,0.4845836767472819,12,-0.4790465831756592
312,0,test,2.959870608619572,1.4411433553647461,1.946279509821289,4.870019664182203,2.371183544001297,3.202308728368749,19.295474925835457,14.72906531376136,16.539996461479678,31.747787232624617,24.23445048717712,27.214063945341564,2.879136620928743,1.3769032923135882,1.8757681961646566,4.429440955274989,2.1183127574055205,2.8857972248687025,17.798899346657077,13.30719000676152,15.071445751840942,27.38292207178012,20.47260001040234,23.186839618216833,2.959870608619572,1.4411433553647461,1.946279509821289,4.870019664182203,2.371183544001297,3.202308728368749,19.295474925835457,14.72906531376136,16.539996461479678,31.747787232624617,24.23445048717712,27.214063945341564,0.6783919597989949,-0.0016080402010050232,-0.0016080402010050232,0.507537688442211,-0.0024623115577889765,-0.0024623115577889765,0.3467336683417085,-0.003266331658291488,-0.003266331658291488,0.36524822695035464,0.06967300571141655,0.13057841562959993,0.3487544483985765,0.36180904522613067,0.07358849384768451,0.129755622855513,0.3282828282828283,0.36524822695035464,0.06967300571141655,0.13057841562959993,0.3487544483985765,16.0,0.0,0.0,26.0,0.0,0.0,34.0,0.0,0.0,-0.0004275445568393766,7.809852451296363e-05,0.00011403927701235919,-0.00026647385093347964,0.00016949575638847136,1.9271695109068787e-05,0.03546099290780142,0.6950230230071884,10,-0.4133591651916504
148,0,test,2.4551985493006914,1.1832029611524018,1.6044011114436811,4.386421798445747,2.113893095229596,2.8663995466646255,11.648746169693172,8.080780517127728,9.307232850698579,20.81147943731768,14.437004216575758,16.62816600765051,2.5835854074596054,1.239001238721478,1.683941613972976,4.06863843694426,1.9511830531046894,2.651876557437757,13.244540204303666,9.407949369860955,10.785813063772734,20.857543628824672,14.815668298993632,16.985532383894068,2.4551985493006914,1.1832029611524018,1.6044011114436811,4.386421798445747,2.113893095229596,2.8663995466646255,11.648746169693172,8.080780517127728,9.307232850698579,20.81147943731768,14.437004216575758,16.62816600765051,0.6180904522613065,-0.0019095477386934512,-0.0019095477386934512,0.4170854271356784,-0.0029145728643216184,-0.0029145728643216184,0.3517587939698492,-0.0032412060301507672,-0.0032412060301507672,0.363013698630137,0.08780002341646176,0.14091802664836028,0.3264604810996563,0.37688442211055273,0.10119519905290864,0.15150879606714707,0.33333333333333337,0.363013698630137,0.08780002341646176,0.14091802664836028,0.3264604810996563,20.0,0.0,0.0,27.0,0.0,0.0,37.0,0.0,0.0,0.0002522775511249484,0.00010994725124741473,0.0001866065802965376,-0.008716571212183055,-0.007230579296890305,-0.008001497041528971,0.03424657534246575,0.9594676769823232,10,-0.4281744956970215
57,0,test,2.1888214039891487,1.035270225644786,1.4186198918218706,4.29890822510099,2.0333005151152994,2.7862102911321633,8.924688311629438,5.755260158301689,6.764486794811983,17.528344669603143,11.30349656990188,13.285646726501234,2.3109369252035603,1.1016439177161073,1.5010966688178566,4.126673080720643,1.9672212816359056,2.680529765746172,10.08386806057577,6.732753458664291,7.836319134166139,18.006907251028156,12.022774033329089,13.993427025296675,2.1888214039891487,1.035270225644786,1.4186198918218706,4.29890822510099,2.0333005151152994,2.7862102911321633,8.924688311629438,5.755260158301689,6.764486794811983,17.528344669603143,11.30349656990188,13.285646726501234,0.6231155778894473,-0.0018844221105527303,-0.0018844221105527303,0.4371859296482412,-0.002814070351758735,-0.002814070351758735,0.3266331658291457,-0.0033668341708542604,-0.0033668341708542604,0.3786764705882353,0.09610766324878572,0.15862757083273404,0.30996309963099633,0.3869346733668342,0.08367652800342562,0.15988959824162552,0.3232323232323232,0.3786764705882353,0.09610766324878572,0.15862757083273404,0.30996309963099633,18.0,0.0,0.0,28.0,1.0,1.0,35.0,0.0,0.0,0.0006111522085634988,0.0005462614293957555,0.000218317614632608,-0.0071638164409808525,-0.005982260808407247,-0.006203044712352224,0.9595588235294118,-0.34111698798623097,261,-0.451995849609375
496,0,test,3.0548184456387912,1.478597039808298,2.003315921825412,5.360713659443556,2.594699321470045,3.515496327332336,21.21733307785465,16.380687558970962,18.355385043635227,37.23299740113848,28.745464619613557,32.21074020560504,3.0145783178548062,1.437653118875954,1.963603080492641,4.941931668614436,2.356808391599924,3.2190214434305586,20.380495037439655,15.540444322442443,17.520055671857534,33.41064760236009,25.476138233512206,28.721402740750058,3.0548184456387912,1.478597039808298,2.003315921825412,5.360713659443556,2.594699321470045,3.515496327332336,21.21733307785465,16.380687558970962,18.355385043635227,37.23299740113848,28.745464619613557,32.21074020560504,0.7035175879396984,-0.001482412060301641,-0.001482412060301641,0.5125628140703518,-0.0024371859296482556,-0.0024371859296482556,0.3919597989949749,-0.0030402010050251116,-0.0030402010050251116,0.38745387453874536,0.08542809184997924,0.16168700337310116,0.3740740740740741,0.3919597989949749,0.08368912230324554,0.16491472386976624,0.35858585858585856,0.38745387453874536,0.08542809184997924,0.16168700337310116,0.3740740740740741,23.0,-6.0,-6.0,33.0,-8.0,-8.0,43.0,-11.0,-11.0,-0.00022589936816808665,0.00017910823901598147,2.142560754076842e-05,-0.00019024471046957814,0.00021210453193631906,5.782182176528039e-05,0.03690036900369004,0.6174239087209876,10,-0.31641364097595215
453,0,test,3.2930753036591285,1.5990128219640811,2.163685232344932,4.699107455783251,2.281737397634138,3.0875058933461386,26.925540676032544,21.48399864822152,23.83177172991347,38.42183894220374,30.656941891282393,34.00713494043832,3.2588796090503136,1.5431119745959014,2.1147220562381746,4.464218642534676,2.1138520199943853,2.8968795290933897,26.020367820433876,20.459425174907498,22.880572689669435,35.644339480046405,28.02660982864041,31.34325025982114,3.2930753036591285,1.5990128219640811,2.163685232344932,4.699107455783251,2.281737397634138,3.0875058933461386,26.925540676032544,21.48399864822152,23.83177172991347,38.42183894220374,30.656941891282393,34.00713494043832,0.7035175879396984,-0.001482412060301641,-0.001482412060301641,0.5376884422110553,-0.0023115577889447625,-0.0023115577889447625,0.4321608040201005,-0.002839195979899567,-0.002839195979899567,0.40711462450592883,0.10533947657693477,0.17452592542577117,0.40476190476190477,0.40201005025125625,0.10376443621616849,0.1699566278806386,0.4040404040404041,0.40711462450592883,0.10533947657693477,0.17452592542577117,0.40476190476190477,21.0,-7.0,-7.0,30.0,-8.0,-8.0,40.0,-9.0,-9.0,0.00033044100717953757,-0.00038580950533963497,-0.0002442912276149834,-6.550611697964115e-05,-0.000128814918206821,0.00012090384720320202,0.039525691699604744,0.5024527130206423,10,-0.24827289581298828
39,0,test,2.6313504500626954,1.2610655121982288,1.7166849262218316,4.272553565823449,2.0476063728991862,2.787400782267407,13.892518392164504,9.956046206501014,11.396578112409177,22.55743965738051,16.165745129112473,18.504753120664386,2.3806230861536775,1.1499366850571962,1.558741234192265,3.808996937845884,1.839898696091514,2.4939859747076243,10.81163734716135,7.388058669032118,8.53686074219684,17.29861975545816,11.820893870451387,13.658977187514942,2.6655683113957633,1.294950976152305,1.750682762480468,4.186756510045702,2.033954412804668,2.749763501278222,14.376117336161773,10.438336459970694,11.87962782654066,22.580289009678175,16.395292869063915,18.659101298231402,0.5628140703517588,-0.0021859296482411583,-0.0021859296482411583,0.4522613065326633,-0.0027386934673366836,-0.0027386934673366836,0.31658291457286436,-0.003417085427135591,-0.003417085427135591,0.39171974522292996,0.10396139864105391,0.17773669437547235,0.3801916932907349,0.3869346733668342,0.11124545030919009,0.1849313344686706,0.33333333333333337,0.39799331103678925,0.11251751804847543,0.18442267699896941,0.38590604026845643,20.0,-1.0,-1.0,29.0,-1.0,-1.0,36.0,1.0,1.0,-0.00021522308589018327,5.571217559853164e-05,-0.00017028693432285115,-0.004227727866497055,-0.003450785823823743,-0.004281074613657232,0.03184713375796178,-0.367208777818224,10,-0.4608736038208008
919,0,test,3.073549987761071,1.4987290991565743,2.0209918862639564,4.3953357337930345,2.143260266151371,2.8901231119629642,21.618512066594878,16.78863561187451,18.753541428882787,30.915592385389566,24.008618802473393,26.818535929386783,3.1239472223621565,1.508408520170189,2.043117589980108,4.193217748137123,2.0247094230472333,2.7424397180941047,22.735946593367238,17.70534940597546,19.788823027114507,30.518049118613742,23.765569672450283,26.562178559885243,3.073549987761071,1.4987290991565743,2.0209918862639564,4.3953357337930345,2.143260266151371,2.8901231119629642,21.618512066594878,16.78863561187451,18.753541428882787,30.915592385389566,24.008618802473393,26.818535929386783,0.6231155778894473,-0.0018844221105527303,-0.0018844221105527303,0.5226130653266332,-0.002386934673366814,-0.002386934673366814,0.4120603015075377,-0.0029396984924623393,-0.0029396984924623393,0.4,0.1114337568058077,0.17992744860943166,0.3941605839416058,0.3919597989949749,0.10875177894484955,0.17993976560599323,0.398989898989899,0.4,0.1114337568058077,0.17992744860943166,0.3941605839416058,27.0,-12.0,-12.0,34.0,-7.0,-7.0,43.0,-10.0,-10.0,5.0260011758569206e-05,7.647674203266982e-05,0.00011680079492697588,-0.004893493439473318,-0.004046842700990538,-0.004770251523845026,0.03636363636363636,-0.6042056708451682,10,-0.5063436031341553
578,0,test,2.6277364760359583,1.2509275060688785,1.7070793064709116,4.5234606480333275,2.153382349732855,2.9386150918534977,13.842401806096348,9.880163993020812,11.33146184492128,23.828705966208712,17.00799658798583,19.506302175900203,2.6954211682616793,1.2676803348276477,1.7335531820877965,4.492368613769465,2.112800558046079,2.889255303479661,14.811755681190157,10.642486211103748,12.19517603543504,24.686259468650263,17.73747701850625,20.325293392391735,2.6277364760359583,1.2509275060688785,1.7070793064709116,4.5234606480333275,2.153382349732855,2.9386150918534977,13.842401806096348,9.880163993020812,11.33146184492128,23.828705966208712,17.00799658798583,19.506302175900203,0.6783919597989949,-0.0016080402010050232,-0.0016080402010050232,0.5577889447236181,-0.00221105527638199,-0.00221105527638199,0.3869346733668342,-0.0030653266331658324,-0.0030653266331658324,0.4083333333333333,0.10272002772002775,0.1687211449676823,0.39748953974895396,0.42713567839195976,0.11134620470774925,0.183396112448721,0.4191919191919192,0.4083333333333333,0.10272002772002775,0.1687211449676823,0.39748953974895396,20.0,-8.0,-8.0,33.0,-8.0,-8.0,40.0,-7.0,-7.0,0.00020172207844060963,2.065087207424099e-05,9.677434083203106e-05,2.4582867206746073e-05,-5.7358864443912694e-05,-7.978146849918488e-05,0.07083333333333333,0.15199320122898738,17,-0.323854923248291
731,0,test,2.680873230165726,1.2700338015236985,1.7348359754226723,4.849226578093887,2.2972670233443373,3.13801213201454,14.597835001727974,10.49843989188236,12.022351575739442,26.40490742959619,18.989825098551915,21.74631240905811,2.5574333128260784,1.1985225847729861,1.6436249595977581,4.371680876625775,2.0487565551674973,2.8096153155517234,12.902657692548903,9.010706094213369,10.408855942778578,22.055825115468213,15.402916400364735,17.792916141501845,2.680873230165726,1.2700338015236985,1.7348359754226723,4.849226578093887,2.2972670233443373,3.13801213201454,14.597835001727974,10.49843989188236,12.022351575739442,26.40490742959619,18.989825098551915,21.74631240905811,0.6432160804020101,-0.001783919597989958,-0.001783919597989958,0.49246231155778897,-0.002537688442211028,-0.002537688442211028,0.3015075376884422,-0.0034924623115578646,-0.0034924623115578646,0.3795918367346939,0.08223949457583446,0.14485642289480238,0.360655737704918,0.3869346733668342,0.08868905933174642,0.14653400558720142,0.33838383838383834,0.3795918367346939,0.08223949457583446,0.14485642289480238,0.360655737704918,21.0,0.0,0.0,33.0,0.0,0.0,41.0,0.0,0.0,0.0001382650204183146,-0.00013971376798647966,-0.0001958473515530512,-1.0066742095027337e-05,-8.484196204427974e-05,-0.00010243434826673337,0.05714285714285714,0.28437545424841953,14,-0.3676943778991699
505,0,test,3.1893822123720232,1.5250232034665347,2.0781515210685164,5.3889561519389355,2.5767633437882824,3.5113594666330097,24.273426987142344,18.991140721233965,21.235331935354687,41.01372146103362,32.08847914967119,35.88038844249586,3.293496829820282,1.5775263557254176,2.147526896552823,5.35527939808176,2.5650835052445817,3.4919136529314203,26.93689288828983,21.374822148749434,23.791402094401473,43.79982583461761,34.755808371950295,38.68520665756337,3.1893822123720232,1.5250232034665347,2.0781515210685164,5.3889561519389355,2.5767633437882824,3.5113594666330097,24.273426987142344,18.991140721233965,21.235331935354687,41.01372146103362,32.08847914967119,35.88038844249586,0.7537688442211055,-0.0012311557788945438,-0.0012311557788945438,0.5477386934673367,-0.002261306532663321,-0.002261306532663321,0.4321608040201005,-0.002839195979899567,-0.002839195979899567,0.39344262295081966,0.08055918736799761,0.14821101532139191,0.3539094650205762,0.4120603015075377,0.09877709348748753,0.16665128648249594,0.36363636363636365,0.39344262295081966,0.08055918736799761,0.14821101532139191,0.3539094650205762,23.0,0.0,0.0,33.0,1.0,1.0,44.0,0.0,0.0,5.409425618517705e-05,0.0002789189613974058,0.00020776628764370886,-0.004678665861796993,-0.0053238385109564135,-0.00568217108700253,0.9549180327868853,-0.49142016194510607,233,-0.358551025390625
680,0,test,3.060745620649069,1.4651246127966007,1.993465699116778,5.232887674012924,2.5048904670393495,3.4081832920383626,21.343465359044185,16.41207480536807,18.436005144648398,36.49044077514006,28.05935369950025,31.519621698915003,2.864049297005281,1.3418860911487283,1.8416438218377347,4.58247887520845,2.1470177458379656,2.9466301149403757,17.532377195372487,12.950250630421227,14.752503550548182,28.051803512595978,20.72040100867396,23.60400568087709,3.060745620649069,1.4651246127966007,1.993465699116778,5.232887674012924,2.5048904670393495,3.4081832920383626,21.343465359044185,16.41207480536807,18.436005144648398,36.49044077514006,28.05935369950025,31.519621698915003,0.6683417085427136,-0.0016582914572863539,-0.0016582914572863539,0.507537688442211,-0.0024623115577889765,-0.0024623115577889765,0.37688442211055273,-0.003115577889447274,-0.003115577889447274,0.38636363636363635,0.06689293693074405,0.14455003434852298,0.4144486692015209,0.38190954773869346,0.06612007405448295,0.1448477781226667,0.38888888888888884,0.38636363636363635,0.06689293693074405,0.14455003434852298,0.4144486692015209,19.0,-3.0,-3.0,29.0,-1.0,-1.0,39.0,-6.0,-6.0,-0.00012466995372898264,-7.156821854209791e-05,5.462709760690434e-05,-0.000141735257445319,-0.00018927773293242467,8.23537205478786e-05,0.9545454545454546,-0.8048053529686181,252,-0.4238746166229248
989,0,test,2.3760642447047453,1.1254883087673757,1.5408265033539683,5.449688634643911,2.581395203594898,3.534005741637542,10.762460985479734,7.270107235086572,8.45709892244729,24.684543544678288,16.674557878638925,19.397015877172684,2.592999028931136,1.2170546337981052,1.6731046907241,5.517019210491779,2.589477944251288,3.559797214306596,13.369807978996013,9.410994336580995,10.860782711174497,28.446399955310667,20.023392205491483,23.108048321647868,2.3760642447047453,1.1254883087673757,1.5408265033539683,5.449688634643911,2.581395203594898,3.534005741637542,10.762460985479734,7.270107235086572,8.45709892244729,24.684543544678288,16.674557878638925,19.397015877172684,0.5678391959798995,-0.0021608040201005485,-0.0021608040201005485,0.4773869346733668,-0.0026130653266331905,-0.0026130653266331905,0.35678391959798994,-0.0032160804020100464,-0.0032160804020100464,0.39357429718875503,0.12904523907252252,0.20665840933828772,0.2701612903225806,0.38190954773869346,0.0936889963602473,0.18157565792233288,0.26262626262626265,0.39357429718875503,0.12904523907252252,0.20665840933828772,0.2701612903225806,18.0,0.0,0.0,30.0,0.0,0.0,38.0,0.0,0.0,0.0002521215277462568,0.0007018409539834637,0.000847857001148812,-0.033264127338402005,-0.03779163804035779,-0.0402551769722832,0.9076305220883534,0.2349764026587542,226,-0.3391275405883789
160,0,test,2.391790784473043,1.127312864542563,1.547280785986982,4.4744385423815425,2.10891862414425,2.894572898955238,10.933055168283449,7.391811727494332,8.606217786936948,20.452994362435025,13.82821921810164,16.10006728848749,2.427645577410448,1.1425447842122574,1.5648536486533469,3.9797468482138494,1.8730242364135368,2.5653338502513883,11.332169929624841,7.71713762010178,8.962402240782499,18.577327753483345,12.651045278855374,14.692462689807373,2.391790784473043,1.127312864542563,1.547280785986982,4.4744385423815425,2.10891862414425,2.894572898955238,10.933055168283449,7.391811727494332,8.606217786936948,20.452994362435025,13.82821921810164,16.10006728848749,0.5527638190954773,-0.0022361809045226,-0.0022361809045226,0.457286432160804,-0.0027135678391959628,-0.0027135678391959628,0.3316582914572864,-0.0033417085427135396,-0.0033417085427135396,0.3978102189781022,0.11678832116788318,0.194647201946472,0.3443223443223443,0.40703517587939697,0.1331658291457286,0.20770519262981568,0.3434343434343434,0.3978102189781022,0.11678832116788318,0.194647201946472,0.3443223443223443,20.0,0.0,0.0,32.0,-2.0,-2.0,41.0,-2.0,-2.0,7.296814046677788e-05,0.0004120944077131135,0.00026347723214299095,-0.005885669104133129,-0.0050440092116437185,-0.005536959163830346,0.09854014598540146,0.13038625898625386,27,-0.4620933532714844
528,0,test,2.181839492411542,1.053916299943448,1.4290165357090239,4.474352002554104,2.161292122347796,2.930519417432274,8.862593947901534,5.773359859147931,6.739609288683598,18.174739762725608,11.839571305354088,13.821082816648246,2.2885530841172366,1.0497184025480524,1.4608549790388698,3.98009232020389,1.8255972218227,2.540617354850209,9.860659808932025,6.409070888836142,7.572613976261832,17.14897358075135,11.14621024145416,13.1697634369771,2.181839492411542,1.053916299943448,1.4290165357090239,4.474352002554104,2.161292122347796,2.930519417432274,8.862593947901534,5.773359859147931,6.739609288683598,18.174739762725608,11.839571305354088,13.821082816648246,0.5678391959798995,-0.0021608040201005485,-0.0021608040201005485,0.4321608040201005,-0.002839195979899567,-0.002839195979899567,0.29145728643216084,-0.0035427135678391952,-0.0035427135678391952,0.3794326241134752,0.10686625243205927,0.17660243543422993,0.2953736654804271,0.37688442211055273,0.09868893338874818,0.15985604147616206,0.28787878787878785,0.3794326241134752,0.10686625243205927,0.17660243543422993,0.2953736654804271,21.0,0.0,0.0,33.0,0.0,0.0,42.0,0.0,0.0,0.0003780578500147316,0.0005407962608368641,0.00018057049328086284,-0.00026647385093347964,0.00016949575638847136,1.9271695109068787e-05,0.03546099290780142,0.37812915344138265,10,-0.46136951446533203
647,0,test,3.5075827180736683,1.686722757899146,2.2909597649105065,5.799203427215131,2.7887149597265877,3.7877201446520368,33.36751153539696,27.190343250247516,29.991743200622192,55.1676190718563,44.954700840409224,49.58634875836202,3.557135210479636,1.6696794299957363,2.2955694010990864,5.691416336767418,2.671487087993178,3.672911041758538,35.06260614124569,28.46005718158058,31.53166019184648,56.1001698259931,45.536091490528925,50.450656306954365,3.5075827180736683,1.686722757899146,2.2909597649105065,5.799203427215131,2.7887149597265877,3.7877201446520368,33.36751153539696,27.190343250247516,29.991743200622192,55.1676190718563,44.954700840409224,49.58634875836202,0.778894472361809,-0.0011055276381910506,-0.0011055276381910506,0.6180904522613065,-0.0019095477386934512,-0.0019095477386934512,0.48743718592964824,-0.002562814070351749,-0.002562814070351749,0.42914979757085026,0.10389727231832502,0.1680461636542957,0.4349593495934959,0.4371859296482412,0.1113713933073891,0.18176022013238147,0.4494949494949495,0.42914979757085026,0.10389727231832502,0.1680461636542957,0.4349593495934959,22.0,-11.0,-11.0,30.0,-8.0,-8.0,41.0,-15.0,-15.0,0.00010507745115591593,7.719787867311223e-05,3.101050214478084e-05,-0.0070372201486605945,-0.007088492759327103,-0.005695762814863059,0.06072874493927125,0.33134477220950587,15,-0.6260099411010742
408,0,test,2.303215839197019,1.0655909109233261,1.4700731218218805,5.086958723981906,2.3534993500249,3.2468521467576785,10.006309451651891,6.558893577939528,7.705772121683609,22.100266198972164,14.486189413147017,17.019223319114158,2.9808472745142756,1.4224316921638078,1.9341221467751912,4.886634876252911,2.331855233055423,3.1706920438937565,19.70450469873032,14.953217443894532,16.8561967159076,32.30246671923003,24.51347121949923,27.63310937034033,2.2860396602923005,1.075317849364511,1.4717953355170608,5.117999239460374,2.407428020965323,3.2950641839934196,9.83590691193015,6.480000803701291,7.578437797781339,22.02068711626153,14.507464485898412,16.966651786077623,0.5678391959798995,-0.0021608040201005485,-0.0021608040201005485,0.457286432160804,-0.0027135678391959628,-0.0027135678391959628,0.40201005025125625,-0.002989949748743781,-0.002989949748743781,0.33986928104575165,0.11928104575163401,0.16230936819172115,0.28524590163934427,0.40201005025125625,0.13819095477386933,0.20268006700167496,0.36363636363636365,0.3377926421404682,0.11872909698996659,0.16276477146042367,0.2818791946308725,20.0,0.0,0.0,30.0,1.0,1.0,38.0,0.0,0.0,0.0023903290138221804,1.2755520267063462e-05,0.0006023394066783558,-0.10344798140249445,-0.09602506335034544,-0.10226771391234912,0.0392156862745098,0.4567551981246526,12,-0.73199462890625
272,0,test,2.6074203340487383,1.2352682195149405,1.6914502769445603,4.490557241972827,2.127406378053508,2.9130532547378536,13.564015053136787,9.62018591221856,11.064816611535083,23.36024814706891,16.56809795993196,19.056073053199306,2.450339968330882,1.1524242296488645,1.5775649098650693,4.375607086305147,2.057900410087258,2.8170801961876233,11.592287059872772,7.930630200917507,9.198743189929809,20.700512606915662,14.161839644495547,16.426327124874657,2.6074203340487383,1.2352682195149405,1.6914502769445603,4.490557241972827,2.127406378053508,2.9130532547378536,13.564015053136787,9.62018591221856,11.064816611535083,23.36024814706891,16.56809795993196,19.056073053199306,0.6180904522613065,-0.0019095477386934512,-0.0019095477386934512,0.46733668341708545,-0.002663316582914521,-0.002663316582914521,0.3065326633165829,-0.0034673366834171437,-0.0034673366834171437,0.39676113360323884,0.10585204269414794,0.1773802453125255,0.39837398373983735,0.38190954773869346,0.09118273069608696,0.1548644726134848,0.36363636363636365,0.39676113360323884,0.10585204269414794,0.1773802453125255,0.39837398373983735,18.0,-8.0,-8.0,27.0,-12.0,-12.0,35.0,-11.0,-11.0,9.364330850957132e-05,-0.00036221927645729363,-0.0002171592157878531,-2.39265858157367e-05,-9.583520108336074e-05,-0.00011149550017286458,0.9554655870445344,0.4602254870274636,236,-0.5449399948120117
589,0,test,2.1893849556231437,1.058942671107869,1.433085446357472,3.115663206079089,1.5069568781150444,2.03939082750871,8.929719251774475,5.832693287891166,6.799341080277722,12.707677396755983,8.300371217383582,9.675985383472142,2.279063924428821,1.082539770136624,1.4598574727501221,3.187501992208141,1.5140416365547187,2.041758703147024,9.767532979840999,6.458936238474841,7.49883417894387,13.660885286490908,9.033477256608169,10.487879970550868,2.1893849556231437,1.058942671107869,1.433085446357472,3.115663206079089,1.5069568781150444,2.03939082750871,8.929719251774475,5.832693287891166,6.799341080277722,12.707677396755983,8.300371217383582,9.675985383472142,0.5879396984924623,-0.002060301507537776,-0.002060301507537776,0.40703517587939697,-0.00296482412060306,-0.00296482412060306,0.31155778894472363,-0.003442211055276312,-0.003442211055276312,0.37209302325581395,0.09936575052854124,0.1555981778949892,0.35019455252918286,0.37688442211055273,0.09618266772458783,0.16152549055796506,0.35858585858585856,0.37209302325581395,0.09936575052854124,0.1555981778949892,0.35019455252918286,20.0,-10.0,-10.0,29.0,-14.0,-14.0,39.0,-18.0,-18.0,3.7743995995861355e-05,0.0002627562429437604,0.00014057777614534265,-0.004759889061620726,-0.005387547514620117,-0.0047009682990868384,0.03875968992248062,-0.3604024901243308,10,-0.7731778621673584
791,0,test,2.920432617421694,1.397989558049267,1.9051213511577387,4.974805906918334,2.3814029023321996,3.2452756809376653,18.549310479046426,13.96590141041757,15.789088051247887,31.597790953961844,23.79019067843545,26.89589481833261,2.9196118085768257,1.3973677639712336,1.9043545794757213,4.7862488665193865,2.29076682618235,3.1218927532388876,18.534091287816864,13.951594294513873,15.77401801057729,30.383756209535843,22.871466056580118,25.859045918979163,2.920432617421694,1.397989558049267,1.9051213511577387,4.974805906918334,2.3814029023321996,3.2452756809376653,18.549310479046426,13.96590141041757,15.789088051247887,31.597790953961844,23.79019067843545,26.89589481833261,0.6733668341708543,-0.001633165829145744,-0.001633165829145744,0.5125628140703518,-0.0024371859296482556,-0.0024371859296482556,0.3919597989949749,-0.0030402010050251116,-0.0030402010050251116,0.4024390243902439,0.1002077870677287,0.16730388925510875,0.34693877551020413,0.40201005025125625,0.10627070188032894,0.1699566278806386,0.33333333333333337,0.4024390243902439,0.1002077870677287,0.16730388925510875,0.34693877551020413,18.0,-1.0,-1.0,28.0,-1.0,-1.0,39.0,0.0,0.0,0.0002525707893971981,0.00018741545366354658,0.00014975035427820053,-1.699666395538202e-05,-9.033858156382024e-05,-0.00010696492421935488,0.044715447154471545,0.19842841756980406,11,-0.4120900630950928
756,0,test,2.5698906800841006,1.2417059017402643,1.6828128418908654,4.456645862930656,2.1533380827647624,2.918295687836058,13.06439616417649,9.290209982890154,10.63637196904569,22.65597815812885,16.11087047665761,18.445353921003285,2.5777007390571822,1.2363114571602443,1.6813629034786146,3.9964352543522206,1.9167619490856502,2.606764191439713,13.166829352611565,9.34247643195631,10.71621723915467,20.41368891877762,14.484459584428388,16.614290293263057,2.5698906800841006,1.2417059017402643,1.6828128418908654,4.456645862930656,2.1533380827647624,2.918295687836058,13.06439616417649,9.290209982890154,10.63637196904569,22.65597815812885,16.11087047665761,18.445353921003285,0.6180904522613065,-0.0019095477386934512,-0.0019095477386934512,0.457286432160804,-0.0027135678391959628,-0.0027135678391959628,0.33668341708542715,-0.0033165829145728187,-0.0033165829145728187,0.36630036630036633,0.07562394948135354,0.14218343572789371,0.3345588235294118,0.37688442211055273,0.09117013639626703,0.15818659239435906,0.3282828282828283,0.36630036630036633,0.07562394948135354,0.14218343572789371,0.3345588235294118,16.0,0.0,0.0,27.0,0.0,0.0,37.0,0.0,0.0,-0.0002461829544475885,0.0004333383135452648,0.0002452303231960573,-0.00020410455418851114,0.00020435748183800229,5.0812707827141423e-05,0.9523809523809523,-0.5574134515754574,260,-0.33837223052978516
95,0,test,2.5707933329326056,1.2356662841622121,1.679213697148,3.8951414135342506,1.8722216426700182,2.5442631774969695,13.076194102508339,9.27571534060667,10.637214793553117,19.812415306830815,14.054114152434344,16.116992111444116,2.632655027780966,1.260581930048964,1.716699123833167,3.8154420692477773,1.8269303334042957,2.4879697446857496,13.91065408925062,9.967136564786307,11.411491018944975,20.160368245290755,14.44512545621204,16.538392781079672,2.5707933329326056,1.2356662841622121,1.679213697148,3.8951414135342506,1.8722216426700182,2.5442631774969695,13.076194102508339,9.27571534060667,10.637214793553117,19.812415306830815,14.054114152434344,16.116992111444116,0.6180904522613065,-0.0019095477386934512,-0.0019095477386934512,0.44221105527638194,-0.0027889447236180143,-0.0027889447236180143,0.38190954773869346,-0.0030904522613065533,-0.0030904522613065533,0.38955823293172687,0.11500913473533403,0.17727518887298188,0.3629032258064516,0.39698492462311563,0.10876437324466948,0.17828709490692196,0.36868686868686873,0.38955823293172687,0.11500913473533403,0.17727518887298188,0.3629032258064516,23.0,-6.0,-6.0,37.0,-10.0,-10.0,42.0,-6.0,-6.0,9.826821485806208e-05,-2.8823525886000306e-06,0.00010185343483590279,-3.7786429536446065e-05,-0.00010682844012599446,0.00013492207507859177,0.9558232931726908,0.47729287233867307,238,-0.3411118984222412
360,0,test,2.492169671708581,1.1883439267883453,1.6214411641023339,4.190654734592773,1.998234373707791,2.7264997918663445,12.087473539635281,8.404112192144867,9.698823169850298,20.325433213144677,14.131755533288185,16.308849151850183,2.634985802914275,1.2429357622092088,1.7031245551618732,3.9328146312153356,1.8551280032973265,2.541976948002796,13.943114510165714,9.9200254088314,11.403883590234548,20.810618671889124,14.806008072882685,17.020721776469472,2.492169671708581,1.1883439267883453,1.6214411641023339,4.190654734592773,1.998234373707791,2.7264997918663445,12.087473539635281,8.404112192144867,9.698823169850298,20.325433213144677,14.131755533288185,16.308849151850183,0.6582914572864322,-0.0017085427135676845,-0.0017085427135676845,0.48743718592964824,-0.002562814070351749,-0.002562814070351749,0.36180904522613067,-0.0031909547738693256,-0.0031909547738693256,0.3992395437262357,0.10322436346058106,0.18179327318262006,0.3702290076335878,0.39698492462311563,0.08119545093890512,0.16827040041610397,0.3787878787878788,0.3992395437262357,0.10322436346058106,0.18179327318262006,0.3702290076335878,19.0,-2.0,-2.0,31.0,-4.0,-4.0,38.0,-3.0,-3.0,8.106926221875899e-05,-2.3405130305251154e-05,2.8749053627715352e-05,-0.00013480533558407615,-0.00018378111340844328,8.585827751517172e-05,0.06463878326996197,0.29186446404463035,17,-0.5664455890655518
689,0,test,2.73901041243351,1.3434444542707524,1.7754840674192158,6.237875326380832,3.0595864023069392,4.0435217793482785,15.471666949020312,11.434408103251668,12.850744475289721,35.23547376131723,26.04094232546993,29.266534192111433,3.188837507319632,1.5425751351363874,2.0880033459014973,5.1432863021284385,2.488024411510302,3.3677473320991886,24.26020872917637,19.072654329516542,21.25353570036109,39.1293689180264,30.762345692768612,34.279896290904986,2.8586823087653617,1.3888543642946318,1.8783610065941745,5.914515121583507,2.8734917881957895,3.886264151574154,17.438533188249593,13.090046292769227,14.773220713197198,36.079723837757776,27.08285439883288,30.565284234201094,0.6532663316582914,-0.0017336683417086274,-0.0017336683417086274,0.5376884422110553,-0.0023115577889447625,-0.0023115577889447625,0.39698492462311563,-0.0030150753768843908,-0.0030150753768843908,0.40056818181818177,0.12822775628626693,0.1884469696969696,0.33333333333333337,0.37688442211055273,0.08615760506794623,0.16319493963976806,0.33838383838383834,0.3946488294314381,0.11418138368853326,0.18107819539361825,0.3422818791946308,18.0,-4.0,-4.0,30.0,-3.0,-3.0,35.0,-4.0,-4.0,0.0011378256552945485,0.0003626050575576423,0.0005976564475357991,-0.0020400225543513173,-0.0035979797757139664,-0.002653910526635883,0.028409090909090908,-0.22344342181217663,10,-0.44022631645202637
530,0,test,3.029361746854538,1.4531641849656165,1.9665956617575868,4.300611765623853,2.062974155442259,2.7918634841022882,20.684026730375795,15.847496534810375,17.789660741002457,29.363930804729925,22.49778525923973,25.25496480195885,3.029361746854538,1.4531641849656165,1.9665956617575868,4.300611765623853,2.062974155442259,2.7918634841022882,20.684026730375795,15.847496534810375,17.789660741002457,29.363930804729925,22.49778525923973,25.25496480195885,3.029361746854538,1.4531641849656165,1.9665956617575868,4.300611765623853,2.062974155442259,2.7918634841022882,20.684026730375795,15.847496534810375,17.789660741002457,29.363930804729925,22.49778525923973,25.25496480195885,0.6708860759493671,0.13088607594936708,0.13088607594936708,0.5126582278481013,0.0976582278481013,0.0976582278481013,0.37341772151898733,0.06841772151898728,0.06841772151898728,0.37341772151898733,0.08004232719722082,0.14652696521646635,0.33757961783439494,0.37341772151898733,0.08004232719722082,0.14652696521646635,0.33757961783439494,0.37341772151898733,0.08004232719722082,0.14652696521646635,0.33757961783439494,18.0,2.0,2.0,27.0,2.0,2.0,33.0,3.0,3.0,-0.00015717012914295044,-1.4386633531649017e-05,-1.9637908658884306e-05,0.00013403704633230262,-0.00011416878352932258,-3.0905937593139754e-05,0.930379746835443,0.5223963860525568,147,-1.0227537155151367
545,0,test,2.856559211696426,1.372595236461726,1.8651428005668258,4.306589268395119,2.0693440874575257,2.811915795778412,17.401548764204627,12.991154996354034,14.706499696516461,26.23482224857246,19.585649918361163,22.171727968859845,3.0722668550286416,1.436480614103339,1.9780901045751085,4.151711966254921,1.9411900190585665,2.6730947359123087,21.5907904352056,16.457297862510146,18.6040675824345,29.17674383135892,22.23959170609479,25.140631868154728,2.856559211696426,1.372595236461726,1.8651428005668258,4.306589268395119,2.0693440874575257,2.811915795778412,17.401548764204627,12.991154996354034,14.706499696516461,26.23482224857246,19.585649918361163,22.171727968859845,0.7085427135678393,-0.0014572864321606982,-0.0014572864321606982,0.5326633165829145,-0.0023366834170853723,-0.0023366834170853723,0.40703517587939697,-0.00296482412060306,-0.00296482412060306,0.402027027027027,0.10017205232213655,0.16607197084725167,0.33220338983050846,0.40703517587939697,0.09625823352350726,0.1683039571815672,0.31313131313131315,0.402027027027027,0.10017205232213655,0.16607197084725167,0.33220338983050846,16.0,-3.0,-3.0,27.0,-7.0,-7.0,34.0,-8.0,-8.0,0.0011538438903684117,0.0005044355087592023,0.00012013993736070629,-0.00036349275698022154,0.0001152664056931485,-2.979210245257491e-05,0.04391891891891892,0.3100209785538345,13,-0.41933274269104004
299,0,test,2.6986652114171585,1.2906207631931699,1.7591498879140275,4.722664119980028,2.2585863355880473,3.078512303849548,14.859883678270602,10.77193030032602,12.301142722131498,26.004796436973557,18.850878025570534,21.526999763730124,2.742670161791155,1.315131501855415,1.7895647784384463,4.423661551276057,2.1211798417022827,2.886394803932978,15.528393110650756,11.35996647115656,12.934641351164705,25.045795339759284,18.322526566381548,20.862324759943075,2.6986652114171585,1.2906207631931699,1.7591498879140275,4.722664119980028,2.2585863355880473,3.078512303849548,14.859883678270602,10.77193030032602,12.301142722131498,26.004796436973557,18.850878025570534,21.526999763730124,0.6884422110552764,-0.0015577889447235815,-0.0015577889447235815,0.5226130653266332,-0.002386934673366814,-0.002386934673366814,0.3668341708542714,-0.0031658291457286047,-0.0031658291457286047,0.39245283018867927,0.06665245354084504,0.15154944248478963,0.3295454545454546,0.39698492462311563,0.07367665394642386,0.15324535867987688,0.3282828282828283,0.39245283018867927,0.06665245354084504,0.15154944248478963,0.3295454545454546,17.0,0.0,0.0,32.0,0.0,0.0,39.0,0.0,0.0,0.000179334106694437,0.0003268606924272604,0.000269328612617094,-0.0001486651793047855,0.00023534568223659846,7.884916357880911e-05,0.052830188679245285,0.34754172465168015,14,-0.8635361194610596
447,0,test,3.314805283681861,1.623182913891458,2.1861210941178664,4.955797998375852,2.4267388118575264,3.268359259522751,27.517035447059676,22.08875520403066,24.425449565395684,41.139330222831795,33.02378253275871,36.517256280938106,2.955956646585814,1.4345053532684267,1.937987772670161,4.19284630721392,2.0347593663381938,2.748918826482498,19.220100771563462,14.64123511908987,16.452532999321896,27.262554285905622,20.76770938877996,23.336926240172904,3.349437008370042,1.6554734733807688,2.2182324934190483,4.982495848271854,2.462619743984328,3.2997587837427633,28.486691359554513,23.04568772776478,25.38730384831402,42.37572495774527,34.28189368458541,37.76519328679548,0.6331658291457287,-0.0018341708542712887,-0.0018341708542712887,0.46733668341708545,-0.002663316582914521,-0.002663316582914521,0.3919597989949749,-0.0030402010050251116,-0.0030402010050251116,0.41860465116279066,0.1300474372324424,0.1965052036489785,0.4066666666666666,0.39698492462311563,0.12630823289379234,0.18162599307052796,0.33838383838383834,0.41946308724832215,0.1313558845682552,0.19624880153403645,0.4107744107744108,20.0,0.0,0.0,31.0,1.0,1.0,41.0,0.0,0.0,-0.00048296377218760877,0.00039481904201100007,-0.00011066649065240517,0.0004991372202978184,9.589878044646838e-05,-4.7314887297922326e-05,0.03322259136212625,0.4955590185562234,10,-0.5964407920837402
219,0,test,2.4140800857409235,1.160452148983722,1.5774016257046424,4.990451269682917,2.398917887815089,3.260847058179344,11.179481461421707,7.676452762830044,8.870795626452953,23.110524701762518,15.868969576942778,18.337947261406946,2.5030515889661524,1.1860542356678276,1.6195697609448438,4.76771731231648,2.2591509250815762,3.0848947827520834,12.21972670547753,8.487528641812961,9.800418030109338,23.275669915195294,16.16672122250088,18.667462914493974,2.4140800857409235,1.160452148983722,1.5774016257046424,4.990451269682917,2.398917887815089,3.260847058179344,11.179481461421707,7.676452762830044,8.870795626452953,23.110524701762518,15.868969576942778,18.337947261406946,0.6482412060301508,-0.0017587939698492372,-0.0017587939698492372,0.457286432160804,-0.0027135678391959628,-0.0027135678391959628,0.29648241206030146,-0.0035175879396985854,-0.0035175879396985854,0.3877551020408163,0.08225612037075525,0.1598039487165287,0.36475409836065575,0.38190954773869346,0.07113260538280375,0.1448477781226667,0.36363636363636365,0.3877551020408163,0.08225612037075525,0.1598039487165287,0.36475409836065575,19.0,-5.0,-5.0,30.0,-11.0,-11.0,38.0,-9.0,-9.0,0.0001070128124965871,0.00013421867912972391,0.00012008034707212069,-1.0066742095027337e-05,-8.484196204427974e-05,-0.00010243434826673337,0.04081632653061224,0.44750744367500356,10,-0.1754744052886963
937,0,test,3.28494684688485,1.5833221349297004,2.1453144412656187,4.680322498658946,2.2558837497670954,3.0565984517147307,26.707564686897108,21.224716478727217,23.58194549296457,38.05237092557906,30.240525248452048,33.59905508289642,3.28494684688485,1.5833221349297004,2.1453144412656187,4.680322498658946,2.2558837497670954,3.0565984517147307,26.707564686897108,21.224716478727217,23.58194549296457,38.05237092557906,30.240525248452048,33.59905508289642,3.28494684688485,1.5833221349297004,2.1453144412656187,4.680322498658946,2.2558837497670954,3.0565984517147307,26.707564686897108,21.224716478727217,23.58194549296457,38.05237092557906,30.240525248452048,33.59905508289642,0.75625,0.13624999999999998,0.13624999999999998,0.54375,0.09375,0.09375,0.39375000000000004,0.06375000000000008,0.06375000000000008,0.36250000000000004,0.05408878504672898,0.11976141078838176,0.30817610062893086,0.36250000000000004,0.05408878504672898,0.11976141078838176,0.30817610062893086,0.36250000000000004,0.05408878504672898,0.11976141078838176,0.30817610062893086,20.0,2.0,2.0,30.0,2.0,2.0,34.0,5.0,5.0,0.0004908377954205038,0.00041266451350967226,8.493208087425721e-05,0.00011436961509936339,0.00012489399908677257,-4.4051035033909614e-05,0.06875,0.3948128894758567,11,-0.2012479305267334
197,0,test,2.607418699980869,1.2333519067779588,1.68822988546967,3.9372022369711117,1.8623613792347178,2.5492271270592015,13.563992888633718,9.612605348541003,11.056737173288102,20.481629261836915,14.515034076296914,16.695673131665036,2.607418699980869,1.2333519067779588,1.68822988546967,3.9372022369711117,1.8623613792347178,2.5492271270592015,13.563992888633718,9.612605348541003,11.056737173288102,20.481629261836915,14.515034076296914,16.695673131665036,2.607418699980869,1.2333519067779588,1.68822988546967,3.9372022369711117,1.8623613792347178,2.5492271270592015,13.563992888633718,9.612605348541003,11.056737173288102,20.481629261836915,14.515034076296914,16.695673131665036,0.6533333333333333,0.14833333333333332,0.14833333333333332,0.5066666666666666,0.11166666666666658,0.11166666666666658,0.33999999999999997,0.06999999999999995,0.06999999999999995,0.41333333333333333,0.09333333333333338,0.1844444444444444,0.31543624161073824,0.41333333333333333,0.09333333333333338,0.1844444444444444,0.31543624161073824,0.41333333333333333,0.09333333333333338,0.1844444444444444,0.31543624161073824,16.0,2.0,2.0,23.0,3.0,3.0,31.0,3.0,3.0,0.0007926807872495442,0.00020609549379295992,0.00015712890408660715,0.0002127067712631714,-4.449796813865703e-05,2.1674452173492398e-05,0.9266666666666666,-0.5330451776822286,139,-0.6774740219116211
216,0,test,3.0967904633162395,1.4922859117900646,2.0151310775938427,4.469231691376846,2.1536398954242983,2.9082005324365685,22.126820352223568,17.15142641157228,19.17725038553321,31.933024826504468,24.75262675306454,27.67625907912179,3.0967904633162395,1.4922859117900646,2.0151310775938427,4.469231691376846,2.1536398954242983,2.9082005324365685,22.126820352223568,17.15142641157228,19.17725038553321,31.933024826504468,24.75262675306454,27.67625907912179,3.0967904633162395,1.4922859117900646,2.0151310775938427,4.469231691376846,2.1536398954242983,2.9082005324365685,22.126820352223568,17.15142641157228,19.17725038553321,31.933024826504468,24.75262675306454,27.67625907912179,0.7619047619047619,0.25690476190476186,0.25690476190476186,0.5952380952380952,0.21023809523809522,0.21023809523809522,0.38888888888888884,0.13888888888888884,0.13888888888888884,0.38095238095238093,0.0331262939958592,0.11253132832080204,0.392,0.38095238095238093,0.0331262939958592,0.11253132832080204,0.392,0.38095238095238093,0.0331262939958592,0.11253132832080204,0.392,15.0,3.0,3.0,23.0,3.0,3.0,28.0,5.0,5.0,0.0002013559839867819,8.985033379650314e-05,8.447020304844334e-05,8.596340582212036e-05,-3.7043843144068944e-05,5.106544776545263e-05,0.0873015873015873,-0.24995006495402855,11,-0.17384576797485352
720,0,test,2.749284272370464,1.314684755072445,1.7880034391081638,4.915387032419921,2.3504969863416445,3.196733421435809,15.631440025988832,11.433476565643382,13.016396261648362,27.947120046464885,20.44167022342302,23.271738770825863,2.868262378628782,1.353607227691993,1.8530489048974306,4.861461658692852,2.2942495384610053,3.1407608557583573,17.606398350645176,13.058545816933794,14.846445838790306,29.841353136686738,22.133128503277614,25.1634675233734,2.749284272370464,1.314684755072445,1.7880034391081638,4.915387032419921,2.3504969863416445,3.196733421435809,15.631440025988832,11.433476565643382,13.016396261648362,27.947120046464885,20.44167022342302,23.271738770825863,0.7035175879396984,-0.001482412060301641,-0.001482412060301641,0.5477386934673367,-0.002261306532663321,-0.002261306532663321,0.39698492462311563,-0.0030150753768843908,-0.0030150753768843908,0.39148936170212767,0.07938745087410215,0.14679346354088296,0.3803418803418803,0.4120603015075377,0.10128335915164799,0.16665128648249594,0.4040404040404041,0.39148936170212767,0.07938745087410215,0.14679346354088296,0.3803418803418803,23.0,-5.0,-5.0,34.0,-4.0,-4.0,43.0,-3.0,-3.0,0.0003475368955584001,0.00010512520597280734,1.7147472878129444e-07,5.923247650940766e-05,-2.987576684176929e-05,-5.7128588733412755e-05,0.0425531914893617,0.2722130432936989,10,-0.18717336654663086
423,0,test,2.323101549729088,1.1078878795507925,1.5082584907975645,3.7330764787554127,1.7803053787001173,2.423675493882792,10.20728365961244,6.836269387016426,7.948462516885776,16.40245582296103,10.985450228847206,12.772673871065006,2.438985439392913,1.1433641286428238,1.5701181131239395,3.5347615063665407,1.657049461801194,2.275533497281072,11.461406550408288,7.808141468382184,9.077197757540654,16.610734131026504,11.316147055626352,13.155359068899498,2.323101549729088,1.1078878795507925,1.5082584907975645,3.7330764787554127,1.7803053787001173,2.423675493882792,10.20728365961244,6.836269387016426,7.948462516885776,16.40245582296103,10.985450228847206,12.772673871065006,0.6080402010050252,-0.001959798994974782,-0.001959798994974782,0.4522613065326633,-0.0027386934673366836,-0.0027386934673366836,0.321608040201005,-0.0033919597989949812,-0.0033919597989949812,0.39350180505415167,0.11242072397307057,0.18461825163278311,0.3659420289855072,0.3919597989949749,0.0962204506240476,0.17493141836058423,0.3737373737373737,0.39350180505415167,0.11242072397307057,0.18461825163278311,0.3659420289855072,21.0,-6.0,-6.0,32.0,-11.0,-11.0,41.0,-10.0,-10.0,0.00011357277091797533,0.00022081334901912013,0.00016122831051655875,-0.005906458869714193,-0.005055629786792082,-0.004777260637781389,0.05054151624548736,0.43462649898387423,14,-0.44106554985046387
182,0,test,2.836627511483523,1.3801882796801113,1.8642319985726195,4.710202472772022,2.2917941187280855,3.0955457260249046,17.058140039703147,12.767485769692343,14.413868775392407,28.324936238766334,21.200331308933578,23.934140127040475,2.920412926734589,1.4048937471974008,1.907466716855242,4.358825263782968,2.096856339100598,2.8469652490376745,18.54894523397374,13.997161527524561,15.795243174292581,27.68499288652797,20.891285861976957,23.574989812376987,2.836627511483523,1.3801882796801113,1.8642319985726195,4.710202472772022,2.2917941187280855,3.0955457260249046,17.058140039703147,12.767485769692343,14.413868775392407,28.324936238766334,21.200331308933578,23.934140127040475,0.6532663316582914,-0.0017336683417086274,-0.0017336683417086274,0.4974874371859297,-0.002512562814070307,-0.002512562814070307,0.39698492462311563,-0.0030150753768843908,-0.0030150753768843908,0.40671641791044777,0.11993801940020565,0.18215066108662648,0.36704119850187267,0.40703517587939697,0.11881462450095082,0.1816595498359913,0.36868686868686873,0.40671641791044777,0.11993801940020565,0.18215066108662648,0.36704119850187267,24.0,0.0,0.0,35.0,-4.0,-4.0,44.0,-1.0,-1.0,0.00038283188607615525,0.0004244515589356399,0.0002046855315221992,-0.00016945494488584956,0.00022372510708557058,6.833549267337702e-05,0.9552238805970149,-0.49212670063930086,256,-0.24268245697021484
893,0,test,2.1424195535540536,1.024400846381437,1.3948480602738467,3.888761542585509,1.8594166623394148,2.5318250505810997,8.520027372357275,5.461239531109959,6.408162266903961,15.464923633858582,9.91283814050211,11.631622265976937,2.122211192964445,0.9729594532716246,1.3545990785576723,3.823803951287288,1.753080095984909,2.440719060464274,8.34957962233127,5.193748979132895,6.194964490675705,15.044287607804089,9.35810626870792,11.162098181397665,2.1424195535540536,1.024400846381437,1.3948480602738467,3.888761542585509,1.8594166623394148,2.5318250505810997,8.520027372357275,5.461239531109959,6.408162266903961,15.464923633858582,9.91283814050211,11.631622265976937,0.5175879396984925,-0.002412060301507535,-0.002412060301507535,0.37688442211055273,-0.003115577889447274,-0.003115577889447274,0.26633165829145733,-0.0036683417085426884,-0.0036683417085426884,0.35813953488372097,0.09827874602061193,0.1633945580676468,0.2990654205607477,0.36180904522613067,0.09614488482512817,0.1614751554097701,0.297979797979798,0.35813953488372097,0.09827874602061193,0.1633945580676468,0.2990654205607477,17.0,0.0,0.0,26.0,1.0,1.0,33.0,1.0,1.0,0.0004959313964282005,0.0002895442765945468,0.00018440696840264567,-0.04462202272115512,-0.04367569692709505,-0.04386949268570284,0.07906976744186046,0.5800627672311781,17,-0.5097477436065674
273,0,test,3.1660144520519093,1.5481073348254202,2.086331219627337,4.896506823359785,2.3942778035498735,3.2266861719702296,23.712787321141995,18.670261471303277,20.7690404013568,36.673813931455626,28.87512488418954,32.12106248408598,3.3185647825052933,1.5943439099341337,2.1659020156759086,5.028128458341353,2.4156725908092933,3.281669720721073,27.620680413937748,22.01253055025498,24.454066766672394,41.84951577869356,33.352319015537844,37.051616313139995,3.1660144520519093,1.5481073348254202,2.086331219627337,4.896506823359785,2.3942778035498735,3.2266861719702296,23.712787321141995,18.670261471303277,20.7690404013568,36.673813931455626,28.87512488418954,32.12106248408598,0.7035175879396984,-0.001482412060301641,-0.001482412060301641,0.5829145728643217,-0.002085427135678275,-0.002085427135678275,0.42211055276381915,-0.0028894472361808976,-0.0028894472361808976,0.3709677419354839,0.06110858700590638,0.13638329153333906,0.368421052631579,0.3869346733668342,0.07615773101094447,0.15154235283261053,0.38888888888888884,0.3709677419354839,0.06110858700590638,0.13638329153333906,0.368421052631579,24.0,-9.0,-9.0,32.0,-8.0,-8.0,41.0,-9.0,-9.0,0.00034872925358466915,0.0006079443868768394,0.00023530534445859828,-3.085650767697956e-05,-0.00010133182060556578,-0.00011602607612637428,0.04435483870967742,-0.3811339665815543,11,-0.412886381149292
475,0,test,2.4491796227375744,1.1611355389152593,1.5876770292900533,4.378327955715801,2.0757286003896076,2.838244552360986,11.578843801587581,7.953155727548634,9.21212956901447,20.69916597407095,14.217627704727352,16.468259024060117,2.3463168562329657,1.0873221680312508,1.503766422773685,4.152773196872506,1.9244640142146028,2.6615334916348408,10.447020897965634,6.925141777525456,8.124738641285532,18.49030247427546,12.256888101814965,14.380068391655808,2.4491796227375744,1.1611355389152593,1.5876770292900533,4.378327955715801,2.0757286003896076,2.838244552360986,11.578843801587581,7.953155727548634,9.21212956901447,20.69916597407095,14.217627704727352,16.468259024060117,0.5829145728643217,-0.002085427135678275,-0.002085427135678275,0.4120603015075377,-0.0029396984924623393,-0.0029396984924623393,0.29145728643216084,-0.0035427135678391952,-0.0035427135678391952,0.36923076923076925,0.07748412815591321,0.14033051347629355,0.3783783783783784,0.37688442211055273,0.08866387073210658,0.14816989790354107,0.36868686868686873,0.36923076923076925,0.07748412815591321,0.14033051347629355,0.3783783783783784,21.0,0.0,0.0,31.0,0.0,0.0,38.0,0.0,0.0,-0.00013581348613538928,-0.00047180361379236223,-0.0001523822187985119,-0.004789544611566221,-0.00541178442327972,-0.005487895366266926,0.04230769230769231,0.39740599995658615,11,-0.3573291301727295
372,0,test,2.3955152775771698,1.1458303080348757,1.5600270470993314,4.694242059090616,2.2453644420077365,3.057022698356266,10.973851181940864,7.48460761563852,8.667911578446908,21.504314437338664,14.666806842766395,16.9856045072596,2.3955152775771698,1.1458303080348757,1.5600270470993314,4.694242059090616,2.2453644420077365,3.057022698356266,10.973851181940864,7.48460761563852,8.667911578446908,21.504314437338664,14.666806842766395,16.9856045072596,2.3955152775771698,1.1458303080348757,1.5600270470993314,4.694242059090616,2.2453644420077365,3.057022698356266,10.973851181940864,7.48460761563852,8.667911578446908,21.504314437338664,14.666806842766395,16.9856045072596,0.5233160621761659,0.003316062176165868,0.003316062176165868,0.39896373056994816,0.003963730569948143,0.003963730569948143,0.2849740932642487,-2.5906735751313192e-05,-2.5906735751313192e-05,0.3575129533678757,0.10686695853583439,0.16990538021813384,0.30208333333333337,0.3575129533678757,0.10686695853583439,0.16990538021813384,0.30208333333333337,0.3575129533678757,0.10686695853583439,0.16990538021813384,0.30208333333333337,16.0,0.0,0.0,23.0,0.0,0.0,29.0,1.0,1.0,-0.0005521711390075428,-0.00028657326567217977,-0.00015455851860878353,-0.036868245937356825,-0.036691918450222794,-0.03660105961498328,0.9430051813471503,-0.4844810653092623,182,-0.4148268699645996
772,0,test,1.5210451248754129,0.7049220635019235,0.973966627342582,4.217443300790918,1.9545566306189701,2.7005438303589777,4.577006239388539,2.3152919488601085,2.8488095348767235,12.690790027395494,6.4196731309303,7.898971892158187,1.851615937099995,0.8403465666845336,1.171338802405733,4.208218038863625,1.9098785606466673,2.662133641831211,6.37010489894014,3.6210164862906797,4.395680060900361,14.477511133954863,8.229582923387909,9.99018195659173,1.5210451248754129,0.7049220635019235,0.973966627342582,4.217443300790918,1.9545566306189701,2.7005438303589777,4.577006239388539,2.3152919488601085,2.8488095348767235,12.690790027395494,6.4196731309303,7.898971892158187,0.40201005025125625,-0.002989949748743781,-0.002989949748743781,0.31658291457286436,-0.003417085427135591,-0.003417085427135591,0.2361809045226131,-0.0038190954773869024,-0.0038190954773869024,0.2880658436213992,0.1049382716049383,0.14814814814814814,0.1776859504132231,0.3316582914572864,0.12562814070351758,0.17252931323283083,0.21717171717171713,0.2880658436213992,0.1049382716049383,0.14814814814814814,0.1776859504132231,16.0,-5.0,-5.0,23.0,-8.0,-8.0,28.0,-9.0,-9.0,0.0006789249441969028,0.0005123681984227039,0.0007649656308503395,-0.034667385762412906,-0.03958680834524264,-0.042561909247173624,0.04938271604938271,-0.5349280429812924,12,-0.6020880937576294
399,0,test,3.2630723759236457,1.5835616181703507,2.138895109377268,4.894608563885469,2.375342427255526,3.208342664065902,26.12969418648965,20.76676262998621,23.052010492818965,39.19454127973448,31.150143944979316,34.57801573922845,3.483893595800861,1.6722108581543131,2.2712660855123836,5.012796540720664,2.406058788711242,3.268008756132926,32.5863534792071,26.465615111000652,29.22404592517501,46.88683953842748,38.08002174244698,42.04898694269786,3.2630723759236457,1.5835616181703507,2.138895109377268,4.894608563885469,2.375342427255526,3.208342664065902,26.12969418648965,20.76676262998621,23.052010492818965,39.19454127973448,31.150143944979316,34.57801573922845,0.7638190954773869,-0.001180904522613102,-0.001180904522613102,0.5879396984924623,-0.002060301507537776,-0.002060301507537776,0.4773869346733668,-0.0026130653266331905,-0.0026130653266331905,0.40384615384615385,0.07371179684039575,0.15320676765689556,0.4092664092664092,0.4170854271356784,0.08375209380234505,0.16332916670162168,0.43939393939393945,0.40384615384615385,0.07371179684039575,0.15320676765689556,0.4092664092664092,25.0,-13.0,-13.0,34.0,-12.0,-12.0,46.0,-15.0,-15.0,0.0005572513933485151,0.00021835814110814276,-1.404438278302772e-05,-0.00011401557000390028,-0.0001672912548489336,9.637194842149199e-05,0.04230769230769231,-0.23755405612813696,11,-0.4726569652557373
531,0,test,2.3735326042277887,1.1284858663308068,1.5422895602186937,4.21961351862718,2.0061970956992123,2.7418481070554557,10.73524876393205,7.262151643133096,8.439077555042111,19.084886691434757,12.910491810014395,15.002804542297088,2.2937179718913345,1.0621647077853085,1.4620323326158773,3.8876575794768384,1.8002791657378112,2.478020902738775,9.911720758752729,6.485173020208762,7.614533050422652,16.79952670975039,10.991818678319937,12.905988221055342,2.3735326042277887,1.1284858663308068,1.5422895602186937,4.21961351862718,2.0061970956992123,2.7418481070554557,10.73524876393205,7.262151643133096,8.439077555042111,19.084886691434757,12.910491810014395,15.002804542297088,0.5678391959798995,-0.0021608040201005485,-0.0021608040201005485,0.40201005025125625,-0.002989949748743781,-0.002989949748743781,0.27638190954773867,-0.0036180904522613577,-0.0036180904522613577,0.3653136531365314,0.09275380046618154,0.15304371448622467,0.3037037037037037,0.35678391959798994,0.09111975919698745,0.14309443712720527,0.2676767676767676,0.3653136531365314,0.09275380046618154,0.15304371448622467,0.3037037037037037,22.0,-8.0,-8.0,28.0,-2.0,-2.0,37.0,-9.0,-9.0,-0.00011878853421743269,0.00041062268131722185,0.0002985748367943383,-0.00019024471046957814,0.00021210453193631906,5.782182176528039e-05,0.955719557195572,-0.3545283183584891,259,-0.320833683013916
711,0,test,2.5711178234088834,1.1986949805429454,1.655388318710522,4.557084693904021,2.124583517238186,2.9340330890248563,13.080437891457874,9.135540899711867,10.581840565751076,23.183948538652924,16.19195869811,18.755400175158805,2.6674246452141106,1.23443441035679,1.7111345560368996,4.3372758458766025,2.007210423344374,2.782332611442113,14.402828994155815,10.211615809686757,11.800803730989067,23.419234136838725,16.60425334908416,19.18829874957572,2.5711178234088834,1.1986949805429454,1.655388318710522,4.557084693904021,2.124583517238186,2.9340330890248563,13.080437891457874,9.135540899711867,10.581840565751076,23.183948538652924,16.19195869811,18.755400175158805,0.6582914572864322,-0.0017085427135676845,-0.0017085427135676845,0.4773869346733668,-0.0026130653266331905,-0.0026130653266331905,0.35678391959798994,-0.0032160804020100464,-0.0032160804020100464,0.3671875,0.06699256822612087,0.1373173701298701,0.33333333333333337,0.38190954773869346,0.0836639337036057,0.1515255744498788,0.35858585858585856,0.3671875,0.06699256822612087,0.1373173701298701,0.33333333333333337,21.0,-8.0,-8.0,33.0,-11.0,-11.0,42.0,-14.0,-14.0,0.0002054098610413314,6.426096430911135e-05,0.00017889454836162488,-0.004753927071011965,-0.005383176110388632,-0.005468247836663664,0.04296875,0.3079780845950331,11,-0.33638620376586914
953,0,test,2.57584208860294,1.2257185922046565,1.6715164316644495,3.9640204597063207,1.8862854981832142,2.5723336702860093,13.142379548113173,9.284477609839806,10.672113993281467,20.22509906506039,14.288088297777428,16.423552672295433,2.49718165833441,1.1563490690701228,1.600563559463294,3.7271368034841936,1.7258941329404816,2.3889008350198413,12.148207868039652,8.32598334399366,9.696908841709346,18.13165353438754,12.426840811930834,14.472998271207977,2.57584208860294,1.2257185922046565,1.6715164316644495,3.9640204597063207,1.8862854981832142,2.5723336702860093,13.142379548113173,9.284477609839806,10.672113993281467,20.22509906506039,14.288088297777428,16.423552672295433,0.6381909547738693,-0.0018090452261306789,-0.0018090452261306789,0.42211055276381915,-0.0028894472361808976,-0.0028894472361808976,0.31155778894472363,-0.003442211055276312,-0.003442211055276312,0.38671875,0.10406767787524362,0.15554991883116887,0.388235294117647,0.371859296482412,0.09115754209644711,0.14147532319359735,0.36868686868686873,0.38671875,0.10406767787524362,0.15554991883116887,0.388235294117647,15.0,-4.0,-4.0,24.0,-7.0,-7.0,31.0,-9.0,-9.0,-0.00016976752374160678,-0.0002907025838468557,-0.00010938618269808812,-8.629588256159337e-05,-0.00014530477676810705,0.00011039017629776993,0.0625,-0.245488796381354,16,-0.5593855381011963
123,0,test,3.3701306126567228,1.6221799582953902,2.204264525404895,4.5753428847326365,2.202297294374536,2.9925445543576386,29.082325329515456,23.339503747516048,25.873624634633153,39.48262710298456,31.686081246627747,35.126444040396,3.3204676027567097,1.5878117703920973,2.1648103085178008,4.517642996947904,2.160288122982445,2.945320147643266,27.673287639161032,22.017633188879984,24.49717726853094,37.65073148185174,29.955963522285693,33.32949288235502,3.3701306126567228,1.6221799582953902,2.204264525404895,4.5753428847326365,2.202297294374536,2.9925445543576386,29.082325329515456,23.339503747516048,25.873624634633153,39.48262710298456,31.686081246627747,35.126444040396,0.728643216080402,-0.001356783919598037,-0.001356783919598037,0.5678391959798995,-0.0021608040201005485,-0.0021608040201005485,0.4371859296482412,-0.002814070351758735,-0.002814070351758735,0.4117647058823529,0.10369624622465123,0.16420770262502393,0.3793103448275862,0.40703517587939697,0.10127076485182807,0.16162616085435522,0.36363636363636365,0.4117647058823529,0.10369624622465123,0.16420770262502393,0.3793103448275862,14.0,0.0,0.0,25.0,0.0,0.0,33.0,0.0,0.0,0.0005917835920323018,0.00034724663712344705,0.0002366699169739268,0.0002740600541839555,0.00014051943828885527,8.331926582094695e-05,0.049019607843137254,0.5262104136925063,10,-0.30684375762939453
564,0,test,2.964439072183296,1.409691664538616,1.918893200629623,4.166238696041389,1.9811882852975145,2.6968228765605513,19.383827263530932,14.64993663398614,16.538876185800344,27.24213561361104,20.589100134250792,23.24382599085454,3.025345881248568,1.4045440970188925,1.9351352702568747,4.088305244930497,1.8980325635390436,2.6150476625092898,20.601129023270506,15.543985593935872,17.6262284699259,27.839363544960143,21.00538593775118,23.819227662062023,2.964439072183296,1.409691664538616,1.918893200629623,4.166238696041389,1.9811882852975145,2.6968228765605513,19.383827263530932,14.64993663398614,16.538876185800344,27.24213561361104,20.589100134250792,23.24382599085454,0.7135678391959799,-0.0014321608040201994,-0.0014321608040201994,0.6180904522613065,-0.0019095477386934512,-0.0019095477386934512,0.42211055276381915,-0.0028894472361808976,-0.0028894472361808976,0.41698841698841704,0.09906934184390837,0.1769370691065172,0.3565891472868217,0.4170854271356784,0.08876462513066585,0.17334586119243967,0.3484848484848485,0.41698841698841704,0.09906934184390837,0.1769370691065172,0.3565891472868217,22.0,-8.0,-8.0,35.0,-13.0,-13.0,44.0,-14.0,-14.0,0.0004004649526044005,0.00024384497228663532,0.00022624650390539976,-0.00010708564814265742,-0.00016179463533028127,9.987650539144965e-05,0.03861003861003861,0.7866311414185316,10,-0.7869877815246582
507,0,test,2.4945002440597825,1.1963442938585198,1.6279280375091356,4.452392877478798,2.1353354547358463,2.905662252995957,12.115677123743497,8.453140586981046,9.736934100791547,21.62507486621659,15.087873024437101,17.379295168273284,2.5655091720464682,1.2292408850919574,1.6737663163245702,4.275848620077447,2.0487348084865955,2.789610527207617,13.007279627034688,9.202461137791747,10.567902195539716,21.678799378391147,15.337435229652913,17.613170325899528,2.490255906591441,1.198727304645511,1.628168907799918,4.446885547484715,2.1405844725812693,2.907444478214139,12.064363075474352,8.426019188731905,9.69626531822577,21.543505491918484,15.046462837021256,17.31475949683173,0.5678391959798995,-0.0021608040201005485,-0.0021608040201005485,0.40703517587939697,-0.00296482412060306,-0.00296482412060306,0.31155778894472363,-0.003442211055276312,-0.003442211055276312,0.3529411764705882,0.09845504270223582,0.1583759590792838,0.30491803278688523,0.3517587939698492,0.08860089923300707,0.14975545507168564,0.28787878787878785,0.34782608695652173,0.09240037744066198,0.15316535280746724,0.2986577181208053,23.0,0.0,0.0,32.0,1.0,1.0,39.0,0.0,0.0,0.0006940571363447516,0.00024087827999973022,0.00013396431008821103,-0.020949834886222263,-0.019699678661095454,-0.022330944792997798,0.0392156862745098,-0.26912354307357644,12,-0.6680922508239746
110,0,test,2.791903662362269,1.335839599215756,1.8103710963980506,4.284604630357937,2.0500508700835853,2.7782922766504736,16.312042885774332,12.022998032842924,13.643500058214228,25.033333141534865,18.451135594956963,20.93804464379411,2.791903662362269,1.335839599215756,1.8103710963980506,4.284604630357937,2.0500508700835853,2.7782922766504736,16.312042885774332,12.022998032842924,13.643500058214228,25.033333141534865,18.451135594956963,20.93804464379411,2.791903662362269,1.335839599215756,1.8103710963980506,4.284604630357937,2.0500508700835853,2.7782922766504736,16.312042885774332,12.022998032842924,13.643500058214228,25.033333141534865,18.451135594956963,20.93804464379411,0.6753246753246753,0.1453246753246753,0.1453246753246753,0.5,0.10999999999999999,0.10999999999999999,0.39610389610389607,0.08610389610389602,0.08610389610389602,0.4025974025974026,0.11780775858445769,0.16768360949395433,0.3921568627450981,0.4025974025974026,0.11780775858445769,0.16768360949395433,0.3921568627450981,0.4025974025974026,0.11780775858445769,0.16768360949395433,0.3921568627450981,17.0,-3.0,-3.0,26.0,-2.0,-2.0,33.0,-1.0,-1.0,0.00021403751556842387,8.364332264091903e-05,3.501639471903027e-05,0.00017337190879729292,-7.93333758339898e-05,-4.615742708047321e-06,0.922077922077922,0.17957775891381686,142,-0.46823692321777344
605,0,test,2.463689847295819,1.1599356502736313,1.5924534835079713,4.469837294379557,2.10445467978216,2.889165605793034,11.748080285629896,8.06498246547412,9.358216516898938,21.314374232499954,14.632182473074476,16.97847853780236,2.543682804798015,1.1831420134330752,1.6326847007992717,4.204434388095892,1.955606633773678,2.698652398015325,12.726453817091345,8.828152917768477,10.23965043358453,21.03546085469644,14.591988293832195,16.925042038982696,2.463689847295819,1.1599356502736313,1.5924534835079713,4.469837294379557,2.10445467978216,2.889165605793034,11.748080285629896,8.06498246547412,9.358216516898938,21.314374232499954,14.632182473074476,16.97847853780236,0.6633165829145728,-0.0016834170854271857,-0.0016834170854271857,0.49246231155778897,-0.002537688442211028,-0.002537688442211028,0.3467336683417085,-0.003266331658291488,-0.003266331658291488,0.40711462450592883,0.09153277046253638,0.17189780453221004,0.38095238095238093,0.39698492462311563,0.08119545093890512,0.15825370592528587,0.38888888888888884,0.40711462450592883,0.09153277046253638,0.17189780453221004,0.38095238095238093,14.0,0.0,0.0,19.0,0.0,0.0,31.0,0.0,0.0,0.0001866739504007367,0.0002704826368883264,9.196959305267788e-05,-0.005740140745063016,-0.005373308086639383,-0.004693151270531715,0.039525691699604744,0.5866582283956578,10,-0.5546872615814209
292,0,test,2.4294778506771637,1.1610570598463064,1.5804911202922591,4.358769085038441,2.083072960312491,2.835587009936112,11.352952595588059,7.79771892637744,9.015675236057122,20.368532597966812,13.99002513261835,16.175182041161307,2.502315383760869,1.1851003250276144,1.62021173758046,4.351852841323251,2.061044043526286,2.817759543618192,12.210733789791666,8.477723117872996,9.794757065163008,21.236058764855073,14.743866291953037,17.03436011332697,2.4294778506771637,1.1610570598463064,1.5804911202922591,4.358769085038441,2.083072960312491,2.835587009936112,11.352952595588059,7.79771892637744,9.015675236057122,20.368532597966812,13.99002513261835,16.175182041161307,0.5979899497487438,-0.0020100502512562235,-0.0020100502512562235,0.4723618090452262,-0.0026381909547738003,-0.0026381909547738003,0.3417085427135679,-0.003291457286432098,-0.003291457286432098,0.40740740740740744,0.10761274621644235,0.18989714748948683,0.3801652892561983,0.39698492462311563,0.10124557625218833,0.18162599307052796,0.36868686868686873,0.40740740740740744,0.10761274621644235,0.18989714748948683,0.3801652892561983,20.0,0.0,0.0,33.0,0.0,0.0,41.0,0.0,0.0,0.0001950452207421853,0.0001927609520875093,-1.6644432643991998e-05,-0.012606553932280384,-0.012659022144544174,-0.010149454649835299,0.04526748971193416,0.42865991336796144,11,-0.500694990158081
240,0,test,2.8878812052958813,1.3779615218887642,1.8808949108566122,4.757492159013446,2.2700522181404494,3.098584101700199,17.955225832548447,13.428858595228466,15.217886794741476,29.5794182790538,22.12268612508736,25.0699291127244,3.070643635802486,1.476116520067597,2.007315083673002,4.617509226770655,2.219724090327213,3.018518922816544,21.555772277825373,16.62977318402928,18.659777845073005,32.41469515462462,25.007177720344778,28.059816308380455,2.8878812052958813,1.3779615218887642,1.8808949108566122,4.757492159013446,2.2700522181404494,3.098584101700199,17.955225832548447,13.428858595228466,15.217886794741476,29.5794182790538,22.12268612508736,25.0699291127244,0.6633165829145728,-0.0016834170854271857,-0.0016834170854271857,0.5025125628140703,-0.0024874371859296973,-0.0024874371859296973,0.3919597989949749,-0.0030402010050251116,-0.0030402010050251116,0.3838028169014085,0.1131525532810218,0.17420094336510872,0.36749116607773846,0.3869346733668342,0.09620785632422768,0.16489794548703451,0.38888888888888884,0.3838028169014085,0.1131525532810218,0.17420094336510872,0.36749116607773846,21.0,0.0,0.0,31.0,0.0,0.0,38.0,0.0,0.0,-0.00010246395700930943,-8.567881472078343e-05,0.000116798863624895,-0.0002803336946550772,0.00016174870629104277,1.2262581172706177e-05,0.03873239436619718,0.30751707478763524,11,-0.17289137840270996
46,0,test,3.115669327534954,1.5250465840250587,2.0541466533064066,4.426788094325682,2.1668082687052874,2.9185613083177007,22.548517647494595,17.64171399029113,19.65774830772959,32.0372603679335,25.06560268303808,27.93001343270177,3.2213547028810017,1.550198335457115,2.1064094947061665,4.353182030920273,2.094862615482588,2.8464993171704958,25.062048824279817,19.743734656261168,22.012647731926098,33.86763354632408,26.680722508461038,29.746821259359592,3.1616349434756508,1.5322745988097934,2.0742388589414205,4.391159643716182,2.128159165013602,2.8808873040853067,23.60916404084974,18.508552999076116,20.64262465194213,32.790505612291305,25.70632360982794,28.670312016586283,0.6482412060301508,-0.0017587939698492372,-0.0017587939698492372,0.5175879396984925,-0.002412060301507535,-0.002412060301507535,0.44723618090452266,-0.0027638190954772934,-0.0027638190954772934,0.4153354632587859,0.1266592272141288,0.19323131873168709,0.3878205128205128,0.4321608040201005,0.14394025264165433,0.2168018724675128,0.398989898989899,0.4180602006688964,0.12924550951697655,0.19892783136967507,0.3959731543624161,24.0,0.0,0.0,36.0,0.0,0.0,42.0,0.0,0.0,0.0005340286678677341,0.00036456112478242187,3.259029995171983e-05,0.00045175010162257223,4.941647984857411e-05,-8.936957092231523e-05,0.03514376996805112,0.447149453285997,11,-1.068162441253662
62,0,test,2.894023012334051,1.3846217168512387,1.8861570714758182,4.489646511026338,2.1480347715475974,2.9260923216949175,18.06584271097792,13.54182127970344,15.326094723332135,28.026469502976553,21.008122742026416,23.776157759980123,2.8592157835736356,1.3753263721089208,1.8624177095369465,4.432892687711063,2.132288949006079,2.8874693171115453,17.447838688303012,13.03777376377882,14.738246677505474,27.05091269504343,20.213602734540807,22.849994848845697,2.894023012334051,1.3846217168512387,1.8861570714758182,4.489646511026338,2.1480347715475974,2.9260923216949175,18.06584271097792,13.54182127970344,15.326094723332135,28.026469502976553,21.008122742026416,23.776157759980123,0.6683417085427136,-0.0016582914572863539,-0.0016582914572863539,0.5175879396984925,-0.002412060301507535,-0.002412060301507535,0.371859296482412,-0.003140703517587995,-0.003140703517587995,0.39160839160839156,0.09841467433090467,0.17067815905025208,0.36140350877192984,0.3869346733668342,0.07615773101094447,0.15488125099621652,0.33838383838383834,0.39160839160839156,0.09841467433090467,0.17067815905025208,0.36140350877192984,23.0,1.0,1.0,33.0,1.0,1.0,42.0,0.0,0.0,-6.399205061360293e-05,0.00012567451027680154,6.448790282110227e-05,-0.009637353768388479,-0.008582405734321341,-0.008366925528001445,0.9545454545454546,0.2110804525433893,273,-0.4354994297027588
854,0,test,2.41481817724311,1.1406870547937749,1.5643551626975363,3.8792885557002217,1.83245855899129,2.5130608742689455,11.187735987610308,7.61214268034857,8.847005594332025,17.972556522032043,12.228538886495445,14.212286406378542,2.3956608009872644,1.1377988173148128,1.5568976214133055,3.7432200015426007,1.777810652054395,2.43265253345829,10.975448250389338,7.457556119913321,8.66194443262757,17.14913789123334,11.652431437364566,13.534288175980578,2.41481817724311,1.1406870547937749,1.5643551626975363,3.8792885557002217,1.83245855899129,2.5130608742689455,11.187735987610308,7.61214268034857,8.847005594332025,17.972556522032043,12.228538886495445,14.212286406378542,0.6281407035175879,-0.0018592964824121205,-0.0018592964824121205,0.4623115577889447,-0.002688442211055242,-0.002688442211055242,0.3065326633165829,-0.0034673366834171437,-0.0034673366834171437,0.3951612903225806,0.09737457000064909,0.17532214823142778,0.3724696356275303,0.3869346733668342,0.09370159066006722,0.16489794548703451,0.35858585858585856,0.3951612903225806,0.09737457000064909,0.17532214823142778,0.3724696356275303,16.0,0.0,0.0,29.0,0.0,0.0,37.0,0.0,0.0,4.5404966383140836e-05,-6.654391827334297e-05,-3.923073820425843e-06,-3.085650767697956e-05,-0.00010133182060556578,-0.00011602607612637428,0.9556451612903226,0.31390733225949036,237,-0.32616710662841797
460,0,test,2.453187290734026,1.168506077429619,1.5906169420924305,4.376909698575816,2.0848165985794638,2.8379352635893724,11.625341073907949,8.011825241093526,9.25609842029299,20.741615728986847,14.294479566843126,16.514477757069507,2.3862461834587565,1.1382680796164149,1.5488458657244641,4.010497787325641,1.9130555959939746,2.6031022953352334,10.872603484611522,7.389310508597351,8.56225050535243,18.273283167414323,12.419009258146808,14.390336983785598,2.453187290734026,1.168506077429619,1.5906169420924305,4.376909698575816,2.0848165985794638,2.8379352635893724,11.625341073907949,8.011825241093526,9.25609842029299,20.741615728986847,14.294479566843126,16.514477757069507,0.6482412060301508,-0.0017587939698492372,-0.0017587939698492372,0.48743718592964824,-0.002562814070351749,-0.002562814070351749,0.31658291457286436,-0.003417085427135591,-0.003417085427135591,0.39676113360323884,0.08767022451232975,0.16122950507026446,0.3780487804878049,0.3919597989949749,0.08368912230324554,0.15823692754255425,0.35858585858585856,0.39676113360323884,0.08767022451232975,0.16122950507026446,0.3780487804878049,20.0,0.0,0.0,30.0,1.0,1.0,38.0,0.0,0.0,0.00014413880354501192,-7.040440321714127e-05,-0.00010254586941848628,-0.0070372201486605945,-0.0061240278014755845,-0.005695762814863059,0.9554655870445344,-0.5518871453459832,236,-0.0794057846069336
906,0,test,2.999938641482587,1.4487709863112332,1.9639022391787346,4.781720380060123,2.309253147877905,3.1303411448727707,20.084304542229535,15.367329774011898,17.266279211600178,32.013164209735564,24.49459230645533,27.521402622126345,3.0686478428473145,1.4451541490953665,1.9780429709396679,4.512717415951933,2.125226689846127,2.9088867219700996,21.512794321187336,16.442019179863834,18.53672064958355,31.6364622370402,24.17943997038799,27.259883308211105,2.999938641482587,1.4487709863112332,1.9639022391787346,4.781720380060123,2.309253147877905,3.1303411448727707,20.084304542229535,15.367329774011898,17.266279211600178,32.013164209735564,24.49459230645533,27.521402622126345,0.6683417085427136,-0.0016582914572863539,-0.0016582914572863539,0.542713567839196,-0.0022864321608039306,-0.0022864321608039306,0.42211055276381915,-0.0028894472361808976,-0.0028894472361808976,0.416030534351145,0.11641221374045796,0.19465648854961826,0.3946360153256705,0.4170854271356784,0.11557788944723624,0.187604690117253,0.3939393939393939,0.416030534351145,0.11641221374045796,0.19465648854961826,0.3946360153256705,17.0,-6.0,-6.0,30.0,-12.0,-12.0,38.0,-12.0,-12.0,0.00020361968178044519,-0.00016855785707190076,-0.0001114957334011398,-0.00012787541372372146,-0.00017828449388890277,8.936283448512938e-05,0.04198473282442748,0.6238259550530121,11,-0.4260704517364502
464,0,test,3.02678915505996,1.4653534827247685,1.983717067999307,4.77367889598028,2.311071778468778,3.128605204387479,20.630883560081784,15.865225300252085,17.792961580389214,32.53785064332898,25.02172675925471,28.062042263928124,3.2287935031783865,1.5515526754557796,2.099785700187291,4.579848940678563,2.2007839368167086,2.9784194328897753,25.24917553675018,19.898403653614356,22.15658901448221,35.81443338546125,28.224686033495544,31.42778583614498,3.02678915505996,1.4653534827247685,1.983717067999307,4.77367889598028,2.311071778468778,3.128605204387479,20.630883560081784,15.865225300252085,17.792961580389214,32.53785064332898,25.02172675925471,28.062042263928124,0.7336683417085428,-0.001331658291457205,-0.001331658291457205,0.5628140703517588,-0.0021859296482411583,-0.0021859296482411583,0.44221105527638194,-0.0027889447236180143,-0.0027889447236180143,0.40727272727272723,0.10418742781719181,0.17268989776849508,0.35401459854014594,0.40703517587939697,0.09375196785934681,0.1683039571815672,0.38383838383838387,0.40727272727272723,0.10418742781719181,0.17268989776849508,0.35401459854014594,23.0,0.0,0.0,32.0,0.0,0.0,42.0,0.0,0.0,0.0006283165472949117,0.0004042263040998549,0.00025673368123588035,-0.0002179643979092205,0.00019661043173790915,4.380359388900246e-05,0.9563636363636364,-0.29744946300198255,263,-0.43822598457336426
858,0,test,2.019231994457305,0.9602258287853038,1.31145519193361,4.302517403574411,2.0460196505656087,2.794408370504692,7.532537680935778,4.649033841268453,5.503063363635321,16.05009952014777,9.906018261779705,11.725758090207567,1.9324993138971835,0.9092281368340587,1.250268021573818,3.9438761508105786,1.8555676261919563,2.551567390966975,6.906750826114584,4.124469597431892,4.928463878357904,14.095409849213436,8.417284892718147,10.05808954766919,2.019231994457305,0.9602258287853038,1.31145519193361,4.302517403574411,2.0460196505656087,2.794408370504692,7.532537680935778,4.649033841268453,5.503063363635321,16.05009952014777,9.906018261779705,11.725758090207567,0.5025125628140703,-0.0024874371859296973,-0.0024874371859296973,0.3467336683417085,-0.003266331658291488,-0.003266331658291488,0.22613065326633164,-0.003869346733668344,-0.003869346733668344,0.3623188405797102,0.10372932882564145,0.16593329841103555,0.3563636363636363,0.38190954773869346,0.13128298132265337,0.19159235241315087,0.3282828282828283,0.3623188405797102,0.10372932882564145,0.16593329841103555,0.3563636363636363,18.0,-6.0,-6.0,26.0,-7.0,-7.0,32.0,-8.0,-8.0,-0.0007143604817218481,-3.137058365814163e-06,2.5814038068670023e-05,-0.056418920770342496,-0.06179266655555349,-0.06446742937186922,0.036231884057971016,0.6372338559654898,10,-0.5452909469604492
930,0,test,2.8774892589133225,1.3791915164360133,1.8706501364246317,4.7017798348256905,2.2535809092091723,3.0566178699748887,17.769602254041413,13.295535683068618,15.032666046116674,29.035297800721263,21.72473150828206,24.563179813916133,2.9198168199450882,1.3865157918280664,1.8946034668098013,4.634629872928712,2.200818717187407,3.0073070901742884,18.53789137674869,13.9044446335561,15.75020121718979,29.425224407537602,22.070547037390632,25.000319392364748,2.8774892589133225,1.3791915164360133,1.8706501364246317,4.7017798348256905,2.2535809092091723,3.0566178699748887,17.769602254041413,13.295535683068618,15.032666046116674,29.035297800721263,21.72473150828206,24.563179813916133,0.7236180904522613,-0.0013819095477386467,-0.0013819095477386467,0.5326633165829145,-0.0023366834170853723,-0.0023366834170853723,0.42713567839195976,-0.002864321608040288,-0.002864321608040288,0.4257028112449799,0.10906954471191377,0.18004193007008007,0.41532258064516125,0.4371859296482412,0.1163839246357099,0.19177691462319946,0.4292929292929293,0.4257028112449799,0.10906954471191377,0.18004193007008007,0.41532258064516125,13.0,0.0,0.0,27.0,0.0,0.0,35.0,0.0,0.0,0.000260031693962423,6.349727747238713e-05,0.00012813511584400995,-3.7786429536446065e-05,-0.00010682844012599446,0.00013492207507859177,0.06827309236947791,0.22478728795956793,17,-0.4364352226257324
804,0,test,2.1654056379308027,1.026759837003237,1.401369967338494,3.6293418438558525,1.720907332442045,2.3487750156800113,8.718137606997098,5.5956006429044285,6.5712145719269675,14.612089792009222,9.378541922614465,11.013725831821255,2.213568379419672,1.0210843596855521,1.4146072180005693,3.513600602253448,1.620768824897702,2.2454082825405868,9.148302833626952,5.8530463020274155,6.925072682444244,14.52111560893167,9.290549685757803,10.99217886102261,2.1654056379308027,1.026759837003237,1.401369967338494,3.6293418438558525,1.720907332442045,2.3487750156800113,8.718137606997098,5.5956006429044285,6.5712145719269675,14.612089792009222,9.378541922614465,11.013725831821255,0.6080402010050252,-0.001959798994974782,-0.001959798994974782,0.44723618090452266,-0.0027638190954772934,-0.0027638190954772934,0.29145728643216084,-0.0035427135678391952,-0.0035427135678391952,0.40506329113924056,0.10126582278481022,0.16596343178621664,0.34745762711864403,0.4120603015075377,0.11055276381909551,0.17420435510887777,0.3484848484848485,0.40506329113924056,0.10126582278481022,0.16596343178621664,0.34745762711864403,21.0,-11.0,-11.0,30.0,-16.0,-16.0,37.0,-14.0,-14.0,0.00015158488015762597,0.00016798762069050692,6.886574345575154e-05,-0.0046222585556616735,-0.00527874033950404,-0.005644827753599202,0.04219409282700422,0.4038609637876535,10,-0.25255584716796875
225,0,test,2.8076870798043916,1.3535172808509683,1.836876898096515,4.478083190574093,2.158774397306608,2.9297023944324163,16.571545197465746,12.290617238423964,13.931462657764389,26.43056575798334,19.602756608119236,22.219801200991302,2.6660973786435065,1.256768917143317,1.7205741046589476,4.039541482793191,1.904195329005025,2.6069304616044655,14.383725281373904,10.290519545692643,11.809565264177689,21.793523153596823,15.591696281352487,17.893280703299528,2.8076870798043916,1.3535172808509683,1.836876898096515,4.478083190574093,2.158774397306608,2.9297023944324163,16.571545197465746,12.290617238423964,13.931462657764389,26.43056575798334,19.602756608119236,22.219801200991302,0.6582914572864322,-0.0017085427135676845,-0.0017085427135676845,0.48743718592964824,-0.002562814070351749,-0.002562814070351749,0.3266331658291457,-0.0033668341708542604,-0.0033668341708542604,0.3944223107569721,0.07831893103530208,0.15071370148544894,0.41200000000000003,0.37688442211055273,0.07863880807546497,0.13648375433091997,0.38888888888888884,0.3944223107569721,0.07831893103530208,0.15071370148544894,0.41200000000000003,19.0,-5.0,-5.0,30.0,-5.0,-5.0,37.0,-4.0,-4.0,-0.0003291341657529139,-0.00027560099522596504,-0.00017595275859715926,-5.164627325804361e-05,-0.00011782167916685182,0.0001279129611404528,0.9442231075697212,-0.2980310182618908,237,-0.08889007568359375
468,0,test,2.325337177123017,1.1102129666607878,1.511534609743973,3.6125774001732585,1.724795144633724,2.3482769829951007,10.230128869753193,6.85941615364808,7.973656789042577,15.893235922652282,10.656592952988984,12.387645368691148,2.3995766074155505,1.131060938375529,1.5444805745124826,3.581457623008284,1.688150654291834,2.305194887332063,11.01851023737989,7.462939237963188,8.666910036654114,16.44553766773118,11.138715280542073,12.935686621871811,2.325337177123017,1.1102129666607878,1.511534609743973,3.6125774001732585,1.724795144633724,2.3482769829951007,10.230128869753193,6.85941615364808,7.973656789042577,15.893235922652282,10.656592952988984,12.387645368691148,0.6231155778894473,-0.0018844221105527303,-0.0018844221105527303,0.42713567839195976,-0.002864321608040288,-0.002864321608040288,0.31155778894472363,-0.003442211055276312,-0.003442211055276312,0.38076923076923075,0.09286136128746492,0.15186897501475505,0.3513513513513513,0.37688442211055273,0.09367640206042738,0.15150879606714707,0.3535353535353535,0.38076923076923075,0.09286136128746492,0.15186897501475505,0.3513513513513513,22.0,-12.0,-12.0,31.0,-15.0,-15.0,41.0,-18.0,-18.0,0.00020566000922646514,0.00013413575593628123,5.0091354296982044e-05,-0.00011401557000390028,-0.0001672912548489336,9.637194842149199e-05,0.038461538461538464,0.698558378231538,10,-0.4482583999633789
636,0,test,2.1666898777447225,1.027561623051843,1.399905245268254,3.5337680148931785,1.6759040756916963,2.283178792877986,8.729340978783501,5.605297171513318,6.576508014758694,14.237139453492137,9.141972767825292,10.725971405023108,2.1666898777447225,1.027561623051843,1.399905245268254,3.5337680148931785,1.6759040756916963,2.283178792877986,8.729340978783501,5.605297171513318,6.576508014758694,14.237139453492137,9.141972767825292,10.725971405023108,2.1666898777447225,1.027561623051843,1.399905245268254,3.5337680148931785,1.6759040756916963,2.283178792877986,8.729340978783501,5.605297171513318,6.576508014758694,14.237139453492137,9.141972767825292,10.725971405023108,0.5220588235294117,0.1520588235294117,0.1520588235294117,0.3308823529411765,0.09088235294117653,0.09088235294117653,0.2647058823529411,0.07470588235294118,0.07470588235294118,0.32352941176470584,0.06711915535444946,0.11865136298421808,0.31851851851851853,0.32352941176470584,0.06711915535444946,0.11865136298421808,0.31851851851851853,0.32352941176470584,0.06711915535444946,0.11865136298421808,0.31851851851851853,13.0,1.0,1.0,17.0,3.0,3.0,23.0,3.0,3.0,-0.00024172570249624272,-0.00015442577203230045,-0.00014217986167337407,-4.116363448769533e-05,7.74259587945636e-05,-2.4846561165858816e-05,0.8161764705882353,-0.22773250150706614,111,-0.5303499698638916
620,0,test,2.942591333127106,1.4144269382416694,1.9215943631393166,5.034312883181314,2.419862954582133,3.2875469827202766,18.964927136349086,14.355219687453616,16.188966201769396,32.44601992001892,24.559532477330286,27.696785550015115,2.9863039568738543,1.4109152568059498,1.931109271501749,4.391623465990962,2.074875377655809,2.8398665757378665,19.81231981081467,14.979700118129191,16.93978547093091,29.135764427668633,22.028970761954696,24.91144922195722,2.942591333127106,1.4144269382416694,1.9215943631393166,5.034312883181314,2.419862954582133,3.2875469827202766,18.964927136349086,14.355219687453616,16.188966201769396,32.44601992001892,24.559532477330286,27.696785550015115,0.6633165829145728,-0.0016834170854271857,-0.0016834170854271857,0.48743718592964824,-0.002562814070351749,-0.002562814070351749,0.37688442211055273,-0.003115577889447274,-0.003115577889447274,0.3639575971731449,0.0817706483195294,0.1324652352460004,0.34042553191489366,0.38190954773869346,0.09619526202440776,0.1498561253680758,0.3484848484848485,0.3639575971731449,0.0817706483195294,0.1324652352460004,0.34042553191489366,24.0,0.0,0.0,31.0,0.0,0.0,40.0,0.0,0.0,0.00012221305717239153,0.00026683983337784335,0.00017272861794971793,-0.0002734037727947225,0.00016562223134020115,1.5767138139999304e-05,0.9575971731448764,0.23743207488409016,271,-0.44261813163757324
522,0,test,2.0321445603128048,0.9449532223735717,1.3042714927989987,3.795328811172444,1.7648391064918179,2.435918817433424,7.630432747846966,4.664500685602,5.559761006186516,14.250955279067126,8.71164098634491,10.383671290965992,2.111347292146769,0.9683160271766149,1.345079282980409,3.804229355219403,1.7447135624803871,2.4235662756403764,8.259361564785033,5.123100756396918,6.107640517206503,14.881732549162221,9.23081217368814,11.004757688660366,2.0321445603128048,0.9449532223735717,1.3042714927989987,3.795328811172444,1.7648391064918179,2.435918817433424,7.630432747846966,4.664500685602,5.559761006186516,14.250955279067126,8.71164098634491,10.383671290965992,0.5979899497487438,-0.0020100502512562235,-0.0020100502512562235,0.38190954773869346,-0.0030904522613065533,-0.0030904522613065533,0.2814070351758794,-0.003592964824120637,-0.003592964824120637,0.36363636363636365,0.07961269499731038,0.14024608768366986,0.32539682539682535,0.371859296482412,0.07862621377564505,0.14147532319359735,0.33333333333333337,0.36363636363636365,0.07961269499731038,0.14024608768366986,0.32539682539682535,22.0,-8.0,-8.0,31.0,-9.0,-9.0,39.0,-10.0,-10.0,5.1006632154310715e-05,8.69836599291222e-05,0.00013894681496734942,-0.00573055521359489,-0.005366686251827346,-0.005457734165756456,0.039525691699604744,0.3318560755515762,10,-0.42632246017456055
457,0,test,3.031938971019285,1.4650422877733147,1.9864559217310083,4.854415948134702,2.3456687995496237,3.1805004648480075,20.73740285546523,15.945648092091787,17.89263049839241,33.20250839700171,25.530463885152425,28.647763584857792,3.319341804968233,1.6050868048370077,2.1744916390409585,4.810640297055411,2.3262127606333447,3.151437158030375,27.642150643406104,22.089613311908717,24.5001800960812,40.06108788899436,32.01393233609959,35.507507385624926,3.031938971019285,1.4650422877733147,1.9864559217310083,4.854415948134702,2.3456687995496237,3.1805004648480075,20.73740285546523,15.945648092091787,17.89263049839241,33.20250839700171,25.530463885152425,28.647763584857792,0.7185929648241206,-0.0014070351758793676,-0.0014070351758793676,0.5678391959798995,-0.0021608040201005485,-0.0021608040201005485,0.46733668341708545,-0.002663316582914521,-0.002663316582914521,0.40753424657534243,0.10155134059243642,0.17632695728149272,0.3470790378006873,0.4170854271356784,0.11132101610810952,0.18169310660145477,0.36868686868686873,0.40753424657534243,0.10155134059243642,0.17632695728149272,0.3470790378006873,23.0,-8.0,-8.0,35.0,-10.0,-10.0,45.0,-12.0,-12.0,0.0007384567831849939,0.0003751493301187474,0.00016558152481166191,-0.000335773069539691,0.00013076050589333477,-1.577387457896151e-05,0.958904109589041,-0.4556815885870018,280,-0.5192790031433105
499,0,test,2.538562821253303,1.2444884121640996,1.3248609444415194,4.668621280465845,2.2887143212213332,2.4365258748349787,12.661461105749368,9.013842896841567,9.295539259850727,23.28544571172298,16.577182339018975,17.095244615817435,2.8268809591205883,1.3602591690521533,1.847018247121278,4.157177881059688,2.0003811309590485,2.716203304590114,16.892689580124813,12.558122278939663,14.228599110957095,24.842190559007076,18.467826880793623,20.924410457289845,2.79722564842865,1.352589306039217,1.8326628765760613,4.662042747381084,2.254315510065362,3.054438127626769,16.39908676844288,12.158776926985272,13.775446492160958,27.331811280738137,20.26462821164212,22.95907748693493,0.6331658291457287,-0.0018341708542712887,-0.0018341708542712887,0.5276381909547738,-0.002361809045226204,-0.002361809045226204,0.4371859296482412,-0.002814070351758735,-0.002814070351758735,0.4342379958246346,0.1506092158454897,0.16542079152355937,0.38284518828451886,0.457286432160804,0.1615470837898767,0.24192750060821633,0.398989898989899,0.4548494983277592,0.1593570108486273,0.2412788642899394,0.4161073825503355,19.0,0.0,0.0,30.0,0.0,0.0,39.0,0.0,0.0,0.0008331533395731963,0.0003053064201130965,0.0004030518114382637,-0.005750796508913858,-0.003945538169991103,-0.005754066503974364,0.031315240083507306,0.4776677580236634,15,-1.171973705291748
766,0,test,2.9516877746914325,1.4284237777787645,1.9341474659254987,4.566434616140275,2.209855609151853,2.992239903167095,19.138227501157196,14.55105419507111,16.37184555789166,29.607963722378486,22.51133678413942,25.328208127797097,2.8824043131458144,1.375310295502683,1.8713799570631486,4.147344335461604,1.978863734536235,2.6926330317455376,17.85715580176945,13.343560512261345,15.108740872673282,25.69374935506396,19.199367643541503,21.73919550024933,2.9516877746914325,1.4284237777787645,1.9341474659254987,4.566434616140275,2.209855609151853,2.992239903167095,19.138227501157196,14.55105419507111,16.37184555789166,29.607963722378486,22.51133678413942,25.328208127797097,0.6582914572864322,-0.0017085427135676845,-0.0017085427135676845,0.5025125628140703,-0.0024874371859296973,-0.0024874371859296973,0.38190954773869346,-0.0030904522613065533,-0.0030904522613065533,0.4007633587786259,0.08909987885510773,0.16989601183985037,0.3869731800766284,0.3919597989949749,0.0922116881637407,0.16338837042354637,0.36363636363636365,0.4007633587786259,0.08909987885510773,0.16989601183985037,0.3869731800766284,20.0,0.0,0.0,30.0,0.0,0.0,41.0,0.0,0.0,-0.00023901181420838213,-1.809211491332886e-05,9.86571534045966e-05,-0.00012787541372372146,-0.00017828449388890277,8.936283448512938e-05,0.9580152671755725,0.5456345025758464,251,-0.40726661682128906
265,0,test,2.91852243528463,1.3763577856185307,1.8856956275932388,4.353326761011152,2.0530029539673054,2.8127415227228756,18.513911737300138,13.839213326195345,15.704916626165764,27.61572309418512,20.64284892790032,23.425769492660663,2.9356033357022198,1.3353372436363853,1.860188411146202,4.163976362698184,1.8940953810445182,2.638565122193194,18.83286224632962,13.878511683939298,15.901653367540355,26.71327978202783,19.685832175800424,22.555536691546603,2.91852243528463,1.3763577856185307,1.8856956275932388,4.353326761011152,2.0530029539673054,2.8127415227228756,18.513911737300138,13.839213326195345,15.704916626165764,27.61572309418512,20.64284892790032,23.425769492660663,0.6834170854271358,-0.0015829145728643024,-0.0015829145728643024,0.5628140703517588,-0.0021859296482411583,-0.0021859296482411583,0.4321608040201005,-0.002839195979899567,-0.002839195979899567,0.4398496240601504,0.12406015037593987,0.19799498746867172,0.41132075471698115,0.44221105527638194,0.12311557788944727,0.19765494137353434,0.40909090909090906,0.4398496240601504,0.12406015037593987,0.19799498746867172,0.41132075471698115,24.0,-11.0,-11.0,34.0,-12.0,-12.0,44.0,-15.0,-15.0,3.603964075153457e-05,-2.8809424457565424e-05,3.1850426047837236e-05,-0.00015559510116602837,0.0002314721571865519,7.534460660885145e-05,0.9323308270676691,0.2780458362702157,248,-0.5103592872619629
52,0,test,3.651598065479402,1.7692126979710678,2.3868556535704903,5.282408852004183,2.5593465242494084,3.452830023126243,38.53620023941375,31.967044200175263,34.994020044264325,55.74654209390921,46.24358821190402,50.62241734558626,3.6460003576737003,1.7384791551862946,2.3629871441581836,5.284058489382175,2.519535007516369,3.424619049504614,38.321088478621085,31.584718489973113,34.713594965442724,55.53780938930593,45.77495433329437,50.30955792093148,3.651598065479402,1.7692126979710678,2.3868556535704903,5.282408852004183,2.5593465242494084,3.452830023126243,38.53620023941375,31.967044200175263,34.994020044264325,55.74654209390921,46.24358821190402,50.62241734558626,0.7336683417085428,-0.001331658291457205,-0.001331658291457205,0.6231155778894473,-0.0018844221105527303,-0.0018844221105527303,0.5025125628140703,-0.0024874371859296973,-0.0024874371859296973,0.3973063973063973,0.07293664940723765,0.1531854566569012,0.402027027027027,0.4120603015075377,0.08373949950252513,0.16331238831888995,0.4191919191919192,0.3973063973063973,0.07293664940723765,0.1531854566569012,0.402027027027027,25.0,0.0,0.0,35.0,0.0,0.0,45.0,0.0,0.0,-0.0004611865989347924,-0.0003958366138828125,0.00010859645588179137,-0.0070525992359575795,-0.00838234924303638,-0.009080701138904246,0.9461279461279462,-0.3417045827682851,281,-0.12429189682006836
969,0,test,2.5572428580521245,1.2330270883415584,1.6665231382855334,3.9271943891514765,1.8935773142388217,2.5593033909384975,12.900200553788993,9.140964461897054,10.46331766070917,19.811022279033097,14.037909709341903,16.068666407517654,2.5714162755038017,1.2535769058332624,1.686655632902272,3.7538923729982505,1.8300392785887043,2.4622709969376233,13.08434235816818,9.349000399209753,10.66193785651988,19.101229719953547,13.648175765269713,15.564872783240702,2.6721955222252096,1.305181350816527,1.7581557650876163,3.988351525709268,1.948031866890339,2.6241130822203225,14.471707294201549,10.54808935663584,11.977328402183463,21.599563125673953,15.743416950202747,17.87660955549771,0.6180904522613065,-0.0019095477386934512,-0.0019095477386934512,0.457286432160804,-0.0027135678391959628,-0.0027135678391959628,0.31658291457286436,-0.003417085427135591,-0.003417085427135591,0.3877551020408163,0.10536791135668244,0.1746563728130548,0.3771929824561403,0.3869346733668342,0.09871412198838803,0.1682368436506405,0.36868686868686873,0.3946488294314381,0.09915634195230616,0.17662880718449703,0.3993288590604027,17.0,1.0,1.0,28.0,0.0,0.0,33.0,1.0,1.0,-0.00033878730689334657,0.00012170762097473124,-0.00011673536717264336,-0.0034504837758042584,-0.005729284020432601,-0.0043632518287175515,0.029154518950437316,0.38139823709531817,10,-0.6974601745605469
469,0,test,2.4118200212253535,1.1576757574487477,1.5734466959762803,4.669694083649088,2.241457317613533,3.046460624124287,11.1542436423606,7.6494057683792285,8.841641578280118,21.596514286272647,14.810551594095951,17.11892305581895,2.6130029564075774,1.2374891127870402,1.693781826579984,4.391601607407694,2.0798136349362024,2.846692145512579,13.63994958654761,9.682840050454914,11.132612847131119,22.924285019407748,16.27368075706708,18.710273692657342,2.4118200212253535,1.1576757574487477,1.5734466959762803,4.669694083649088,2.241457317613533,3.046460624124287,11.1542436423606,7.6494057683792285,8.841641578280118,21.596514286272647,14.810551594095951,17.11892305581895,0.6582914572864322,-0.0017085427135676845,-0.0017085427135676845,0.46733668341708545,-0.002663316582914521,-0.002663316582914521,0.36180904522613067,-0.0031909547738693256,-0.0031909547738693256,0.3897058823529411,0.09429303831624392,0.1659895009348482,0.3505535055350554,0.40201005025125625,0.10877696754448929,0.1699566278806386,0.38383838383838387,0.3897058823529411,0.09429303831624392,0.1659895009348482,0.3505535055350554,19.0,-8.0,-8.0,31.0,-15.0,-15.0,38.0,-15.0,-15.0,0.00040940180712098,0.0003067555560910094,5.210515587017828e-05,-0.0048727036738922536,-0.005036262161542737,-0.005529950049892207,0.9522058823529411,0.18199568904441465,259,-0.3849210739135742
800,0,test,2.9525936829653205,1.4319428374024787,1.9320951864941474,5.079287035031251,2.463342223783285,3.3237441669759455,19.15557283525265,14.580370859022617,16.380995298859684,32.952943478826235,25.08231630293401,28.179894010625752,2.9841800208897307,1.4374341838367455,1.935865341287081,5.057932238796154,2.4363291251470263,3.281127697096747,19.770284367936572,15.07412115784076,16.917445251569923,33.5089565558247,25.54935789464536,28.673636019610043,2.9525936829653205,1.4319428374024787,1.9320951864941474,5.079287035031251,2.463342223783285,3.3237441669759455,19.15557283525265,14.580370859022617,16.380995298859684,32.952943478826235,25.08231630293401,28.179894010625752,0.6582914572864322,-0.0017085427135676845,-0.0017085427135676845,0.4974874371859297,-0.002512562814070307,-0.002512562814070307,0.39698492462311563,-0.0030150753768843908,-0.0030150753768843908,0.4,0.11836734693877549,0.17959183673469392,0.4016393442622951,0.40201005025125625,0.12060301507537685,0.1792294807370184,0.40909090909090906,0.4,0.11836734693877549,0.17959183673469392,0.4016393442622951,16.0,-4.0,-4.0,25.0,-5.0,-5.0,34.0,-9.0,-9.0,-1.1027547729497174e-05,-8.975274466059891e-05,-6.1108649755076005e-06,-0.005684701370177514,-0.005329335130476842,-0.00568670166295604,0.9551020408163265,0.1699230347113039,234,-0.10109806060791016
179,0,test,1.9322712960077308,0.9071807553725395,1.246339789587401,3.516493725032703,1.6509562815164849,2.2681835922304874,6.905176142903031,4.11782832551974,4.91955555023371,12.566562794227256,7.49393602097692,8.952979976512282,1.748246028747403,0.791389170500794,1.10817287673714,3.0142172909437988,1.3644640870703348,1.9106428909261037,5.744518114942357,3.1410176863390715,3.8478984991742955,9.904341577486823,5.415547735067365,6.634307757197062,1.9322712960077308,0.9071807553725395,1.246339789587401,3.516493725032703,1.6509562815164849,2.2681835922304874,6.905176142903031,4.11782832551974,4.91955555023371,12.566562794227256,7.49393602097692,8.952979976512282,0.46733668341708545,-0.002663316582914521,-0.002663316582914521,0.3316582914572864,-0.0033417085427135396,-0.0033417085427135396,0.20100502512562812,-0.003994974874371837,-0.003994974874371837,0.36986301369863017,0.11687156070717719,0.1785190501450994,0.3436426116838488,0.35678391959798994,0.11116988451027066,0.17815286784506845,0.297979797979798,0.36986301369863017,0.11687156070717719,0.1785190501450994,0.3436426116838488,14.0,-3.0,-3.0,20.0,-5.0,-5.0,26.0,-5.0,-5.0,-0.0005888913874778204,0.00034963552847839494,-6.177114218445653e-05,-0.024802679055206944,-0.027330676462552717,-0.023704686098978023,0.03767123287671233,0.40836966661407104,11,-0.4334909915924072
433,0,test,2.6254404131436297,1.2635241748848625,1.7167219428112728,4.322371411882805,2.0801922391397123,2.8263105156039243,13.810655240970812,9.906988746585144,11.329514401463527,22.737054360134874,16.310286351085296,18.652249319482635,2.5233001405670725,1.197676078427855,1.6372635678036154,3.9737010087670432,1.886104060516307,2.57836782331278,12.469680533605082,8.70514660841375,10.04418324031526,19.637292178905643,13.70889229671457,15.817611402071275,2.6254404131436297,1.2635241748848625,1.7167219428112728,4.322371411882805,2.0801922391397123,2.8263105156039243,13.810655240970812,9.906988746585144,11.329514401463527,22.737054360134874,16.310286351085296,18.652249319482635,0.6130653266331658,-0.001934673366834172,-0.001934673366834172,0.4623115577889447,-0.002688442211055242,-0.002688442211055242,0.31658291457286436,-0.003417085427135591,-0.003417085427135591,0.3828996282527881,0.08419832955148943,0.1616388124307856,0.3880597014925373,0.371859296482412,0.0811324794398055,0.15650036492982433,0.35858585858585856,0.3828996282527881,0.08419832955148943,0.1616388124307856,0.3880597014925373,19.0,-2.0,-2.0,30.0,-2.0,-2.0,35.0,-1.0,-1.0,-9.42817321548184e-05,-9.865391871040137e-05,8.31919087486629e-06,-0.00017638486674709242,0.00021985158203818855,6.483093570341936e-05,0.03717472118959108,0.4713628221275519,10,-0.3744964599609375
473,0,test,2.5223990576381548,1.2035734037556443,1.6407398005308893,4.3908428040367875,2.0951092583894546,2.8561026157389553,12.45844937820832,8.71942149306285,10.043546048716856,21.68693039910337,15.17825222866496,17.483209788507118,2.4730412943789446,1.1540128798955318,1.5910580297855934,4.087671560956934,1.9074593056124498,2.6298479831166834,11.85845712396471,8.118671034414064,9.442771220943321,19.600755576801173,13.419290965973659,15.607886315608797,2.5223990576381548,1.2035734037556443,1.6407398005308893,4.3908428040367875,2.0951092583894546,2.8561026157389553,12.45844937820832,8.71942149306285,10.043546048716856,21.68693039910337,15.17825222866496,17.483209788507118,0.6432160804020101,-0.001783919597989958,-0.001783919597989958,0.4773869346733668,-0.0026130653266331905,-0.0026130653266331905,0.33668341708542715,-0.0033165829145728187,-0.0033165829145728187,0.37606837606837606,0.07542871721976196,0.14169337606837606,0.37768240343347637,0.38190954773869346,0.0886764650319265,0.1448477781226667,0.3787878787878788,0.37606837606837606,0.07542871721976196,0.14169337606837606,0.37768240343347637,16.0,-5.0,-5.0,28.0,-13.0,-13.0,35.0,-17.0,-17.0,-7.476237935225833e-05,6.940536829051311e-05,-1.1540080972023841e-05,6.616239837065052e-05,-2.437914732134061e-05,-5.259801277901488e-05,0.9358974358974359,0.32772538967528636,219,-0.15095925331115723
195,0,test,3.107386696026468,1.501322351874182,2.032412677497362,4.866284825852771,2.351127456708625,3.182834947778888,22.36252789034023,17.379367311310332,19.432611114342873,35.020562545249796,27.216745034693545,30.432202311140728,3.223569561486178,1.5520041999632224,2.100544439485675,4.7405434727737905,2.2823591175929736,3.08903594042011,25.117619236367148,19.797129464362513,22.04347943724664,36.93767534759874,29.113425682886046,32.4168815253627,3.107386696026468,1.501322351874182,2.032412677497362,4.866284825852771,2.351127456708625,3.182834947778888,22.36252789034023,17.379367311310332,19.432611114342873,35.020562545249796,27.216745034693545,30.432202311140728,0.7437185929648241,-0.0012814070351758744,-0.0012814070351758744,0.5628140703517588,-0.0021859296482411583,-0.0021859296482411583,0.457286432160804,-0.0027135678391959628,-0.0027135678391959628,0.41129032258064513,0.10344324008567529,0.16598201158868797,0.3927125506072875,0.4120603015075377,0.09877709348748753,0.16665128648249594,0.4242424242424242,0.41129032258064513,0.10344324008567529,0.16598201158868797,0.3927125506072875,21.0,-9.0,-9.0,31.0,-13.0,-13.0,41.0,-16.0,-16.0,0.00011445620573044481,0.0001754831281422327,8.860883149567524e-05,-3.085650767697956e-05,-0.00010133182060556578,-0.00011602607612637428,0.9274193548387096,0.1722244568079132,230,-0.3479604721069336
493,0,test,3.359612066228,1.6205592431920635,2.1967870893257655,4.963446972216241,2.394193052756114,3.2455045440290204,28.77802474583222,23.086075160743935,25.579067241274366,42.51627776519936,34.10706581537044,37.790179743390276,3.498844710551319,1.6538245931106048,2.265073161081264,4.634231404703734,2.1904961498153708,3.0000969020943895,33.077216117440884,26.74898902058591,29.64305888130118,43.81088227475614,35.42912453057737,39.262329644107524,3.359612066228,1.6205592431920635,2.1967870893257655,4.963446972216241,2.394193052756114,3.2455045440290204,28.77802474583222,23.086075160743935,25.579067241274366,42.51627776519936,34.10706581537044,37.790179743390276,0.6783919597989949,-0.0016080402010050232,-0.0016080402010050232,0.5879396984924623,-0.002060301507537776,-0.002060301507537776,0.49246231155778897,-0.002537688442211028,-0.002537688442211028,0.42320819112627983,0.11997139385200384,0.1961934351671425,0.4212328767123288,0.42211055276381915,0.10882734474376898,0.1917265794750045,0.4444444444444444,0.42320819112627983,0.11997139385200384,0.1961934351671425,0.4212328767123288,23.0,-3.0,-3.0,34.0,-3.0,-3.0,40.0,-2.0,-2.0,0.0003985484782530819,-9.935257724772281e-05,-3.64709085413948e-07,-0.0003427029913991575,0.00012688698084151184,-1.9278431547142816e-05,0.05460750853242321,-0.37700669128816217,16,-0.5867741107940674
137,0,test,3.384267506807417,1.6037607502410804,2.1885067142576995,4.590155928773278,2.1752157302120403,2.9683194515219373,29.49637890437959,23.563516730582123,26.19030685543768,40.0065828818022,31.959712347226326,35.522485160248806,3.384267506807417,1.6037607502410804,2.1885067142576995,4.590155928773278,2.1752157302120403,2.9683194515219373,29.49637890437959,23.563516730582123,26.19030685543768,40.0065828818022,31.959712347226326,35.522485160248806,3.384267506807417,1.6037607502410804,2.1885067142576995,4.590155928773278,2.1752157302120403,2.9683194515219373,29.49637890437959,23.563516730582123,26.19030685543768,40.0065828818022,31.959712347226326,35.522485160248806,0.7948717948717949,0.29987179487179494,0.29987179487179494,0.6068376068376069,0.2368376068376069,0.2368376068376069,0.45299145299145294,0.1729914529914529,0.1729914529914529,0.3846153846153846,0.042735042735042694,0.11680911680911676,0.3879310344827587,0.3846153846153846,0.042735042735042694,0.11680911680911676,0.3879310344827587,0.3846153846153846,0.042735042735042694,0.11680911680911676,0.3879310344827587,12.0,2.0,2.0,20.0,3.0,3.0,24.0,5.0,5.0,0.00010166585839897424,5.576792540720117e-05,-2.2404552913158744e-05,-0.00013516061722640416,5.573284710980175e-05,3.000232515759649e-07,0.08547008547008547,-0.23946573842067312,10,-0.41874265670776367
490,0,test,3.125146527803522,1.5145115583681883,2.049120484703775,4.843977118095459,2.3474929154706916,3.1761367512908514,22.763230295307107,17.75724142650742,19.83022955295171,35.283006957726016,27.5237242110865,30.736855807075152,3.1906527871713517,1.5403121081846372,2.0868371282691793,4.797974116047145,2.3162588093002063,3.138100944765683,24.304287793095007,19.09553375510278,21.288636999267617,36.54780119262407,28.715088353538018,32.01298796882349,3.125146527803522,1.5145115583681883,2.049120484703775,4.843977118095459,2.3474929154706916,3.1761367512908514,22.763230295307107,17.75724142650742,19.83022955295171,35.283006957726016,27.5237242110865,30.736855807075152,0.6884422110552764,-0.0015577889447235815,-0.0015577889447235815,0.5175879396984925,-0.002412060301507535,-0.002412060301507535,0.42211055276381915,-0.0028894472361808976,-0.0028894472361808976,0.4008097165991903,0.10181981760929126,0.17200756316715804,0.3739837398373984,0.4170854271356784,0.11883981310059066,0.18837090292866676,0.38383838383838387,0.4008097165991903,0.10181981760929126,0.17200756316715804,0.3739837398373984,26.0,-10.0,-10.0,38.0,-10.0,-10.0,45.0,-10.0,-10.0,-2.2989920894038413e-05,0.0002268056273982732,0.00012628293254304828,-2.39265858157367e-05,-9.583520108336074e-05,-0.00011149550017286458,0.9554655870445344,0.3185428797733097,236,-0.3413395881652832
40,0,test,2.6423833682641447,1.2866980697741004,1.737998042944036,4.5792088737980725,2.2298275450011893,3.011923310023434,14.046642064741127,10.167223459140702,11.576229108764046,24.34261007031054,17.61963856008153,20.061423219899996,2.873762969904136,1.3655481570103936,1.86860857025507,4.490254640475212,2.1336689953287395,2.9197008910235462,17.70351079487807,13.184853853198309,14.97118168396295,27.661735616996985,20.601334145622356,23.39247138119211,2.6996062301291737,1.2988279479099378,1.7653472414725897,4.601601528629273,2.213911274846485,3.0091146161464595,14.873873688268452,10.81551640291108,12.32854704543377,25.353193786821226,18.435539323143885,21.014568827443927,0.6231155778894473,-0.0018844221105527303,-0.0018844221105527303,0.4723618090452262,-0.0026381909547738003,-0.0026381909547738003,0.40703517587939697,-0.00296482412060306,-0.00296482412060306,0.406060606060606,0.14019957887027368,0.19579903664410703,0.37689969604863227,0.42713567839195976,0.1596356783919598,0.21582120251841563,0.4040404040404041,0.4180602006688964,0.14806020066889636,0.20940315294414613,0.38590604026845643,22.0,-11.0,-11.0,31.0,-9.0,-9.0,38.0,-12.0,-12.0,0.0009760253820940148,2.272817793322826e-05,0.00035080368996579344,0.0003846183501678979,-1.6433446000441165e-05,-0.0001489470393902792,0.03636363636363636,0.16353673527759532,12,-0.9727745056152344
814,0,test,3.3504734297523915,1.622773350329164,2.1959285185542488,5.444519323347635,2.637006694284891,3.568383842650653,28.516230880643384,22.88853512113685,25.34365159700043,46.338875181045495,37.19386957184738,41.18343384512569,3.2205935669688497,1.5485874376345963,2.0974439246528416,5.032177448388827,2.4196678713040565,3.2772561322700646,25.04298045661783,19.72014506708298,21.968457840805893,39.12965696346536,30.812726667317158,34.32571537625921,3.3504734297523915,1.622773350329164,2.1959285185542488,5.444519323347635,2.637006694284891,3.568383842650653,28.516230880643384,22.88853512113685,25.34365159700043,46.338875181045495,37.19386957184738,41.18343384512569,0.728643216080402,-0.001356783919598037,-0.001356783919598037,0.592964824120603,-0.0020351758793969443,-0.0020351758793969443,0.42211055276381915,-0.0028894472361808976,-0.0028894472361808976,0.3938223938223938,0.07397653640428203,0.15633844003548747,0.375968992248062,0.38190954773869346,0.05860127706200169,0.1415088799590607,0.3484848484848485,0.3938223938223938,0.07397653640428203,0.15633844003548747,0.375968992248062,19.0,-8.0,-8.0,29.0,-7.0,-7.0,38.0,-8.0,-8.0,-0.0003617230767071042,-0.00015576560375754492,0.00025982442453370276,-0.00010708564814265742,-0.00016179463533028127,9.987650539144965e-05,0.9575289575289575,1.1267174011535452,248,-0.3582127094268799
573,0,test,2.3326342475571,1.1314340490311954,1.5314927243114238,4.2670138674825,2.0696964311546253,2.8015110810574826,10.305051867407782,6.980947753002575,8.076968981635606,18.85070463550204,12.770026377443736,14.774943259089522,2.488620700890173,1.1911612592184502,1.6222626408764533,3.9501915887145604,1.8907321574896034,2.5750200648832595,12.044651480839367,8.384665043828317,9.666417802928837,19.11849441403074,13.30899213306082,15.343520322109264,2.3326342475571,1.1314340490311954,1.5314927243114238,4.2670138674825,2.0696964311546253,2.8015110810574826,10.305051867407782,6.980947753002575,8.076968981635606,18.85070463550204,12.770026377443736,14.774943259089522,0.5829145728643217,-0.002085427135678275,-0.002085427135678275,0.46733668341708545,-0.002663316582914521,-0.002663316582914521,0.33668341708542715,-0.0033165829145728187,-0.0033165829145728187,0.3913043478260869,0.12419249473760607,0.19441891957247182,0.3422818791946308,0.39698492462311563,0.12881449855795268,0.18663434031593695,0.3484848484848485,0.3913043478260869,0.12419249473760607,0.19441891957247182,0.3422818791946308,20.0,-5.0,-5.0,29.0,-4.0,-4.0,33.0,0.0,0.0,0.0006493802886565375,0.0002722888373600442,1.4705808220807513e-05,0.0005070350734097673,0.00010364583054389698,-4.030577335889518e-05,0.9632107023411371,0.5843144288726267,288,-0.8155965805053711
627,0,test,3.030627900044783,1.4872499637084402,2.000472883851968,5.099439759955593,2.502498441928573,3.366065151870677,20.71023246354294,16.0298588610477,17.908732384625768,34.847756420692015,26.972397245235953,30.13385509029845,2.9346240262522003,1.3906523333063656,1.9003245480210416,4.514806194234154,2.139465128163639,2.9235762277246793,18.814428074213623,14.13127464376807,16.00129319122088,28.94527396032865,21.740422528873953,24.617374140339816,3.030627900044783,1.4872499637084402,2.000472883851968,5.099439759955593,2.502498441928573,3.366065151870677,20.71023246354294,16.0298588610477,17.908732384625768,34.847756420692015,26.972397245235953,30.13385509029845,0.6381909547738693,-0.0018090452261306789,-0.0018090452261306789,0.4773869346733668,-0.0026130653266331905,-0.0026130653266331905,0.39698492462311563,-0.0030150753768843908,-0.0030150753768843908,0.3928571428571429,0.11478227654698248,0.17314217848659663,0.3799283154121864,0.39698492462311563,0.12129570156547154,0.17995654398872496,0.3737373737373737,0.3928571428571429,0.11478227654698248,0.17314217848659663,0.3799283154121864,20.0,-5.0,-5.0,32.0,-7.0,-7.0,38.0,-6.0,-6.0,-8.462726035092336e-05,0.00011454137697095868,9.004013764753977e-05,-0.0002526140072118821,0.00017724280649034085,2.6280809047207754e-05,0.03571428571428571,0.8938673716021384,10,-0.20003008842468262
777,0,test,2.976926659967578,1.4297762012974016,1.9443408962213755,4.775070280082223,2.2933994101347586,3.118774994610126,19.627402174375582,14.929338410650494,16.819084072906993,31.482879997823918,23.94705959829173,26.978262371978328,3.0856977344850947,1.4585390667859226,1.9994310745248793,4.784027495325728,2.2613008787378646,3.0998931387982624,21.88272985193759,16.793336354774553,18.919539054169075,33.92671294874045,26.036180394999313,29.332618688634227,2.976926659967578,1.4297762012974016,1.9443408962213755,4.775070280082223,2.2933994101347586,3.118774994610126,19.627402174375582,14.929338410650494,16.819084072906993,31.482879997823918,23.94705959829173,26.978262371978328,0.7537688442211055,-0.0012311557788945438,-0.0012311557788945438,0.542713567839196,-0.0022864321608039306,-0.0022864321608039306,0.39698492462311563,-0.0030150753768843908,-0.0030150753768843908,0.38655462184873945,0.05112485245670595,0.1323646777146612,0.33755274261603374,0.371859296482412,0.03601969748491829,0.11643358696655226,0.3484848484848485,0.38655462184873945,0.05112485245670595,0.1323646777146612,0.33755274261603374,17.0,0.0,0.0,28.0,0.0,0.0,37.0,0.0,0.0,0.00019627074451659753,0.0001154283304368125,0.00018327161035668302,3.8442710928343615e-05,-4.636562540305533e-05,-7.072031659394185e-05,0.046218487394957986,-0.5242768852331773,11,-0.4513976573944092
807,0,test,2.3249511407928862,1.087789896461492,1.4901749442111634,3.829331290717695,1.7916539471130455,2.4544057904654455,10.226180430517081,6.780362697643029,7.921882149775145,16.843120709086957,11.167656207882636,13.047805893747299,2.415194131256884,1.142844748689366,1.5602597408448373,3.7444870252044713,1.7718523235494046,2.4190073501470346,11.191942852604235,7.622714650374572,8.840722739672792,17.351849383882534,11.818162248642746,13.706546883213631,2.3249511407928862,1.087789896461492,1.4901749442111634,3.829331290717695,1.7916539471130455,2.4544057904654455,10.226180430517081,6.780362697643029,7.921882149775145,16.843120709086957,11.167656207882636,13.047805893747299,0.5979899497487438,-0.0020100502512562235,-0.0020100502512562235,0.4321608040201005,-0.002839195979899567,-0.002839195979899567,0.2562814070351759,-0.00371859296482413,-0.00371859296482413,0.3705179282868526,0.08821176526498375,0.14932587530672015,0.30000000000000004,0.3668341708542714,0.07861361947582524,0.13978909572906273,0.2828282828282829,0.3705179282868526,0.08821176526498375,0.14932587530672015,0.30000000000000004,17.0,0.0,0.0,25.0,1.0,1.0,34.0,0.0,0.0,0.00023969451344184464,0.00016718047610337795,0.0004096138721056715,-0.009895731372611571,-0.009518477351350363,-0.00988178149756802,0.0398406374501992,0.6013869915936465,10,-0.6679913997650146
22,0,test,1.6641030702265036,0.7921598689159424,1.016339538676021,3.1150697866308934,1.482860838364818,1.9025075108221081,5.2809344975317485,2.889380886263177,3.3696729281474664,9.885493148088987,5.408693284630577,6.307762131507571,2.2890157635419652,1.0815777734334873,1.4833250624436085,3.366199652267596,1.590555549166893,2.1813603859464834,9.86522318894948,6.520319200684421,7.62698126775004,14.507681160219823,9.588704706888855,11.216148923161821,1.980446764811582,0.9388950986104718,1.2855560965221375,3.4744680084413724,1.6471843835271438,2.255361572845856,7.245979510795163,4.412369088356899,5.242489493819342,12.712244755780988,7.740998400626139,9.197349989156741,0.5728643216080402,-0.0021356783919597166,-0.0021356783919597166,0.44723618090452266,-0.0027638190954772934,-0.0027638190954772934,0.31658291457286436,-0.003417085427135591,-0.003417085427135591,0.3588390501319261,0.11773233076433709,0.16822321435479992,0.2671957671957672,0.40201005025125625,0.11378949887281009,0.19165946594407757,0.33838383838383834,0.3913043478260869,0.12419249473760607,0.19775596072931267,0.3120805369127517,21.0,-2.0,-2.0,32.0,-4.0,-4.0,41.0,-3.0,-3.0,0.00108139665132721,0.0010192530014575948,0.0004740879842121971,-0.044204923636022464,-0.06185593021080127,-0.051983162569041674,0.0316622691292876,0.16243315415856743,12,-0.9825668334960938
790,0,test,2.94692316058584,1.4316298434054484,1.9352801263557724,4.183578415474541,2.0324030812630918,2.747406607951498,19.04725812153921,14.496502375592435,16.297142282082632,27.040303940399415,20.57985605106426,23.136121632599455,2.94692316058584,1.4316298434054484,1.9352801263557724,4.183578415474541,2.0324030812630918,2.747406607951498,19.04725812153921,14.496502375592435,16.297142282082632,27.040303940399415,20.57985605106426,23.136121632599455,2.94692316058584,1.4316298434054484,1.9352801263557724,4.183578415474541,2.0324030812630918,2.747406607951498,19.04725812153921,14.496502375592435,16.297142282082632,27.040303940399415,20.57985605106426,23.136121632599455,0.6455696202531646,0.11556962025316453,0.11556962025316453,0.5,0.09499999999999997,0.09499999999999997,0.40506329113924056,0.0800632911392406,0.0800632911392406,0.40506329113924056,0.12115161921495032,0.18237421550898847,0.37579617834394907,0.40506329113924056,0.12115161921495032,0.18237421550898847,0.37579617834394907,0.40506329113924056,0.12115161921495032,0.18237421550898847,0.37579617834394907,22.0,2.0,2.0,28.0,2.0,2.0,35.0,4.0,4.0,0.00037799415623353895,-0.00013126327475769634,-0.00014444108246521004,0.00013403704633230262,-0.00011416878352932258,-3.0905937593139754e-05,0.930379746835443,0.26485097484736114,147,-0.5465841293334961
85,0,test,2.529439498928733,1.2101241314560018,1.6483586030488642,4.144879851185738,1.9829765179321033,2.701091828525449,12.546471854575953,8.805612468242003,10.132964807721386,20.55934463564967,14.429364968967988,16.604438130299748,2.529439498928733,1.2101241314560018,1.6483586030488642,4.144879851185738,1.9829765179321033,2.701091828525449,12.546471854575953,8.805612468242003,10.132964807721386,20.55934463564967,14.429364968967988,16.604438130299748,2.529439498928733,1.2101241314560018,1.6483586030488642,4.144879851185738,1.9829765179321033,2.701091828525449,12.546471854575953,8.805612468242003,10.132964807721386,20.55934463564967,14.429364968967988,16.604438130299748,0.6237113402061856,0.003711340206185576,0.003711340206185576,0.44845360824742264,0.0034536082474226903,0.0034536082474226903,0.31443298969072164,-0.0005670103092783041,-0.0005670103092783041,0.38144329896907214,0.09609625526727261,0.16055288801016798,0.2953367875647669,0.38144329896907214,0.09609625526727261,0.16055288801016798,0.2953367875647669,0.38144329896907214,0.09609625526727261,0.16055288801016798,0.2953367875647669,17.0,1.0,1.0,24.0,1.0,1.0,32.0,2.0,2.0,0.0004447142872213814,0.00020978555614114522,1.0069900917583121e-05,-0.00021997671585616274,-0.00011670486294867999,-6.965251566004582e-05,0.061855670103092786,-0.49509434297357763,12,-0.30233001708984375
684,0,test,2.404300678016204,1.1195632832473257,1.5452725828622829,3.8727957029123288,1.8033684023564707,2.489091765209306,11.07068560067279,7.456966749544109,8.709820558539121,17.832421716053776,12.011521291181829,14.029591199083974,2.566508744450622,1.194986597081703,1.648682624425928,3.8886496128039725,1.8105857531540956,2.4980039764029214,13.020287845047767,9.078942404585204,10.51644642639173,19.727708856132978,13.75597334028061,15.934009736957163,2.404300678016204,1.1195632832473257,1.5452725828622829,3.8727957029123288,1.8033684023564707,2.489091765209306,11.07068560067279,7.456966749544109,8.709820558539121,17.832421716053776,12.011521291181829,14.029591199083974,0.5628140703517588,-0.0021859296482411583,-0.0021859296482411583,0.44723618090452266,-0.0027638190954772934,-0.0027638190954772934,0.3316582914572864,-0.0033417085427135396,-0.0033417085427135396,0.35820895522388063,0.10681230717918788,0.1646605681271064,0.29588014981273403,0.3919597989949749,0.12629563859397241,0.18995646009681133,0.3282828282828283,0.35820895522388063,0.10681230717918788,0.1646605681271064,0.29588014981273403,20.0,-3.0,-3.0,30.0,-5.0,-5.0,42.0,-11.0,-11.0,0.00028057136003280573,0.000601602098057964,0.00021867275954952389,-0.0048449839864490585,-0.005020768061346104,-0.004119864993095135,0.041044776119402986,0.43561578810779883,11,-0.44434261322021484
93,0,test,2.6356662030988085,1.2791286061277907,1.7308680746851257,4.113870528646288,1.996523485755017,2.7016194816513863,13.95260463602698,10.069878198412079,11.48117167542322,21.77787496099449,15.717534754135254,17.920347324073276,2.498440729151915,1.1531240571026022,1.60039244352699,3.78551625629078,1.74715766227667,2.424837035646955,12.16351295512366,8.324110775656992,9.70870560521532,18.429565083520696,12.612289054025746,14.710160007902001,2.6356662030988085,1.2791286061277907,1.7308680746851257,4.113870528646288,1.996523485755017,2.7016194816513863,13.95260463602698,10.069878198412079,11.48117167542322,21.77787496099449,15.717534754135254,17.920347324073276,0.6281407035175879,-0.0018592964824121205,-0.0018592964824121205,0.457286432160804,-0.0027135678391959628,-0.0027135678391959628,0.33668341708542715,-0.0033165829145728187,-0.0033165829145728187,0.3877551020408163,0.10592148574200477,0.16716686674669867,0.3720136518771331,0.39698492462311563,0.10876437324466948,0.16660095133430097,0.3434343434343434,0.3877551020408163,0.10592148574200477,0.16716686674669867,0.3720136518771331,12.0,0.0,0.0,23.0,0.0,0.0,32.0,0.0,0.0,-0.0002239645053374045,0.00025010559246237536,-8.126155496289879e-05,-0.005017264101709884,-0.00511485787782906,-0.005601421001474982,0.034013605442176874,0.2817461284607869,10,-0.5338830947875977
290,0,test,1.9785466679257933,0.9527263391886331,1.2918234348910484,4.465862479032505,2.150439451311486,2.915830038754081,7.23222451973843,4.442841786643642,5.245031235911191,16.32416391598103,10.028128604138507,11.838784789628118,1.893200704774368,0.8932741617391194,1.2245699710820053,4.028086605902911,1.9005833228491906,2.605468023578735,6.640589268285035,3.922507109224804,4.6890259878150236,14.128913336776671,8.345759806861285,9.976651037904306,1.903858445985478,0.9176050874747019,1.2427714179384837,4.359981174012545,2.1013856965069513,2.846041415126299,6.711741437400044,4.030571190486932,4.774844785946792,15.370400238320713,9.23031570340519,10.934759051786546,0.3869346733668342,-0.0030653266331658324,-0.0030653266331658324,0.321608040201005,-0.0033919597989949812,-0.0033919597989949812,0.24120603015075381,-0.0037939698492461815,-0.0037939698492461815,0.33333333333333337,0.12255678816693083,0.1802182330165435,0.2611464968152867,0.321608040201005,0.1211067870681729,0.16968817375693157,0.19696969696969702,0.32441471571906355,0.11907247865729398,0.16979847545210025,0.24496644295302017,22.0,-6.0,-6.0,29.0,-6.0,-6.0,34.0,-6.0,-6.0,0.002003069748749638,0.0005233027206460674,-0.00036343552865716026,-0.03833910291829046,-0.04290312430524157,-0.03596071808563028,0.9587301587301588,0.2312311558838325,302,-0.11047840118408203
501,0,test,1.1383689372018608,0.5216135852402604,0.7240845011910211,2.888764184727303,1.3236645819000157,1.8374617449578603,3.1216725665408247,1.268766317337154,1.6083850674065074,7.921663717243383,3.219665063350197,4.081493289332641,1.3435249447463673,0.5803383449560607,0.8307747674225295,2.8893009564438006,1.2480394515184101,1.7866124030592032,3.832529176866627,1.6874282577975057,2.162651832367163,8.241998229820704,3.628877973758077,4.650864155628308,1.1383689372018608,0.5216135852402604,0.7240845011910211,2.888764184727303,1.3236645819000157,1.8374617449578603,3.1216725665408247,1.268766317337154,1.6083850674065074,7.921663717243383,3.219665063350197,4.081493289332641,0.31155778894472363,-0.003442211055276312,-0.003442211055276312,0.23115577889447236,-0.003844221105527623,-0.003844221105527623,0.18090452261306533,-0.0040954773869347205,-0.0040954773869347205,0.2468085106382979,0.08544969959795823,0.11526678503716636,0.19658119658119655,0.27638190954773867,0.09843704739235015,0.13447873759448326,0.23232323232323238,0.2468085106382979,0.08544969959795823,0.11526678503716636,0.19658119658119655,20.0,-11.0,-11.0,26.0,-16.0,-16.0,29.0,-13.0,-13.0,0.0008733212277211138,0.0005207818744727201,8.836288059683576e-05,-0.05485484122524609,-0.05857572594013005,-0.05637954690620317,0.05531914893617021,0.2960366289190999,13,-0.6159192323684692
491,0,test,3.5087499206027575,1.7092971031495512,2.3078505123682005,5.8144998684274265,2.832549485219256,3.8244379919244462,33.40648091740691,27.36014280900725,30.083376510887994,55.359311234560025,45.33966522635487,49.85245250375725,3.555294393409753,1.681316603087596,2.3042955607423314,5.780966493349192,2.733848135101782,3.7468220499875304,34.99812166761558,28.483964786015154,31.50429069990802,56.907514906692,46.315389895959605,51.22648894293987,3.5087499206027575,1.7092971031495512,2.3078505123682005,5.8144998684274265,2.832549485219256,3.8244379919244462,33.40648091740691,27.36014280900725,30.083376510887994,55.359311234560025,45.33966522635487,49.85245250375725,0.7336683417085428,-0.001331658291457205,-0.001331658291457205,0.6281407035175879,-0.0018592964824121205,-0.0018592964824121205,0.49246231155778897,-0.002537688442211028,-0.002537688442211028,0.4458874458874459,0.12407319102783465,0.21567161854931638,0.4391304347826087,0.4321608040201005,0.10634626767924837,0.20010738164948283,0.43434343434343436,0.4458874458874459,0.12407319102783465,0.21567161854931638,0.4391304347826087,17.0,0.0,0.0,30.0,0.0,0.0,41.0,0.0,0.0,0.00026472935931391673,2.656770153786577e-05,-8.811217905077009e-05,-0.00545910470833455,-0.004157429957702519,-0.004458804127208005,0.05194805194805195,0.3317958050008834,12,-0.24997353553771973
420,0,test,2.6698126545693497,1.2893041746914082,1.7456484720956662,4.056922022585828,1.9591661202014694,2.6526054994973256,14.437264183949315,10.460340885014125,11.917502864650446,21.93818915102913,15.89504313253543,18.10927809600515,2.701207202481714,1.3033229719437038,1.7610120280994725,3.700283839016047,1.7853739341694574,2.41234524397188,14.897705420700634,10.851076251994336,12.33722431081758,20.407815644795388,14.864488016430597,16.900307275092576,2.6698126545693497,1.2893041746914082,1.7456484720956662,4.056922022585828,1.9591661202014694,2.6526054994973256,14.437264183949315,10.460340885014125,11.917502864650446,21.93818915102913,15.89504313253543,18.10927809600515,0.592964824120603,-0.0020351758793969443,-0.0020351758793969443,0.46733668341708545,-0.002663316582914521,-0.002663316582914521,0.3668341708542714,-0.0031658291457286047,-0.0031658291457286047,0.40590405904059046,0.12781934449178756,0.19976908971543705,0.3592592592592593,0.40703517587939697,0.13385221848591322,0.2016929388176274,0.3484848484848485,0.40590405904059046,0.12781934449178756,0.19976908971543705,0.3592592592592593,19.0,-5.0,-5.0,28.0,-4.0,-4.0,38.0,-9.0,-9.0,-4.785465921938805e-05,0.00015202950576838044,0.00021792091399133216,-0.00019024471046957814,0.00021210453193631906,5.782182176528039e-05,0.04059040590405904,0.5256462627972864,11,-0.5058269500732422
88,0,test,2.6706191737878213,1.2601222702792505,1.7265529948181482,4.364182552287415,2.059224197773409,2.821440259824779,14.448912811765496,10.350921607326804,11.87850085899173,23.611638009470443,16.9149206753877,19.41120872079136,2.6871428881924255,1.2686010841667934,1.7378948065378652,4.166113004949497,1.9668233863051063,2.694410552771884,14.689645945984257,10.558553841788441,12.10587979842459,22.77464487749497,16.36985091750146,18.76880588903037,2.6706191737878213,1.2601222702792505,1.7265529948181482,4.364182552287415,2.059224197773409,2.821440259824779,14.448912811765496,10.350921607326804,11.87850085899173,23.611638009470443,16.9149206753877,19.41120872079136,0.6080402010050252,-0.001959798994974782,-0.001959798994974782,0.4522613065326633,-0.0027386934673366836,-0.0027386934673366836,0.3517587939698492,-0.0032412060301507672,-0.0032412060301507672,0.37453183520599254,0.08747742620036403,0.15926274884804514,0.37969924812030076,0.37688442211055273,0.09728744478057794,0.1634390439592922,0.38888888888888884,0.37453183520599254,0.08747742620036403,0.15926274884804514,0.37969924812030076,15.0,-3.0,-3.0,24.0,-2.0,-2.0,32.0,-3.0,-3.0,0.00015720902510777144,-0.00015049525910043788,-0.00011042590223031372,-0.00016252502302549487,0.00022759863213561715,7.184004964067014e-05,0.0449438202247191,0.2040838359472791,12,-0.3370969295501709
808,0,test,2.258974984304708,1.0759391844278428,1.4669330747244866,4.253226337636208,2.025791745680548,2.7619599297546973,9.57327138251013,6.309002539341333,7.365371223439626,18.024675024882356,11.878668843603606,13.867613006632421,2.3056394061642282,1.0903925356628716,1.4927347615758342,4.230531020484822,2.0007202489226996,2.7389628652767595,10.030589823371425,6.659463630154628,7.776142970983139,18.404751969488853,12.219199321384636,14.268152240336036,2.258974984304708,1.0759391844278428,1.4669330747244866,4.253226337636208,2.025791745680548,2.7619599297546973,9.57327138251013,6.309002539341333,7.365371223439626,18.024675024882356,11.878668843603606,13.867613006632421,0.6080402010050252,-0.001959798994974782,-0.001959798994974782,0.44221105527638194,-0.0027889447236180143,-0.0027889447236180143,0.3065326633165829,-0.0034673366834171437,-0.0034673366834171437,0.3833333333333333,0.10058905058905054,0.15618651892890112,0.33891213389121344,0.3919597989949749,0.11125804460901001,0.15990637662435725,0.33838383838383834,0.3833333333333333,0.10058905058905054,0.15618651892890112,0.33891213389121344,17.0,-3.0,-3.0,27.0,-4.0,-4.0,37.0,-5.0,-5.0,0.00016670841815736166,-1.7085592710977534e-05,-3.537897723745288e-06,2.4582867206746073e-05,-5.7358864443912694e-05,-7.978146849918488e-05,0.041666666666666664,0.5937389031660109,10,-0.31649160385131836
307,0,test,2.8349288738787983,1.3431221884513895,1.83633847070874,4.7185393337043084,2.2355322331271448,3.056455978092399,17.02918903715705,12.584069836387236,14.31473619085173,28.343885108825155,20.94529744579889,23.825869633095497,2.8719077842031027,1.3705835965428366,1.8698483390569007,4.786512973671838,2.2843059942380615,3.1164138984281684,17.670697941172868,13.18307034247548,14.946812191893093,29.451163235288114,21.9717839041258,24.911353653155153,2.8349288738787983,1.3431221884513895,1.83633847070874,4.7185393337043084,2.2355322331271448,3.056455978092399,17.02918903715705,12.584069836387236,14.31473619085173,28.343885108825155,20.94529744579889,23.825869633095497,0.6834170854271358,-0.0015829145728643024,-0.0015829145728643024,0.5326633165829145,-0.0023366834170853723,-0.0023366834170853723,0.3869346733668342,0.001934673366834172,0.001934673366834172,0.39676113360323884,0.07958941643152162,0.1571918200096991,0.3943089430894309,0.3919597989949749,0.07366405964660394,0.15155913121534215,0.3939393939393939,0.39676113360323884,0.07958941643152162,0.1571918200096991,0.3943089430894309,20.0,0.0,0.0,31.0,0.0,0.0,39.0,0.0,0.0,2.169928706738455e-05,0.0002421200982574911,-0.00010522746044161017,-2.39265858157367e-05,-9.583520108336074e-05,-0.00011149550017286458,0.04048582995951417,0.5014660319858111,10,-0.6581878662109375
401,0,test,2.2244228130925188,1.076161688103493,1.4579526822905193,3.878480802315161,1.876384481821475,2.542071343480906,9.248143355861862,6.095437376976594,7.095987354950497,16.124967902528375,10.627942093189962,12.3724907727342,2.3290151395520926,1.0978292848554676,1.5048156426080697,3.6108761853520814,1.7020609067526629,2.3330475079194875,10.26782417785091,6.842535153941887,7.987769334122213,15.91910725248203,10.608581634018428,12.384138502515057,2.2244228130925188,1.076161688103493,1.4579526822905193,3.878480802315161,1.876384481821475,2.542071343480906,9.248143355861862,6.095437376976594,7.095987354950497,16.124967902528375,10.627942093189962,12.3724907727342,0.5728643216080402,-0.0021356783919597166,-0.0021356783919597166,0.4321608040201005,-0.002839195979899567,-0.002839195979899567,0.29145728643216084,-0.0035427135678391952,-0.0035427135678391952,0.3948339483394834,0.11306599253837846,0.1837910035542073,0.38148148148148153,0.3919597989949749,0.11376431027317035,0.18327866376959923,0.38888888888888884,0.3948339483394834,0.11306599253837846,0.1837910035542073,0.38148148148148153,18.0,-3.0,-3.0,26.0,-2.0,-2.0,32.0,0.0,0.0,0.0003234584509855161,0.00025258933473599614,3.5422406312962763e-06,-0.004865773752031899,-0.004031348600790352,-0.004130378664002343,0.03690036900369004,0.4951428031163676,10,-0.3647332191467285
133,0,test,2.1774460853983,1.024791922290824,1.406991046482188,4.636458474942932,2.182100041429599,2.9959205903543142,8.823742373378122,5.6571559706587795,6.662993118263062,18.788485915727556,12.045840730626885,14.187580174232554,1.9384272108590126,0.9101947691392831,1.249072612906425,4.260279584305522,2.00042806404238,2.745214533860274,6.9478149249770915,4.151695764332484,4.955385724675514,15.269922912037563,9.124606075456008,10.89095763664948,2.1774460853983,1.024791922290824,1.406991046482188,4.636458474942932,2.182100041429599,2.9959205903543142,8.823742373378122,5.6571559706587795,6.662993118263062,18.788485915727556,12.045840730626885,14.187580174232554,0.4773869346733668,-0.0026130653266331905,-0.0026130653266331905,0.3417085427135679,-0.003291457286432098,-0.003291457286432098,0.2613065326633166,-0.003693467336683409,-0.003693467336683409,0.38617886178861793,0.12248717821863819,0.19158426719402333,0.3346938775510204,0.3467336683417085,0.09861336758982875,0.1647637184251809,0.26262626262626265,0.38617886178861793,0.12248717821863819,0.19158426719402333,0.3346938775510204,15.0,0.0,0.0,24.0,0.0,0.0,31.0,0.0,0.0,-7.952561722389516e-05,-0.00042488239105273584,-0.00023274261869400792,-0.022730736858579625,-0.018142011608548003,-0.01956964224310198,0.044715447154471545,-0.561067891926388,11,-0.2788083553314209
946,0,test,3.453807757556319,1.6773252624645314,2.267332788069921,5.824067983330263,2.8284308347441116,3.823345485764965,31.62056681808559,25.711532056942115,28.34505227386177,53.32095581088942,43.35670111562788,47.79753912847279,3.2838595831484754,1.5799524133300746,2.145010132472163,5.613435184869189,2.700773356119786,3.6666839871319032,26.678542300679254,21.183165429870456,23.555369367963166,45.60434581312693,36.21053919635976,40.26558866318491,3.453807757556319,1.6773252624645314,2.267332788069921,5.824067983330263,2.8284308347441116,3.823345485764965,31.62056681808559,25.711532056942115,28.34505227386177,53.32095581088942,43.35670111562788,47.79753912847279,0.7386934673366834,-0.0013065326633165952,-0.0013065326633165952,0.5778894472361809,-0.002110552763819218,-0.002110552763819218,0.42211055276381915,-0.0028894472361808976,-0.0028894472361808976,0.4085603112840467,0.08234671905103697,0.15629640442764303,0.4140625,0.37688442211055273,0.05608241709802142,0.12646705984010198,0.3737373737373737,0.4085603112840467,0.08234671905103697,0.15629640442764303,0.4140625,21.0,-5.0,-5.0,33.0,-7.0,-7.0,38.0,-3.0,-3.0,-0.00040941429502729636,-0.0003053775630445599,-1.8622122611675864e-06,-9.322580442105988e-05,-0.00015080139628764755,0.00010688561932692409,0.9221789883268483,0.27692273045276133,237,-0.3103482723236084
322,0,test,2.9992611284634965,1.4515787335528627,1.9639511869644468,4.262107919395495,2.0627697792593316,2.7908780025284248,20.070701772969766,15.370138274077854,17.254722883870272,28.52152357211493,21.841775442110634,24.51986936128933,2.9975930353614615,1.4354158831790345,1.9479791563092705,4.2219620216358615,2.021712511519767,2.7436326145200995,20.037249881980333,15.268056672207045,17.180701949880074,28.221478707014555,21.5043051721226,24.19817176039447,2.9992611284634965,1.4515787335528627,1.9639511869644468,4.262107919395495,2.0627697792593316,2.7908780025284248,20.070701772969766,15.370138274077854,17.254722883870272,28.52152357211493,21.841775442110634,24.51986936128933,0.6834170854271358,-0.0015829145728643024,-0.0015829145728643024,0.5276381909547738,-0.002361809045226204,-0.002361809045226204,0.4170854271356784,-0.0029145728643216184,-0.0029145728643216184,0.4132231404958677,0.11219221266081614,0.1769594042321314,0.3858921161825726,0.4170854271356784,0.10380221911562826,0.18002365751965166,0.38383838383838387,0.4132231404958677,0.11219221266081614,0.1769594042321314,0.3858921161825726,21.0,-1.0,-1.0,34.0,-1.0,-1.0,44.0,-3.0,-3.0,0.00015927825887753259,1.8583284393910905e-05,9.701748901708182e-05,1.0723023486036709e-05,-6.835210348388188e-05,-8.884262040620428e-05,0.045454545454545456,0.43402650165164436,11,-0.4374527931213379
971,0,test,2.2208426005489232,1.0522730591390093,1.440576914158436,4.17869068261179,1.9799348349589252,2.7105591937454783,9.215092237332685,5.997705230982765,7.033040307341242,17.338923551823342,11.285155895138622,13.233220578286812,2.162307751344586,0.9954013313353152,1.3831355766002615,3.760535219729715,1.7311327501483742,2.405453176696107,8.691171595835563,5.4791310475333095,6.511504460903874,15.115081036235763,9.528923560927495,11.324355584180651,2.2208426005489232,1.0522730591390093,1.440576914158436,4.17869068261179,1.9799348349589252,2.7105591937454783,9.215092237332685,5.997705230982765,7.033040307341242,17.338923551823342,11.285155895138622,13.233220578286812,0.5376884422110553,-0.0023115577889447625,-0.0023115577889447625,0.3869346733668342,-0.0030653266331658324,-0.0030653266331658324,0.31155778894472363,-0.003442211055276312,-0.003442211055276312,0.3929824561403509,0.11802623897747877,0.1794468668754734,0.352112676056338,0.371859296482412,0.10619513608140951,0.16150871217523333,0.31313131313131315,0.3929824561403509,0.11802623897747877,0.1794468668754734,0.352112676056338,24.0,-7.0,-7.0,31.0,-2.0,-2.0,43.0,-10.0,-10.0,-0.0001807393135816715,0.00010971664839830294,0.0002347209542514228,-0.013343590800722005,-0.0119128875444936,-0.012312567937145857,0.042105263157894736,0.48804475628718136,12,-0.48404383659362793
277,0,test,2.1761826134253357,1.0484924742003432,1.4132822826785103,4.128346428409827,1.9890518995859447,2.681079624493056,8.812600862168432,5.724086645550386,6.668113931200497,16.718022223819524,10.858929077588233,12.649804369483295,2.1508877886476854,1.0287732175290083,1.399173550290691,3.9831255345327503,1.9051355880166816,2.5910621301679457,8.592483321164561,5.521141408746583,6.471851149621459,15.912006150304743,10.224335942123302,11.984909536336035,2.1761826134253357,1.0484924742003432,1.4132822826785103,4.128346428409827,1.9890518995859447,2.681079624493056,8.812600862168432,5.724086645550386,6.668113931200497,16.718022223819524,10.858929077588233,12.649804369483295,0.5326633165829145,-0.0023366834170853723,-0.0023366834170853723,0.3919597989949749,-0.0030402010050251116,-0.0030402010050251116,0.2864321608040201,-0.003567839195979916,-0.003567839195979916,0.3735408560311284,0.09781270069132253,0.16914240842440142,0.3203125,0.371859296482412,0.10619513608140951,0.17319485574785443,0.303030303030303,0.3735408560311284,0.09781270069132253,0.16914240842440142,0.3203125,19.0,-5.0,-5.0,29.0,-6.0,-6.0,40.0,-12.0,-12.0,0.00014533380615093302,2.0527422417546022e-05,0.0002621816704555501,-0.00476085699287232,-0.005388672729910837,-0.005471752393632734,0.042801556420233464,0.44741692065367306,11,-0.75742506980896
629,0,test,2.9619876033375188,1.4499476860881508,1.9509030294394387,4.866122491197352,2.3820569128591047,3.2050549769362204,19.336366612804476,14.80039223739481,16.587786175182192,31.766888006750207,24.31493010429147,27.25136300208503,2.9687089869078602,1.4229238957491126,1.9366439225273375,4.675132262847024,2.2408250326757675,3.0498329488619484,19.466771509389144,14.775117952153986,16.65991531673409,30.656333085652193,23.267902286856668,26.23608711296707,2.9619876033375188,1.4499476860881508,1.9509030294394387,4.866122491197352,2.3820569128591047,3.2050549769362204,19.336366612804476,14.80039223739481,16.587786175182192,31.766888006750207,24.31493010429147,27.25136300208503,0.6482412060301508,-0.0017587939698492372,-0.0017587939698492372,0.4824120603015075,-0.0025879396984924696,-0.0025879396984924696,0.3869346733668342,-0.0030653266331658324,-0.0030653266331658324,0.3849206349206349,0.09581172402954574,0.16460401222934196,0.33864541832669326,0.3869346733668342,0.10372665331670883,0.1732451908960495,0.3282828282828283,0.3849206349206349,0.09581172402954574,0.16460401222934196,0.33864541832669326,21.0,-5.0,-5.0,32.0,-9.0,-9.0,39.0,-6.0,-6.0,0.0001806628979909897,0.0001739623662612263,0.0003159189593204627,-5.857619511928647e-05,-0.00012331829868550415,0.00012440840417138332,0.051587301587301584,0.4735548421510153,13,-0.5821449756622314
55,0,test,2.8672444888463526,1.366271210445183,1.8657819756592329,4.695112850485902,2.237269107103987,3.0552179851419936,17.58848609555596,13.102432970669458,14.86622583553131,28.801145981472885,21.455233989471235,24.343444805682516,3.018187994364972,1.4433584299995406,1.9612861206980772,4.573012112674199,2.1869067121205155,2.9716456374213287,20.454194968071672,15.62427661031607,17.576752482814378,30.99120449707829,23.673146379266772,26.63144315577936,2.8672444888463526,1.366271210445183,1.8657819756592329,4.695112850485902,2.237269107103987,3.0552179851419936,17.58848609555596,13.102432970669458,14.86622583553131,28.801145981472885,21.455233989471235,24.343444805682516,0.6884422110552764,-0.0015577889447235815,-0.0015577889447235815,0.5477386934673367,-0.002261306532663321,-0.002261306532663321,0.3919597989949749,-0.0030402010050251116,-0.0030402010050251116,0.4099616858237548,0.10594638945664203,0.1857578641677039,0.35,0.3919597989949749,0.07366405964660394,0.15489802937894814,0.3434343434343434,0.4099616858237548,0.10594638945664203,0.1857578641677039,0.35,20.0,0.0,0.0,33.0,0.0,0.0,41.0,0.0,0.0,0.00014715621422664354,0.0002245241138419752,0.00012064960063618932,-0.00012094549186336678,-0.00017278787436758591,9.286739145242251e-05,0.9578544061302682,0.27967915891986733,250,-0.5059342384338379
895,0,test,2.1244480712229423,1.0080864060473418,1.3790763687574383,3.3869772106925766,1.607177755926905,2.198641753619002,8.36827752012014,5.314554021712546,6.261052970130717,13.341425303505822,8.472917554616,9.981907306665544,2.06079520906383,0.9646475902684988,1.326612464305922,3.1704541677905076,1.4840732157976904,2.0409422527783416,7.852211478012598,4.859596383215889,5.768433160334817,12.080325350788613,7.476302128024446,8.874512554361257,2.1244480712229423,1.0080864060473418,1.3790763687574383,3.3869772106925766,1.607177755926905,2.198641753619002,8.36827752012014,5.314554021712546,6.261052970130717,13.341425303505822,8.472917554616,9.981907306665544,0.5778894472361809,-0.002110552763819218,-0.002110552763819218,0.3869346733668342,-0.0030653266331658324,-0.0030653266331658324,0.25125628140703515,-0.003743718592964851,-0.003743718592964851,0.3776978417266187,0.08453237410071945,0.1618705035971223,0.3790613718411552,0.38190954773869346,0.08291457286432158,0.16582914572864316,0.36868686868686873,0.3776978417266187,0.08453237410071945,0.1618705035971223,0.3790613718411552,18.0,-6.0,-6.0,28.0,-9.0,-9.0,37.0,-12.0,-12.0,-0.00023349302018408317,-7.996522604743001e-05,-1.621579982172289e-05,-0.010588917833136868,-0.009302956444571464,-0.010365032509438876,0.0539568345323741,0.3830424617900954,15,-0.6292650699615479
619,0,test,2.469990148255472,1.1867796477876276,1.6102303194780119,4.028238966617985,1.9354862712241174,2.6260803196856166,11.822330380494005,8.21412508570458,9.45973718183036,19.280713305100964,13.396190576014854,15.427625068354212,2.6103012342045346,1.254143651407796,1.6951708965469379,3.8671129395622734,1.857990594678216,2.511364291180649,13.603147968161512,9.7218967413095,11.106047271210333,20.15281180468372,14.402809987125183,16.453403364756046,2.469990148255472,1.1867796477876276,1.6102303194780119,4.028238966617985,1.9354862712241174,2.6260803196856166,11.822330380494005,8.21412508570458,9.45973718183036,19.280713305100964,13.396190576014854,15.427625068354212,0.6331658291457287,-0.0018341708542712887,-0.0018341708542712887,0.4824120603015075,-0.0025879396984924696,-0.0025879396984924696,0.3417085427135679,-0.003291457286432098,-0.003291457286432098,0.3925619834710744,0.11833517934736304,0.17690264281173373,0.29460580912863066,0.39698492462311563,0.10625810758050913,0.17494819674331596,0.30808080808080807,0.3925619834710744,0.11833517934736304,0.17690264281173373,0.29460580912863066,16.0,-2.0,-2.0,26.0,-2.0,-2.0,31.0,-1.0,-1.0,0.0002887746706368364,9.811911303798993e-05,0.00019557283948302683,1.0723023486036709e-05,-6.835210348388188e-05,-8.884262040620428e-05,0.9545454545454546,-0.4042590504446592,231,-0.5902221202850342
18,0,test,2.923199497390695,1.420753411336135,1.9200327597933475,5.374915204879665,2.6123530466503126,3.5303828163942192,18.600705263461172,14.10804017732045,15.873801705563428,34.201296774751185,25.94059000346018,29.187312813455335,3.041606090414594,1.4653981594242398,1.98821239328679,5.632603871138136,2.7137002952300735,3.6818748023829437,20.938845923121715,16.102265576824106,18.07148032799407,38.77564059837354,29.819010327452045,33.465704311100126,2.923199497390695,1.420753411336135,1.9200327597933475,5.374915204879665,2.6123530466503126,3.5303828163942192,18.600705263461172,14.10804017732045,15.873801705563428,34.201296774751185,25.94059000346018,29.187312813455335,0.6432160804020101,-0.001783919597989958,-0.001783919597989958,0.5125628140703518,-0.0024371859296482556,-0.0024371859296482556,0.40703517587939697,-0.00296482412060306,-0.00296482412060306,0.40492957746478875,0.1131896829129434,0.19181482336642808,0.3816254416961131,0.40703517587939697,0.10127076485182807,0.1849984479995973,0.3787878787878788,0.40492957746478875,0.1131896829129434,0.19181482336642808,0.3816254416961131,20.0,0.0,0.0,32.0,0.0,0.0,39.0,0.0,0.0,0.0003640815166422816,0.00020799751858160512,0.000132060488964413,-0.0002803336946550772,0.00016174870629104277,1.2262581172706177e-05,0.9612676056338029,-0.4879557856481225,273,-0.5566840171813965
537,0,test,2.669367543724694,1.2907131815046216,1.7489486328567376,4.07774551157944,1.971702958249391,2.671706807247409,14.430839431063546,10.461282984225173,11.920497651908237,22.044656554201367,15.980732902282625,18.209839971319944,2.833623963794273,1.3697741167907338,1.856531392551965,4.019324771339394,1.942942009632246,2.6333778617758368,17.00698196891599,12.684413204187996,14.350261193080602,24.123378679313465,17.99207546693333,20.35498041571717,2.669367543724694,1.2907131815046216,1.7489486328567376,4.07774551157944,1.971702958249391,2.671706807247409,14.430839431063546,10.461282984225173,11.920497651908237,22.044656554201367,15.980732902282625,18.209839971319944,0.6783919597989949,-0.0016080402010050232,-0.0016080402010050232,0.507537688442211,-0.0024623115577889765,-0.0024623115577889765,0.38190954773869346,-0.0030904522613065533,-0.0030904522613065533,0.3709677419354839,0.06915687674433701,0.1444261869756983,0.31983805668016196,0.3919597989949749,0.08368912230324554,0.16157582570616025,0.33838383838383834,0.3709677419354839,0.06915687674433701,0.1444261869756983,0.31983805668016196,20.0,0.0,0.0,31.0,1.0,1.0,41.0,0.0,0.0,0.00036188175114203566,0.00017508671381329176,0.0002428075921428076,-3.085650767697956e-05,-0.00010133182060556578,-0.00011602607612637428,0.05241935483870968,0.2697221587343614,13,-0.5342769622802734
0,0,test,2.4410159311435238,1.1766518123936924,1.5962482421477158,4.901877520263825,2.362869899684895,3.205474112280373,11.484702484956859,7.9438620189223315,9.157265422436707,23.062776534832068,15.952308281900942,18.38898015725095,2.3592039815383616,1.129144929954819,1.5351711197714701,4.328814645024517,2.071825559550127,2.816827742699945,10.582524214114958,7.1610926428383195,8.30284927607531,19.41747562222928,13.139619528143704,15.234585827661117,2.4410159311435238,1.1766518123936924,1.5962482421477158,4.901877520263825,2.362869899684895,3.205474112280373,11.484702484956859,7.9438620189223315,9.157265422436707,23.062776534832068,15.952308281900942,18.38898015725095,0.6381909547738693,-0.0018090452261306789,-0.0018090452261306789,0.4120603015075377,-0.0029396984924623393,-0.0029396984924623393,0.29648241206030146,-0.0035175879396985854,-0.0035175879396985854,0.36991869918699183,0.0818862448259371,0.1469457262140188,0.3918367346938776,0.371859296482412,0.08363874510396585,0.14147532319359735,0.38383838383838387,0.36991869918699183,0.0818862448259371,0.1469457262140188,0.3918367346938776,17.0,-1.0,-1.0,27.0,-6.0,-6.0,34.0,-5.0,-5.0,9.011674615906344e-05,-0.00015879021959143395,-0.00017707765907728083,-1.699666395538202e-05,-9.033858156382024e-05,-0.00010696492421935488,0.9552845528455285,-0.4131540757781598,235,-0.03875470161437988
96,0,test,2.771748220281406,1.343949407710397,1.8175827038219106,4.859798546226732,2.356391294852229,3.186828340701083,15.986557618631288,11.817046410891376,13.3900546789833,28.029764358000193,20.71922137376288,23.477229203817387,2.8240207812266442,1.346536070335942,1.8379452640241463,4.518433249962631,2.154457712537507,2.9407124224386343,16.844442513306355,12.462532476081105,14.163749046820787,26.951108021290167,19.940051961729765,22.661998474913258,2.771748220281406,1.343949407710397,1.8175827038219106,4.859798546226732,2.356391294852229,3.186828340701083,15.986557618631288,11.817046410891376,13.3900546789833,28.029764358000193,20.71922137376288,23.477229203817387,0.6884422110552764,-0.0015577889447235815,-0.0015577889447235815,0.5175879396984925,-0.002412060301507535,-0.002412060301507535,0.3467336683417085,-0.003266331658291488,-0.003266331658291488,0.35114503816793896,0.03304980007270086,0.11383539349788818,0.29501915708812265,0.36180904522613067,0.0435133058777597,0.1247472756101039,0.28787878787878785,0.35114503816793896,0.03304980007270086,0.11383539349788818,0.29501915708812265,20.0,0.0,0.0,30.0,0.0,0.0,38.0,0.0,0.0,0.0005212697069481984,0.00022287100016865944,0.00023690190745237705,-0.00012787541372372146,-0.00017828449388890277,8.936283448512938e-05,0.04580152671755725,0.5200661562389006,12,-0.46079468727111816
649,0,test,3.6173285698575013,1.7699595270021202,2.3825472999892336,6.083688958396706,2.9767501135944747,4.007011368163711,37.23795622987134,30.894847128041484,33.80032970390804,62.62747184114725,51.95951562443341,56.8460090474817,3.738517916138897,1.804160238942086,2.4481020452109474,6.078890920551053,2.933593884458677,3.980653732050321,42.0356436260005,35.1160456139589,38.40134598574543,68.35064004227723,57.09926116090879,62.44121298495191,3.6173285698575013,1.7699595270021202,2.3825472999892336,6.083688958396706,2.9767501135944747,4.007011368163711,37.23795622987134,30.894847128041484,33.80032970390804,62.62747184114725,51.95951562443341,56.8460090474817,0.7437185929648241,-0.0012814070351758744,-0.0012814070351758744,0.5979899497487438,-0.0020100502512562235,-0.0020100502512562235,0.48743718592964824,-0.002562814070351749,-0.002562814070351749,0.4147286821705426,0.09364551002354071,0.17632662031487245,0.3735408560311284,0.42713567839195976,0.11134620470774925,0.1917433578577361,0.38383838383838387,0.4147286821705426,0.09364551002354071,0.17632662031487245,0.3735408560311284,26.0,-4.0,-4.0,40.0,-8.0,-8.0,46.0,-4.0,-4.0,9.052633600072948e-05,0.0003899908362197061,0.0004755708874323062,-0.00010015572628230274,-0.00015629801580718805,0.00010338106235963096,0.9418604651162791,-0.44957037080028844,243,-0.37767481803894043
965,0,test,2.324402355286521,1.1228329076648387,1.5214313337848338,3.755744858278747,1.8142615929110815,2.458312734062863,10.220569990516223,6.8952382270322925,7.98840709994745,16.514289405728842,11.141253345783756,12.9075841035993,2.434021429246205,1.117240965849853,1.5544017422526597,3.5533159551039484,1.6310087092698584,2.26919962372651,11.404652991159036,7.6732643157893925,8.9946700069257,16.649128454246767,11.201845716480864,13.130905119599563,2.3305171948240875,1.1218211226374202,1.5225377842550996,3.7588987013291733,1.8093889074797098,2.455706103637257,10.283258606069413,6.9341438058253075,8.039888132743142,16.585900977531313,11.184102912621466,12.967561504424426,0.5829145728643217,-0.002085427135678275,-0.002085427135678275,0.44221105527638194,-0.0027889447236180143,-0.0027889447236180143,0.321608040201005,-0.0033919597989949812,-0.0033919597989949812,0.3856209150326797,0.11482156756122786,0.17583830633702757,0.34098360655737703,0.37688442211055273,0.08866387073210658,0.16152549055796506,0.3232323232323232,0.3846153846153846,0.11750353152690374,0.17660648583896632,0.3389261744966443,17.0,0.0,0.0,27.0,0.0,0.0,33.0,0.0,0.0,0.0009866923665053735,0.00044273121730436285,0.00012086875725724389,-0.013936541324127028,-0.015456703819592299,-0.014958484734523658,0.032679738562091505,0.6314205829524391,10,-0.8444092273712158
746,0,test,3.3689105887472945,1.6307384408193024,2.208179153118456,5.435553218819164,2.631107400313496,3.562776448728937,29.046865832387166,23.359926798956238,25.85459847190704,46.86553142704484,37.68996592772771,41.71498240845506,3.3689105887472945,1.6307384408193024,2.208179153118456,5.435553218819164,2.631107400313496,3.562776448728937,29.046865832387166,23.359926798956238,25.85459847190704,46.86553142704484,37.68996592772771,41.71498240845506,3.3689105887472945,1.6307384408193024,2.208179153118456,5.435553218819164,2.631107400313496,3.562776448728937,29.046865832387166,23.359926798956238,25.85459847190704,46.86553142704484,37.68996592772771,41.71498240845506,0.6858638743455497,0.020863874345549704,0.020863874345549704,0.5863874345549738,0.021387434554973828,0.021387434554973828,0.46596858638743455,0.01596858638743459,0.01596858638743459,0.4397905759162304,0.13430754719560378,0.21544274982927392,0.3526315789473684,0.4397905759162304,0.13430754719560378,0.21544274982927392,0.3526315789473684,0.4397905759162304,0.13430754719560378,0.21544274982927392,0.3526315789473684,23.0,-7.0,-7.0,33.0,-4.0,-4.0,42.0,-8.0,-8.0,0.00024193610444491034,8.823804823735788e-05,5.627653897255425e-05,-0.012837988319374105,-0.012732795047148748,-0.012684280558044492,0.93717277486911,-0.4047228359999682,179,-0.9072372913360596
270,0,test,2.368244138300366,1.1197586034439762,1.534019221195591,3.739332849947947,1.7680399001746994,2.4221356124140914,10.678625623365384,7.19356466793831,8.375597304890158,16.860987826366397,11.35826000200786,13.224627323510777,2.4022618887275304,1.106051556674772,1.533085006292088,3.6124238928233536,1.6632354235710853,2.3053909869053952,11.048137798371071,7.392720231519881,8.66319084472424,16.61374105018206,11.116872528601323,13.027354653720659,2.368244138300366,1.1197586034439762,1.534019221195591,3.739332849947947,1.7680399001746994,2.4221356124140914,10.678625623365384,7.19356466793831,8.375597304890158,16.860987826366397,11.35826000200786,13.224627323510777,0.5829145728643217,-0.002085427135678275,-0.002085427135678275,0.4522613065326633,-0.0027386934673366836,-0.0027386934673366836,0.33668341708542715,-0.0033165829145728187,-0.0033165829145728187,0.379182156133829,0.09799034980235788,0.16427532383569232,0.3656716417910447,0.38190954773869346,0.09475589534574635,0.16678349731852538,0.3737373737373737,0.379182156133829,0.09799034980235788,0.16427532383569232,0.3656716417910447,23.0,-14.0,-14.0,33.0,-17.0,-17.0,43.0,-22.0,-22.0,-0.00011587898061597964,0.00017690814825754102,6.398702187013007e-05,-0.004851913908310301,-0.005024641586393486,-0.005519436378986775,0.9553903345724907,0.2360242490649836,257,-0.5368413925170898
862,0,test,2.7689337204957343,1.3259007305486779,1.7945400959752575,4.0562450116034,1.9423282631721857,2.628843824805859,15.94162671430998,11.708110136539833,13.292066618809274,23.353084748155844,17.151354322825895,19.471711625799546,2.7689337204957343,1.3259007305486779,1.7945400959752575,4.0562450116034,1.9423282631721857,2.628843824805859,15.94162671430998,11.708110136539833,13.292066618809274,23.353084748155844,17.151354322825895,19.471711625799546,2.7689337204957343,1.3259007305486779,1.7945400959752575,4.0562450116034,1.9423282631721857,2.628843824805859,15.94162671430998,11.708110136539833,13.292066618809274,23.353084748155844,17.151354322825895,19.471711625799546,0.6566265060240963,0.09162650602409639,0.09162650602409639,0.5,0.07499999999999996,0.07499999999999996,0.3975903614457831,0.05759036144578311,0.05759036144578311,0.4036144578313253,0.11232316654003405,0.17161445783132534,0.33333333333333337,0.4036144578313253,0.11232316654003405,0.17161445783132534,0.33333333333333337,0.4036144578313253,0.11232316654003405,0.17161445783132534,0.33333333333333337,19.0,2.0,2.0,30.0,3.0,3.0,35.0,4.0,4.0,0.0004146213531858438,0.00025461998097488014,0.00014531291590229528,5.5367321401433855e-05,8.22589057856149e-05,8.582098808496141e-05,0.0783132530120482,0.3652723202251847,13,-0.5953149795532227
667,0,test,2.9258996006577918,1.3892960888434849,1.8989580012681677,4.996828538785709,2.372629034843094,3.2430256774904422,18.650996954338233,14.002223033867825,15.858484814118022,31.852027266175032,23.912887389008034,27.082996792941813,3.1903945854631015,1.4918166910191506,2.0548682085692347,4.7617829633777635,2.2265920761479863,3.0669674754764698,24.298013194559914,18.83184480124257,21.18520157070283,36.26569133516405,28.1072310466307,31.619703836869895,2.9258996006577918,1.3892960888434849,1.8989580012681677,4.996828538785709,2.372629034843094,3.2430256774904422,18.650996954338233,14.002223033867825,15.858484814118022,31.852027266175032,23.912887389008034,27.082996792941813,0.6884422110552764,-0.0015577889447235815,-0.0015577889447235815,0.5678391959798995,-0.0021608040201005485,-0.0021608040201005485,0.39698492462311563,-0.0030150753768843908,-0.0030150753768843908,0.36259541984732824,0.08015267175572516,0.13994910941475824,0.28735632183908044,0.3668341708542714,0.057788944723618174,0.14070351758793975,0.30808080808080807,0.36259541984732824,0.08015267175572516,0.13994910941475824,0.28735632183908044,25.0,0.0,0.0,37.0,0.0,0.0,46.0,0.0,0.0,0.0006925057657527593,0.0005978720126704938,0.0004220675100626197,-0.004803404455286042,-0.005422777662320577,-0.005494904480205953,0.04961832061068702,0.4899454523478086,13,-0.6553223133087158
56,0,test,2.8279809384220576,1.3884436106119884,1.8673995073541958,5.166503637501836,2.5365796732334402,3.4115952538201655,16.911281412449853,12.692537942346847,14.29806597601391,30.89561027274492,23.188290471595202,26.121466686948487,2.8279809384220576,1.3884436106119884,1.8673995073541958,5.166503637501836,2.5365796732334402,3.4115952538201655,16.911281412449853,12.692537942346847,14.29806597601391,30.89561027274492,23.188290471595202,26.121466686948487,2.8279809384220576,1.3884436106119884,1.8673995073541958,5.166503637501836,2.5365796732334402,3.4115952538201655,16.911281412449853,12.692537942346847,14.29806597601391,30.89561027274492,23.188290471595202,26.121466686948487,0.6613756613756614,0.03137566137566139,0.03137566137566139,0.4973544973544973,0.02235449735449735,0.02235449735449735,0.35978835978835977,0.014788359788359795,0.014788359788359795,0.38095238095238093,0.06696821208694559,0.1577537869277763,0.34042553191489366,0.38095238095238093,0.06696821208694559,0.1577537869277763,0.34042553191489366,0.38095238095238093,0.06696821208694559,0.1577537869277763,0.34042553191489366,18.0,1.0,1.0,29.0,1.0,1.0,37.0,2.0,2.0,0.00025949147481757836,0.00027377198058568255,5.0517869761602046e-05,-0.00017080813777514692,-8.11756185310486e-05,-4.188938999316605e-05,0.9417989417989417,0.516956552387416,178,-0.37613654136657715
455,0,test,2.5262210295593337,1.2264881318649945,1.6592698247436557,3.9564096547595917,1.9208491377356531,2.5986448048895348,12.50615633115743,8.837839610259419,10.126511597864292,19.58636123821481,13.841272617125863,15.859510227343018,2.672633389688823,1.2764884036638724,1.7333516914543297,3.8733817241867,1.8499831937157571,2.512103900658449,14.47804537148626,10.438448163435908,11.919902132066825,20.982674451429364,15.128185744110013,17.27522048125627,2.5262210295593337,1.2264881318649945,1.6592698247436557,3.9564096547595917,1.9208491377356531,2.5986448048895348,12.50615633115743,8.837839610259419,10.126511597864292,19.58636123821481,13.841272617125863,15.859510227343018,0.6984924623115578,-0.0015075376884421399,-0.0015075376884421399,0.5025125628140703,-0.0024874371859296973,-0.0024874371859296973,0.4120603015075377,-0.0029396984924623393,-0.0029396984924623393,0.43050847457627117,0.1293240414121426,0.2050293313970153,0.4013605442176871,0.457286432160804,0.1414969584765935,0.21688576438117124,0.4242424242424242,0.43050847457627117,0.1293240414121426,0.2050293313970153,0.4013605442176871,14.0,-3.0,-3.0,23.0,-4.0,-4.0,35.0,-6.0,-6.0,0.0002419748714064929,0.00010851551174167425,9.48891518387456e-05,-0.00035656283511986686,0.00011913993074319507,-2.6287545484393604e-05,0.0576271186440678,0.2266893764666037,17,-0.40618443489074707
568,0,test,2.572122990226155,1.240365721990355,1.6820209031550624,4.292332633371036,2.0699096761877263,2.8069393415708683,13.093592523774124,9.30589898742588,10.658214264540806,21.850453765788664,15.529589393029175,17.786319345921598,2.656618004424782,1.24618468712373,1.7131198571052788,3.994914292368093,1.8739619355244064,2.5761200858726,14.248020779831531,10.15029014282764,11.67906848779492,21.4255951576414,15.263594199740812,17.562509004202887,2.572122990226155,1.240365721990355,1.6820209031550624,4.292332633371036,2.0699096761877263,2.8069393415708683,13.093592523774124,9.30589898742588,10.658214264540806,21.850453765788664,15.529589393029175,17.786319345921598,0.6834170854271358,-0.0015829145728643024,-0.0015829145728643024,0.48743718592964824,-0.002562814070351749,-0.002562814070351749,0.3517587939698492,-0.0032412060301507672,-0.0032412060301507672,0.3869731800766284,0.06766151659670483,0.1538521609683482,0.33461538461538465,0.39698492462311563,0.07367665394642386,0.15658425684348287,0.3535353535353535,0.3869731800766284,0.06766151659670483,0.1538521609683482,0.33461538461538465,25.0,-13.0,-13.0,37.0,-15.0,-15.0,45.0,-16.0,-16.0,4.079493074415421e-06,0.0002747627449085865,0.00018114031263860513,-0.00012094549186336678,-0.00017278787436758591,9.286739145242251e-05,0.06130268199233716,0.20262367082683078,16,-0.8000221252441406
913,0,test,3.3763291597675114,1.6403959758517062,2.2158415072833835,4.920541721211567,2.3906546004660525,3.2292883982114424,29.26315334968211,23.58893292452028,26.07166411532701,42.64707619953672,34.37766968844816,37.995913594430064,3.3763291597675114,1.6403959758517062,2.2158415072833835,4.920541721211567,2.3906546004660525,3.2292883982114424,29.26315334968211,23.58893292452028,26.07166411532701,42.64707619953672,34.37766968844816,37.995913594430064,3.3763291597675114,1.6403959758517062,2.2158415072833835,4.920541721211567,2.3906546004660525,3.2292883982114424,29.26315334968211,23.58893292452028,26.07166411532701,42.64707619953672,34.37766968844816,37.995913594430064,0.6898395721925134,0.034839572192513324,0.034839572192513324,0.53475935828877,0.02475935828876996,0.02475935828876996,0.4331550802139037,0.023155080213903667,0.023155080213903667,0.39572192513368987,0.11572192513368984,0.17192085941432933,0.3870967741935484,0.39572192513368987,0.11572192513368984,0.17192085941432933,0.3870967741935484,0.39572192513368987,0.11572192513368984,0.17192085941432933,0.3870967741935484,21.0,1.0,1.0,31.0,2.0,2.0,39.0,3.0,3.0,-0.00011854049359613482,4.0984402935322165e-05,8.79243276316405e-05,-0.00015114070654220768,-6.696392076488422e-05,-3.078413972446015e-05,0.053475935828877004,0.3404233686398174,10,-0.7589614391326904
101,0,test,2.0280986872782387,0.9358648529782831,1.2976382584498611,4.203161047547654,1.9395459996506448,2.6893082747584085,7.599623353226632,4.618697818856951,5.523587098632716,15.749944050889978,9.57208388545716,11.447434131948963,1.807393260445955,0.8053922997158636,1.1289014556457615,3.6512995160524344,1.6270551509411386,2.280609001304569,6.094539829712249,3.370813380641737,4.1236368465875195,12.312201676186362,6.809724001296438,8.330579488055594,2.0280986872782387,0.9358648529782831,1.2976382584498611,4.203161047547654,1.9395459996506448,2.6893082747584085,7.599623353226632,4.618697818856951,5.523587098632716,15.749944050889978,9.57208388545716,11.447434131948963,0.457286432160804,-0.0027135678391959628,-0.0027135678391959628,0.31658291457286436,-0.003417085427135591,-0.003417085427135591,0.24120603015075381,-0.0037939698492461815,-0.0037939698492461815,0.36140350877192984,0.09520385903462691,0.16070339208581552,0.323943661971831,0.3316582914572864,0.08604425636956714,0.14634944337715283,0.25757575757575757,0.36140350877192984,0.09520385903462691,0.16070339208581552,0.323943661971831,20.0,-7.0,-7.0,29.0,-11.0,-11.0,34.0,-8.0,-8.0,-0.0008742753723680342,0.000133601624839047,0.0002484032277641015,-0.015649964259841553,-0.01736632505152169,-0.018836337546948023,0.04912280701754386,0.4240685274545878,14,-0.6548175811767578
118,0,test,2.6354135886707644,1.273014537306804,1.7202935480933441,3.797262590127768,1.8342359999904487,2.4787025316613773,13.949080451935739,10.043528761146135,11.452005467698262,20.098675059778376,14.471321010683678,16.500739060984593,2.7175676370169817,1.2997690438306537,1.7643371911212828,3.748369154506182,1.7927848880422812,2.4335685394776316,15.143443061018537,11.015420088605445,12.549366900056746,20.887507670370397,15.193682880835098,17.30947158628517,2.6354135886707644,1.273014537306804,1.7202935480933441,3.797262590127768,1.8342359999904487,2.4787025316613773,13.949080451935739,10.043528761146135,11.452005467698262,20.098675059778376,14.471321010683678,16.500739060984593,0.6281407035175879,-0.0018592964824121205,-0.0018592964824121205,0.4773869346733668,-0.0026130653266331905,-0.0026130653266331905,0.3417085427135679,-0.003291457286432098,-0.003291457286432098,0.36704119850187267,0.0842696629213483,0.14981273408239704,0.3421052631578947,0.371859296482412,0.08542713567839189,0.1507537688442211,0.3484848484848485,0.36704119850187267,0.0842696629213483,0.14981273408239704,0.3421052631578947,19.0,0.0,0.0,29.0,0.0,0.0,35.0,0.0,0.0,6.252387598918891e-05,7.072573886282933e-05,-5.338207236386005e-05,-0.00016252502302549487,0.00022759863213561715,7.184004964067014e-05,0.9588014981273408,0.6673493273088417,256,-0.7745809555053711
165,0,test,2.6566326832188767,1.284142976204329,1.7407086231441218,3.9540579471164676,1.9112825692343502,2.5908221367726463,14.248229925129815,10.303069152386453,11.749146436588592,21.20666779554205,15.334800598900767,17.487101673062092,2.6597729569137796,1.2648280114328887,1.7271277436014545,3.8547434158170724,1.8330840745404187,2.50308368637892,14.293043593527832,10.258291158365452,11.751821223494595,20.714555932649034,14.86708863531225,17.031624961586374,2.6566326832188767,1.284142976204329,1.7407086231441218,3.9540579471164676,1.9112825692343502,2.5908221367726463,14.248229925129815,10.303069152386453,11.749146436588592,21.20666779554205,15.334800598900767,17.487101673062092,0.5829145728643217,-0.002085427135678275,-0.002085427135678275,0.4522613065326633,-0.0027386934673366836,-0.0027386934673366836,0.3668341708542714,-0.0031658291457286047,-0.0031658291457286047,0.4,0.11372549019607847,0.18823529411764706,0.42125984251968507,0.3919597989949749,0.11809045226130654,0.187604690117253,0.4191919191919192,0.4,0.11372549019607847,0.18823529411764706,0.42125984251968507,20.0,-7.0,-7.0,31.0,-11.0,-11.0,40.0,-15.0,-15.0,-0.00012964681170014804,8.073421452694612e-05,-9.375511907505574e-05,-7.936596070123869e-05,-0.0001398081572467902,0.00011389473326595123,0.058823529411764705,0.19580715767503865,15,-0.5326426029205322
173,0,test,2.2397653539684366,1.0605018085243192,1.4463074934995028,3.712487778495628,1.7578180661841456,2.3973042015539705,9.391127438105386,6.1391490516107465,7.18009878646924,15.566115342613037,10.175849797875347,11.901259632366823,2.2157636418506907,1.0295932277123492,1.4203170099695384,3.692939403084485,1.7159887128539155,2.3671950166158973,9.168407818930527,5.8938906982857375,6.952977561277077,15.280679698217545,9.823151163809563,11.588295935461794,2.2397653539684366,1.0605018085243192,1.4463074934995028,3.712487778495628,1.7578180661841456,2.3973042015539705,9.391127438105386,6.1391490516107465,7.18009878646924,15.566115342613037,10.175849797875347,11.901259632366823,0.6080402010050252,-0.001959798994974782,-0.001959798994974782,0.3919597989949749,-0.0030402010050251116,-0.0030402010050251116,0.2562814070351759,-0.00371859296482413,-0.00371859296482413,0.3775933609958506,0.08773828853208254,0.14862784375447136,0.37083333333333335,0.37688442211055273,0.09367640206042738,0.14816989790354107,0.36363636363636365,0.3775933609958506,0.08773828853208254,0.14862784375447136,0.37083333333333335,20.0,-5.0,-5.0,27.0,-2.0,-2.0,35.0,-5.0,-5.0,0.00012628043884792056,2.632164517071405e-05,-7.044878385511375e-05,-0.004657876096215929,-0.005307348652395127,-0.005668579359142889,0.04149377593360996,0.3365677896247453,10,-0.40741944313049316
714,0,test,3.076158255002767,1.5031277936958496,2.0257237061174003,5.050975900189728,2.468098722982074,3.3261883075754843,21.67497252340371,16.853735874551674,18.816079346384303,35.58976969892214,27.673418164387314,30.89553769221126,3.0733352372329654,1.4781268201646698,2.007710375097171,4.802086308176508,2.3095731565072963,3.1370474610893293,21.61386997817503,16.68451365111408,18.711217803234053,33.77167184089848,26.06955257986575,29.236277817553205,3.076158255002767,1.5031277936958496,2.0257237061174003,5.050975900189728,2.468098722982074,3.3261883075754843,21.67497252340371,16.853735874551674,18.816079346384303,35.58976969892214,27.673418164387314,30.89553769221126,0.6482412060301508,-0.0017587939698492372,-0.0017587939698492372,0.5326633165829145,-0.0023366834170853723,-0.0023366834170853723,0.4321608040201005,-0.002839195979899567,-0.002839195979899567,0.42641509433962266,0.12698006609103507,0.19680405293435288,0.35984848484848486,0.4321608040201005,0.13391518998501273,0.21513242338570981,0.3434343434343434,0.42641509433962266,0.12698006609103507,0.19680405293435288,0.35984848484848486,16.0,0.0,0.0,25.0,0.0,0.0,31.0,0.0,0.0,0.00027546455382712864,0.00017442830273143824,0.00016022081005622957,-0.0001486651793047855,0.00023534568223659846,7.884916357880911e-05,0.052830188679245285,-0.2372266843254778,14,-0.6947550773620605
802,0,test,3.4131277832869356,1.6590958416502224,2.2419562438141334,6.322303813336874,3.0732245120500763,4.15288539122618,30.360055581909492,24.58220384584078,27.134286039860083,56.23741839333571,45.534820546658096,50.26216742953949,3.675511431909253,1.7832234650759835,2.4132122693419285,6.2296803930665305,3.0224126526711586,4.090190287020217,39.46883731912068,32.83430640334736,35.93530098954147,66.8963344391876,55.65136678533452,60.907289812782146,3.4131277832869356,1.6590958416502224,2.2419562438141334,6.322303813336874,3.0732245120500763,4.15288539122618,30.360055581909492,24.58220384584078,27.134286039860083,56.23741839333571,45.534820546658096,50.26216742953949,0.7688442211055276,-0.0011557788944723812,-0.0011557788944723812,0.5979899497487438,-0.0020100502512562235,-0.0020100502512562235,0.48743718592964824,-0.002562814070351749,-0.002562814070351749,0.41454545454545455,0.11146015508991913,0.17754424535561175,0.3722627737226277,0.42211055276381915,0.10632107907960864,0.1716931904933684,0.3939393939393939,0.41454545454545455,0.11146015508991913,0.17754424535561175,0.3722627737226277,22.0,0.0,0.0,33.0,0.0,0.0,43.0,0.0,0.0,0.0005325313839429085,0.0005718715259490908,9.913713167406433e-05,-0.0002179643979092205,0.00019661043173790915,4.380359388900246e-05,0.03636363636363636,-0.4164695916678787,10,-0.582669734954834
685,0,test,2.8246034264854725,1.3599473702574572,1.8457064255663869,4.815438371658969,2.318464492667834,3.1465958941884793,16.854259707567458,12.528204642873146,14.192740738221753,28.733466850852956,21.358324782729518,24.196058005522627,2.6820465139632264,1.2496167866851946,1.7240326054218942,4.789368774934332,2.231458547652133,3.078629652539097,14.614972456597204,10.426107820633352,12.008457903645226,26.098165101066435,18.618049679702413,21.4436748279379,2.8246034264854725,1.3599473702574572,1.8457064255663869,4.815438371658969,2.318464492667834,3.1465958941884793,16.854259707567458,12.528204642873146,14.192740738221753,28.733466850852956,21.358324782729518,24.196058005522627,0.6130653266331658,-0.001934673366834172,-0.001934673366834172,0.48743718592964824,-0.002562814070351749,-0.002562814070351749,0.3467336683417085,-0.003266331658291488,-0.003266331658291488,0.3829787234042553,0.09271323667859155,0.16835608189482132,0.37010676156583633,0.37688442211055273,0.08866387073210658,0.16653383780337405,0.3484848484848485,0.3829787234042553,0.09271323667859155,0.16835608189482132,0.37010676156583633,21.0,-11.0,-11.0,30.0,-15.0,-15.0,38.0,-17.0,-17.0,-0.0004166293538590636,0.0003874150810046712,-1.925266277886748e-06,-0.00026647385093347964,0.00016949575638847136,1.9271695109068787e-05,0.9609929078014184,0.24082362801104534,271,-0.45788049697875977
690,0,test,2.814952766564015,1.3384123363104505,1.828913910969459,5.090872024637048,2.4205329486465597,3.3076102645192345,16.69238732290263,12.314613085494056,14.01179213314844,30.188360052057945,22.271108771638183,25.34047513441739,2.906198217534699,1.382388125031995,1.8884605632576352,4.967860200914016,2.3630566239863167,3.228137714970317,18.28714250460321,13.697463479285098,15.520214574406838,31.260072657441388,23.414467485957438,26.530281323772375,2.814952766564015,1.3384123363104505,1.828913910969459,5.090872024637048,2.4205329486465597,3.3076102645192345,16.69238732290263,12.314613085494056,14.01179213314844,30.188360052057945,22.271108771638183,25.34047513441739,0.6733668341708543,-0.001633165829145744,-0.001633165829145744,0.4824120603015075,-0.0025879396984924696,-0.0025879396984924696,0.3668341708542714,-0.0031658291457286047,-0.0031658291457286047,0.3976377952755905,0.11669476973531545,0.16858020365255388,0.383399209486166,0.37688442211055273,0.08615760506794623,0.14650044882173807,0.3787878787878788,0.3976377952755905,0.11669476973531545,0.16858020365255388,0.383399209486166,19.0,0.0,0.0,28.0,0.0,0.0,35.0,0.0,0.0,0.0005387962576402453,-7.876223534704784e-05,0.0001258762830123005,-7.243603883999583e-05,-0.00013431153772813786,0.00011739929023413254,0.047244094488188976,0.37487381458978897,12,-0.15062332153320312
744,0,test,2.4040900811754304,1.1541839263380909,1.5671669988191734,4.304620753456008,2.0666131113486093,2.80607604518298,11.068354394741009,7.578338973712656,8.759103734605606,19.818337260853834,13.569323162390905,15.683530335611389,2.375943758584771,1.1309249523026041,1.54189316842427,4.168322383482055,1.9840788636887798,2.7050757340776674,10.761164336429893,7.288164223487133,8.458537462851655,18.879235677947182,12.786253023661638,14.83953940851168,2.4040900811754304,1.1541839263380909,1.5671669988191734,4.304620753456008,2.0666131113486093,2.80607604518298,11.068354394741009,7.578338973712656,8.759103734605606,19.818337260853834,13.569323162390905,15.683530335611389,0.6281407035175879,-0.0018592964824121205,-0.0018592964824121205,0.46733668341708545,-0.002663316582914521,-0.002663316582914521,0.31658291457286436,-0.003417085427135591,-0.003417085427135591,0.3939393939393939,0.08959156785243738,0.17101747958171132,0.34980988593155893,0.42211055276381915,0.11133361040792944,0.19506547763861048,0.3484848484848485,0.3939393939393939,0.08959156785243738,0.17101747958171132,0.34980988593155893,16.0,-3.0,-3.0,28.0,-6.0,-6.0,36.0,-6.0,-6.0,-7.92255232796654e-05,0.00011255940420376085,0.00012181758694164518,-0.000141735257445319,-0.00018927773293242467,8.23537205478786e-05,0.041666666666666664,0.36306113999301326,11,-0.10701346397399902
310,0,test,2.6202522884659567,1.2522197034561708,1.7046668261308855,3.6242741933921643,1.7320422066496568,2.357856918386646,13.739189386882536,9.811573548030696,11.240951939119986,19.003738591202012,13.571148458958344,15.548232588689325,2.6202522884659567,1.2522197034561708,1.7046668261308855,3.6242741933921643,1.7320422066496568,2.357856918386646,13.739189386882536,9.811573548030696,11.240951939119986,19.003738591202012,13.571148458958344,15.548232588689325,2.6202522884659567,1.2522197034561708,1.7046668261308855,3.6242741933921643,1.7320422066496568,2.357856918386646,13.739189386882536,9.811573548030696,11.240951939119986,19.003738591202012,13.571148458958344,15.548232588689325,0.5782312925170068,0.14323129251700673,0.14323129251700673,0.47619047619047616,0.11619047619047618,0.11619047619047618,0.37414965986394555,0.09414965986394552,0.09414965986394552,0.4285714285714286,0.15399515738498792,0.22766849403418254,0.3356164383561644,0.4285714285714286,0.15399515738498792,0.22766849403418254,0.3356164383561644,0.4285714285714286,0.15399515738498792,0.22766849403418254,0.3356164383561644,17.0,1.0,1.0,23.0,3.0,3.0,31.0,3.0,3.0,0.00010036349390610382,7.807323265001649e-05,0.0002501717335163736,-0.00018100337882831496,-1.837141236826767e-05,4.1392098335535366e-05,0.10884353741496598,0.3117500881881252,16,-1.0551679134368896
2,0,test,2.8220607850115402,1.3809000930746962,1.8588742099215967,4.357378828670668,2.132166983089427,2.8701788318996666,16.81145980328696,12.58586221451457,14.191427688919767,25.957590784349815,19.433092952981042,21.91215259739943,2.8109915446581897,1.3341007501737945,1.8006345578932534,4.324602376397214,2.0524626925750677,2.7702070121434663,16.626395862279182,12.247087540638738,13.87981452906821,25.579070557352587,18.84167313944421,21.35356081395109,2.8220607850115402,1.3809000930746962,1.8588742099215967,4.357378828670668,2.132166983089427,2.8701788318996666,16.81145980328696,12.58586221451457,14.191427688919767,25.957590784349815,19.433092952981042,21.91215259739943,0.6030150753768844,-0.0019849246231156137,-0.0019849246231156137,0.4824120603015075,-0.0025879396984924696,-0.0025879396984924696,0.38190954773869346,-0.0030904522613065533,-0.0030904522613065533,0.3939393939393939,0.11494779730073845,0.18005361566391798,0.3716216216216216,0.40201005025125625,0.1238145615294517,0.19666781318948667,0.36363636363636365,0.3939393939393939,0.11494779730073845,0.18005361566391798,0.3716216216216216,22.0,-11.0,-11.0,32.0,-14.0,-14.0,41.0,-18.0,-18.0,0.00016670388759746087,0.0005046855989207996,5.65403913256759e-05,-0.012541394257684857,-0.014533755959972083,-0.0136579762364617,0.04040404040404041,0.6619282188640587,12,-0.48742198944091797
523,0,test,2.9421764355018802,1.4280815966192355,1.9299687681700775,4.193446873588886,2.035426643457301,2.7507600833688457,18.957060265203562,14.411755234322369,16.205391180844945,27.019258309025766,20.540892517884757,23.097339154307736,2.9421764355018802,1.4280815966192355,1.9299687681700775,4.193446873588886,2.035426643457301,2.7507600833688457,18.957060265203562,14.411755234322369,16.205391180844945,27.019258309025766,20.540892517884757,23.097339154307736,2.9421764355018802,1.4280815966192355,1.9299687681700775,4.193446873588886,2.035426643457301,2.7507600833688457,18.957060265203562,14.411755234322369,16.205391180844945,27.019258309025766,20.540892517884757,23.097339154307736,0.6260162601626016,0.22601626016260157,0.22601626016260157,0.4796747967479674,0.17467479674796738,0.17467479674796738,0.38211382113821135,0.14211382113821136,0.14211382113821136,0.38211382113821135,0.1027615944175636,0.16917581574737572,0.28688524590163933,0.38211382113821135,0.1027615944175636,0.16917581574737572,0.28688524590163933,0.38211382113821135,0.1027615944175636,0.16917581574737572,0.28688524590163933,17.0,2.0,2.0,23.0,3.0,3.0,27.0,4.0,4.0,0.0006153710145624059,0.00011131999934856547,0.000112204778459742,-0.010301959508701053,-0.010495104617590734,-0.011219888798770228,0.08943089430894309,0.45169808327959926,11,-0.6467571258544922
474,0,test,2.9065700683810864,1.3973710604490466,1.8991490927217096,4.825286257312391,2.3198186232291356,3.1528357487013996,18.293943858487786,13.770837487872472,15.555414692163495,30.370338170299984,22.861390339343842,25.82402177653286,2.9241949159467135,1.3895050499030623,1.8985096891640298,4.56905455616674,2.171101640473535,2.9664213893187963,18.61922996902367,13.979343648533618,15.830224061532396,29.092546826599484,21.842724450833778,24.734725096144366,2.9065700683810864,1.3973710604490466,1.8991490927217096,4.825286257312391,2.3198186232291356,3.1528357487013996,18.293943858487786,13.770837487872472,15.555414692163495,30.370338170299984,22.861390339343842,25.82402177653286,0.7085427135678393,-0.0014572864321606982,-0.0014572864321606982,0.542713567839196,-0.0022864321608039306,-0.0022864321608039306,0.40201005025125625,-0.002989949748743781,-0.002989949748743781,0.41501976284584985,0.09549313562691497,0.1732326406382283,0.4087301587301587,0.4120603015075377,0.09627082782332719,0.16999018464610194,0.40909090909090906,0.41501976284584985,0.09549313562691497,0.1732326406382283,0.4087301587301587,22.0,-8.0,-8.0,35.0,-14.0,-14.0,45.0,-18.0,-18.0,4.104856069861728e-05,-7.745927585625089e-05,-4.013588893689828e-05,-0.007078799679823611,-0.007121472476450563,-0.005463363467486992,0.05928853754940711,0.37815354865850603,15,-0.20469069480895996
97,0,test,2.497852016189086,1.2123214943801544,1.6385516860612004,4.180801956174641,2.029133848749762,2.7425404107123637,12.156354244792983,8.539768118621943,9.79484640513402,20.34680568632017,14.29351259570765,16.394211004337794,2.5059767790169727,1.1713869798936782,1.6158033149407611,4.247418269520293,1.9854016608367426,2.738649686340273,12.255524059967026,8.457086555557463,9.819971964523353,20.772074677910215,14.33404500941943,16.64402027885314,2.497852016189086,1.2123214943801544,1.6385516860612004,4.180801956174641,2.029133848749762,2.7425404107123637,12.156354244792983,8.539768118621943,9.79484640513402,20.34680568632017,14.29351259570765,16.394211004337794,0.6180904522613065,-0.0019095477386934512,-0.0019095477386934512,0.42713567839195976,-0.002864321608040288,-0.002864321608040288,0.3065326633165829,-0.0034673366834171437,-0.0034673366834171437,0.3872340425531915,0.08362470072728911,0.15809684311896233,0.31196581196581197,0.37688442211055273,0.07613254241130463,0.14983934698534407,0.28787878787878785,0.3872340425531915,0.08362470072728911,0.15809684311896233,0.31196581196581197,15.0,-1.0,-1.0,26.0,-1.0,-1.0,30.0,0.0,0.0,0.0003836589952246689,7.229395281659431e-05,-8.737193815664701e-05,5.923247650940766e-05,-2.987576684176929e-05,-5.7128588733412755e-05,0.04680851063829787,0.4577467726765402,11,-0.3458988666534424
112,0,test,2.978513151132397,1.4538947427967492,1.9577149944407022,4.867326368923673,2.3758767748142002,3.1991927957933433,19.658565588217527,15.065175152881462,16.883156496722385,32.124973034404256,24.61870085958678,27.589548421473168,2.978513151132397,1.4538947427967492,1.9577149944407022,4.867326368923673,2.3758767748142002,3.1991927957933433,19.658565588217527,15.065175152881462,16.883156496722385,32.124973034404256,24.61870085958678,27.589548421473168,2.978513151132397,1.4538947427967492,1.9577149944407022,4.867326368923673,2.3758767748142002,3.1991927957933433,19.658565588217527,15.065175152881462,16.883156496722385,32.124973034404256,24.61870085958678,27.589548421473168,0.7518796992481203,0.23687969924812025,0.23687969924812025,0.5338345864661654,0.16883458646616545,0.16883458646616545,0.39097744360902253,0.12097744360902252,0.12097744360902252,0.39097744360902253,0.057644110275689164,0.13162582266139167,0.3484848484848485,0.39097744360902253,0.057644110275689164,0.13162582266139167,0.3484848484848485,0.39097744360902253,0.057644110275689164,0.13162582266139167,0.3484848484848485,20.0,3.0,3.0,29.0,4.0,4.0,35.0,4.0,4.0,5.6591964433109635e-05,0.0002343052830279222,1.7281672133255485e-05,-3.0255223943953524e-06,0.00010355251456584114,-2.0729584875311957e-06,0.07518796992481203,0.35665267143998924,10,-0.19358420372009277
353,0,test,2.88962418923929,1.3773709936319594,1.8809236853971796,4.387947842918922,2.0915633607003827,2.856217448195717,17.986548792653203,13.449606888904228,15.2445133583754,27.312907425880788,20.42347712759531,23.149075840495975,2.9379921839452563,1.385375355512078,1.8977677006800935,4.197131691350366,1.9791076507315397,2.711096715257276,18.87790487480005,14.154089437411358,16.048052677283927,26.968435535428643,20.22012776773051,22.92578953897704,2.88962418923929,1.3773709936319594,1.8809236853971796,4.387947842918922,2.0915633607003827,2.856217448195717,17.986548792653203,13.449606888904228,15.2445133583754,27.312907425880788,20.42347712759531,23.149075840495975,0.7236180904522613,-0.0013819095477386467,-0.0013819095477386467,0.5125628140703518,-0.0024371859296482556,-0.0024371859296482556,0.40703517587939697,-0.00296482412060306,-0.00296482412060306,0.4122448979591836,0.11285589592252376,0.17072522360368836,0.40573770491803274,0.4120603015075377,0.10629589047996879,0.16665128648249594,0.41414141414141414,0.4122448979591836,0.11285589592252376,0.17072522360368836,0.40573770491803274,20.0,-4.0,-4.0,30.0,-4.0,-4.0,40.0,-7.0,-7.0,6.741821842946112e-05,7.13665519486613e-05,8.624427622150286e-06,-1.0066742095027337e-05,-8.484196204427974e-05,-0.00010243434826673337,0.9551020408163265,0.3514357240778789,234,-0.20499491691589355
566,0,test,3.210705342520373,1.5570623526713165,2.106931459752161,4.720501307157929,2.2892523875584234,3.097690896183236,24.796570133065053,19.570586737343852,21.781045318837716,36.45686204087541,28.77342216740436,32.023322581862594,3.2351008218346893,1.5541961074804016,2.106404539723544,4.52461653403453,2.1737008496229393,2.9460203352776837,25.40893342499665,20.038520961831093,22.317310157958573,35.53696982517014,28.025903443120406,31.213021199942055,3.210705342520373,1.5570623526713165,2.106931459752161,4.720501307157929,2.2892523875584234,3.097690896183236,24.796570133065053,19.570586737343852,21.781045318837716,36.45686204087541,28.77342216740436,32.023322581862594,0.7035175879396984,-0.001482412060301641,-0.001482412060301641,0.5527638190954773,-0.0022361809045226,-0.0022361809045226,0.4371859296482412,-0.002814070351758735,-0.002814070351758735,0.4024390243902439,0.09817938950180582,0.1727092946605142,0.37142857142857144,0.3919597989949749,0.08870165363156635,0.16324527478796325,0.36363636363636365,0.4024390243902439,0.09817938950180582,0.1727092946605142,0.37142857142857144,24.0,-6.0,-6.0,35.0,-4.0,-4.0,43.0,-6.0,-6.0,6.40917033767587e-05,3.8652115784337056e-05,0.0002373770069808303,-1.699666395538202e-05,-9.033858156382024e-05,-0.00010696492421935488,0.04065040650406504,0.33848867955321804,10,-0.4012448787689209
421,0,test,2.0461339702623036,0.9664168100676997,1.3237519541254659,4.24572798829428,2.005314880890477,2.7467853048103414,7.737928145141678,4.794081348893675,5.678595408379502,16.05620090116898,9.947718798954375,11.783085472387468,1.8972170881192663,0.8687812363854879,1.2065619894106105,4.036632102381418,1.8484707157138045,2.5671531689587463,6.667314052987043,3.8706260758551623,4.672292011373458,14.185774580823498,8.23537462947907,9.941046832709487,2.0461339702623036,0.9664168100676997,1.3237519541254659,4.24572798829428,2.005314880890477,2.7467853048103414,7.737928145141678,4.794081348893675,5.678595408379502,16.05620090116898,9.947718798954375,11.783085472387468,0.44723618090452266,-0.0027638190954772934,-0.0027638190954772934,0.321608040201005,-0.0033919597989949812,-0.0033919597989949812,0.24120603015075381,-0.0037939698492461815,-0.0037939698492461815,0.3629032258064516,0.11743038878431877,0.1752356654847358,0.33603238866396756,0.3266331658291457,0.09605672472638882,0.1463326649944212,0.2777777777777778,0.3629032258064516,0.11743038878431877,0.1752356654847358,0.33603238866396756,16.0,-6.0,-6.0,27.0,-13.0,-13.0,32.0,-16.0,-16.0,-1.1470895536158632e-05,-0.00042371128069172085,-0.00029609433247199525,-0.02185277997876156,-0.017251746326372164,-0.018533689332547176,0.04032258064516129,-0.43753246258704104,10,-0.24884915351867676
615,0,test,2.3266605048457274,1.1195098055614734,1.520752357415977,4.125183349082302,1.9848977534188093,2.6963032594675918,10.243675644327691,6.899732478262061,8.004946972714587,18.162099762028852,12.233268013605741,14.19282009272709,2.5277905179831595,1.1846554833998024,1.6315942790197497,3.6634645188161734,1.71689200492725,2.3646293898836954,12.525800009976644,8.69476488389439,10.07553487033434,18.153333347792238,12.601108527383172,14.602224449759914,2.3266605048457274,1.1195098055614734,1.520752357415977,4.125183349082302,1.9848977534188093,2.6963032594675918,10.243675644327691,6.899732478262061,8.004946972714587,18.162099762028852,12.233268013605741,14.19282009272709,0.592964824120603,-0.0020351758793969443,-0.0020351758793969443,0.4321608040201005,-0.002839195979899567,-0.002839195979899567,0.31155778894472363,-0.003442211055276312,-0.003442211055276312,0.35416666666666663,0.08380271519352966,0.1463144726712856,0.3031358885017421,0.3467336683417085,0.06352564829158314,0.1363830840345298,0.28787878787878785,0.35416666666666663,0.08380271519352966,0.1463144726712856,0.3031358885017421,16.0,0.0,0.0,27.0,0.0,0.0,34.0,0.0,0.0,0.0006236774899106281,0.00047927724054253295,0.00018978676945411818,-0.009659111465222026,-0.007593527305258085,-0.009004011250205224,0.034722222222222224,0.8964922503249686,10,-0.40062689781188965
927,0,test,2.6788605528853973,1.279960436057249,1.7403782229396247,4.414223049408642,2.109117196522008,2.867793046604916,14.568483818016462,10.517741645397988,12.01238466008482,24.005929310190652,17.3311214534231,19.793992332969957,2.748548402247252,1.3130998246843912,1.7867857490171413,4.1644672761322,1.9895451889157445,2.707251134874457,15.619941547503192,11.418412249599033,13.003637499269772,23.666578102277562,17.300624620604594,19.702481059499654,2.6788605528853973,1.279960436057249,1.7403782229396247,4.414223049408642,2.109117196522008,2.867793046604916,14.568483818016462,10.517741645397988,12.01238466008482,24.005929310190652,17.3311214534231,19.793992332969957,0.6432160804020101,-0.001783919597989958,-0.001783919597989958,0.48743718592964824,-0.002562814070351749,-0.002562814070351749,0.35678391959798994,-0.0032160804020100464,-0.0032160804020100464,0.3908045977011494,0.10017362255774598,0.15895746394318766,0.35,0.40703517587939697,0.11881462450095082,0.1799901007541883,0.3535353535353535,0.3908045977011494,0.10017362255774598,0.15895746394318766,0.35,23.0,-10.0,-10.0,35.0,-15.0,-15.0,41.0,-13.0,-13.0,0.0002840080198902123,0.0002384484568310444,0.00012988474405065364,-0.00012094549186336678,-0.00017278787436758591,9.286739145242251e-05,0.9578544061302682,0.2761309383437986,250,-0.47501564025878906
705,0,test,2.460783641596478,1.160383015922546,1.5922818119114377,4.142064390513326,1.9531912876708688,2.680176217565215,11.713987512049643,8.043220535477985,9.330649980120038,19.71733301717673,13.538588603195866,15.705628227407022,2.3887932092367743,1.135722646479302,1.551083574285463,3.852892272962539,1.8318107201279061,2.501747700460424,10.900331583061625,7.3992548375523794,8.589263861313277,17.58117997268004,11.934281996052224,13.853651389214964,2.460783641596478,1.160383015922546,1.5922818119114377,4.142064390513326,1.9531912876708688,2.680176217565215,11.713987512049643,8.043220535477985,9.330649980120038,19.71733301717673,13.538588603195866,15.705628227407022,0.5879396984924623,-0.002060301507537776,-0.002060301507537776,0.42713567839195976,-0.002864321608040288,-0.002864321608040288,0.31658291457286436,-0.003417085427135591,-0.003417085427135591,0.39629629629629626,0.10424454028890251,0.17585294654260164,0.36802973977695164,0.37688442211055273,0.09868893338874818,0.16319493963976806,0.3232323232323232,0.39629629629629626,0.10424454028890251,0.17585294654260164,0.36802973977695164,20.0,-3.0,-3.0,29.0,-3.0,-3.0,39.0,-5.0,-5.0,0.0002611628335473408,0.00010912408508304107,9.996746366428753e-05,-0.031131442937120113,-0.02645433842443623,-0.025622572799870014,0.04814814814814815,0.5067367264599948,13,-0.40055418014526367
571,0,test,2.481578614637109,1.1981249397444336,1.6199485572527985,3.9233896533089485,1.894242223171367,2.5611477190086136,11.960129959436971,8.351047134708217,9.593114036923636,18.90903228223834,13.2030521738683,15.166766885192116,2.6299983399117104,1.256848762837755,1.7100182380150097,3.896293836906237,1.861998167167044,2.533360352614829,13.873746870466075,9.925981945142563,11.36450641015241,20.553699067357147,14.705158437248244,16.836305792818386,2.481578614637109,1.1981249397444336,1.6199485572527985,3.9233896533089485,1.894242223171367,2.5611477190086136,11.960129959436971,8.351047134708217,9.593114036923636,18.90903228223834,13.2030521738683,15.166766885192116,0.6231155778894473,-0.0018844221105527303,-0.0018844221105527303,0.4974874371859297,-0.002512562814070307,-0.002512562814070307,0.371859296482412,-0.003140703517587995,-0.003140703517587995,0.4113475177304965,0.13347141153580622,0.20615883848521344,0.3629893238434164,0.42211055276381915,0.13138373572121265,0.20675162121123147,0.3787878787878788,0.4113475177304965,0.13347141153580622,0.20615883848521344,0.3629893238434164,18.0,-5.0,-5.0,30.0,-13.0,-13.0,39.0,-12.0,-12.0,0.00031997425293733785,0.00022301355246246219,7.298042374379847e-05,-0.0049420028924966886,-0.004073957376339088,-0.0041689287906567785,0.9609929078014184,-0.8281618062216559,271,-0.52174973487854
665,0,test,2.8307491214067135,1.3397219228998196,1.8325734740501671,4.593291027188252,2.173888403195934,2.9736097880814034,16.958159787930093,12.516504149361321,14.244832543282232,27.51701399550921,20.309799185756106,23.11425657966551,2.876353769349613,1.3658145751541955,1.8650894361526615,4.459463208293974,2.117541976983249,2.8916115289188555,17.749436507294867,13.220264267864735,15.000361942369569,27.51850621286026,20.4965337486275,23.256375104448942,2.8307491214067135,1.3397219228998196,1.8325734740501671,4.593291027188252,2.173888403195934,2.9736097880814034,16.958159787930093,12.516504149361321,14.244832543282232,27.51701399550921,20.309799185756106,23.11425657966551,0.6130653266331658,-0.001934673366834172,-0.001934673366834172,0.457286432160804,-0.0027135678391959628,-0.0027135678391959628,0.35678391959798994,-0.0032160804020100464,-0.0032160804020100464,0.3735408560311284,0.08810396282724486,0.1536184756947765,0.3359375,0.36180904522613067,0.09614488482512817,0.149789011837149,0.3232323232323232,0.3735408560311284,0.08810396282724486,0.1536184756947765,0.3359375,22.0,-4.0,-4.0,34.0,-9.0,-9.0,42.0,-7.0,-7.0,-4.396773761004111e-05,9.367292489256102e-05,0.00040531953254790054,-0.004768754845984269,-0.005395294564718434,-0.005477381695361494,0.953307392996109,-0.4176384471488148,245,-0.34291958808898926
695,0,test,2.6760437356383115,1.287466621740328,1.746215861939566,4.722430121714668,2.271999920718226,3.0815574034227637,14.527504803826478,10.518363362858864,11.993431844355477,25.636773183223198,18.561817699162702,21.164879725333197,2.7266899791690076,1.3019930780600988,1.7729816574250972,4.469983572408209,2.1344148820657356,2.9065273072542572,15.282218747252157,11.125620955627907,12.68690264369891,25.05281761844616,18.238722878078537,20.798201055244114,2.6760437356383115,1.287466621740328,1.746215861939566,4.722430121714668,2.271999920718226,3.0815574034227637,14.527504803826478,10.518363362858864,11.993431844355477,25.636773183223198,18.561817699162702,21.164879725333197,0.6331658291457287,-0.0018341708542712887,-0.0018341708542712887,0.5125628140703518,-0.0024371859296482556,-0.0024371859296482556,0.37688442211055273,-0.003115577889447274,-0.003115577889447274,0.37656903765690375,0.08011809819970128,0.14986528244132657,0.3571428571428571,0.39698492462311563,0.10124557625218833,0.17327874766151297,0.36868686868686873,0.37656903765690375,0.08011809819970128,0.14986528244132657,0.3571428571428571,26.0,-14.0,-14.0,35.0,-10.0,-10.0,41.0,-9.0,-9.0,0.0001435522390344101,0.00011556942616902862,0.00011146775205782924,3.151278906887711e-05,-5.1862244922595835e-05,-7.525089254567519e-05,0.9456066945606695,0.20095161705409714,226,-0.2075793743133545
832,0,test,2.3970781045843514,1.1566656106090882,1.5684301627420782,4.031449539528227,1.9453012542061932,2.6378143646116765,10.991014821346985,7.533975642820303,8.70079468617466,18.484888563174472,12.670777217470507,14.633154699475565,2.4306476525789775,1.1569374170936104,1.569891463322131,3.5226777573608374,1.676720894338566,2.2752050193074362,11.366241072052732,7.792152368746165,9.00129270579395,16.47281314790251,11.29297444745821,13.045351747527466,2.3970781045843514,1.1566656106090882,1.5684301627420782,4.031449539528227,1.9453012542061932,2.6378143646116765,10.991014821346985,7.533975642820303,8.70079468617466,18.484888563174472,12.670777217470507,14.633154699475565,0.6080402010050252,-0.001959798994974782,-0.001959798994974782,0.4522613065326633,-0.0027386934673366836,-0.0027386934673366836,0.3417085427135679,-0.003291457286432098,-0.003291457286432098,0.39322033898305087,0.10557228483753478,0.17788775724686146,0.36734693877551017,0.3919597989949749,0.10373924761652875,0.16825362203337224,0.3535353535353535,0.39322033898305087,0.10557228483753478,0.17788775724686146,0.36734693877551017,15.0,0.0,0.0,28.0,0.0,0.0,36.0,0.0,0.0,0.0003200696420819702,0.00028171078587384003,3.0952638373394244e-05,-0.00035656283511986686,0.00011913993074319507,-2.6287545484393604e-05,0.03389830508474576,0.35194357187348435,10,-0.3997945785522461
484,0,test,2.3162696306936597,1.0919394964364653,1.4988104923568377,4.492159283769522,2.117700841573751,2.9067839851768973,10.137785995602579,6.735899483465057,7.873047861118631,19.661160718744394,13.063562634598897,15.26894130641189,2.464042223122936,1.1340120966060787,1.57591346986765,4.212037988244336,1.9384822164206477,2.6938691792609406,11.752220754595331,7.971063455643328,9.321643571014802,20.08926624717151,13.625749496826204,15.934433454726157,2.3773533624506396,1.1277971829737188,1.5436945599682979,4.429850985932869,2.101485434112519,2.8764494906241573,10.776344011430574,7.287549796098645,8.474619101988049,20.08014412067809,13.579285334345302,15.791215717990152,0.542713567839196,-0.0022864321608039306,-0.0022864321608039306,0.4170854271356784,-0.0029145728643216184,-0.0029145728643216184,0.29648241206030146,-0.0035175879396985854,-0.0035175879396985854,0.3385579937304075,0.08034203128909301,0.14460596036231577,0.27987421383647804,0.35678391959798994,0.10114482185362905,0.16145837702703836,0.28787878787878785,0.34448160535117056,0.08070865042629582,0.14982087120211607,0.28523489932885904,20.0,0.0,0.0,29.0,0.0,0.0,34.0,0.0,0.0,0.0008515184757948341,0.0002904945650309617,0.00026978623370029316,-0.039808996926793405,-0.03551480590534162,-0.04218974015792387,0.07836990595611286,0.26675309332495456,25,-0.2702000141143799
998,0,test,2.5553893715490563,1.211354345004579,1.6559723771488402,5.076246454293396,2.4063390366982857,3.2895667492010747,12.87631235124499,9.04182777233942,10.418142784552263,25.57862048152721,17.96146868289047,20.69549985579976,2.490963991811148,1.1780716616656413,1.6059069505892223,4.83682328507019,2.287517789642022,3.118265923474218,12.072908697810657,8.355999990556958,9.649786092392802,23.442541160797393,16.2252427001106,18.737448723092818,2.5573785829818396,1.2133435564373622,1.6579615885816235,5.080197995923384,2.4102905783282735,3.2935182908310625,12.901951551426796,9.067466972521226,10.443781984734066,25.62955240621269,18.012400607575948,20.74643178048524,0.5577889447236181,-0.00221105527638199,-0.00221105527638199,0.4170854271356784,-0.0029145728643216184,-0.0029145728643216184,0.321608040201005,-0.0033919597989949812,-0.0033919597989949812,0.3754266211604096,0.09944706409056292,0.16884319323759456,0.34931506849315064,0.3417085427135679,0.06852558532008413,0.1430441019790103,0.303030303030303,0.3754266211604096,0.09944706409056292,0.16884319323759456,0.34931506849315064,19.0,0.0,0.0,29.0,0.0,0.0,37.0,0.0,0.0,0.00020849200419088476,0.0005579502105025155,5.580153565272967e-05,-0.03755536895732803,-0.03918428653993544,-0.036598907928847346,0.03754266211604096,0.3532450517082573,11,-0.2709920406341553
710,0,test,2.928370507731828,1.407181153325013,1.9141880984436273,4.663010362630299,2.2407343205812307,3.0480702204516357,18.697138817302196,14.119472390840436,15.94003052780684,29.772514040290122,22.48323629114719,25.382214216252933,3.13914742502887,1.486050179967971,2.037116649385591,4.516758884933626,2.138201697795642,2.9311030926411386,23.084177474632806,17.86104535400779,20.073904464636108,33.21464384839253,25.699345833104733,28.88331577645483,2.928370507731828,1.407181153325013,1.9141880984436273,4.663010362630299,2.2407343205812307,3.0480702204516357,18.697138817302196,14.119472390840436,15.94003052780684,29.772514040290122,22.48323629114719,25.382214216252933,0.6783919597989949,-0.0016080402010050232,-0.0016080402010050232,0.5175879396984925,-0.002412060301507535,-0.002412060301507535,0.3919597989949749,-0.0030402010050251116,-0.0030402010050251116,0.38152610441767065,0.10697700622127782,0.16390260642034093,0.30241935483870963,0.371859296482412,0.08865127643228665,0.15316146676621833,0.31818181818181823,0.38152610441767065,0.10697700622127782,0.16390260642034093,0.30241935483870963,20.0,-9.0,-9.0,31.0,-17.0,-17.0,40.0,-18.0,-18.0,0.0006488059835583881,0.0003468907011739682,0.0004582124893269288,-3.7786429536446065e-05,-0.00010682844012599446,0.00013492207507859177,0.040160642570281124,-0.33751949889836863,10,-0.3383364677429199
948,0,test,2.249904009709894,1.080748178168804,1.4680146097665676,3.5886898667273517,1.723838003194869,2.3415439643384093,9.48682514955239,6.26755126787833,7.301227314281039,15.131878131104225,9.99700326198775,11.645759269886286,2.249904009709894,1.080748178168804,1.4680146097665676,3.5886898667273517,1.723838003194869,2.3415439643384093,9.48682514955239,6.26755126787833,7.301227314281039,15.131878131104225,9.99700326198775,11.645759269886286,2.249904009709894,1.080748178168804,1.4680146097665676,3.5886898667273517,1.723838003194869,2.3415439643384093,9.48682514955239,6.26755126787833,7.301227314281039,15.131878131104225,9.99700326198775,11.645759269886286,0.5885416666666667,0.003541666666666776,0.003541666666666776,0.41145833333333337,0.0014583333333333393,0.0014583333333333393,0.30729166666666663,0.007291666666666585,0.007291666666666585,0.39583333333333337,0.10416666666666674,0.1753472222222222,0.3507853403141361,0.39583333333333337,0.10416666666666674,0.1753472222222222,0.3507853403141361,0.39583333333333337,0.10416666666666674,0.1753472222222222,0.3507853403141361,21.0,1.0,1.0,31.0,1.0,1.0,38.0,2.0,2.0,1.0194851595645705e-05,-4.3259789866793886e-05,-3.2879032223490425e-05,-0.014226896410311163,-0.014087808281666447,-0.01401921555261687,0.057291666666666664,0.10378149880190365,11,-0.8606598377227783
890,0,test,2.4133715082276375,1.1458670228254721,1.5672200172870658,5.332772526244941,2.5319964859208017,3.46305068336013,11.171562738093908,7.619585256735524,8.840902734198355,24.68554992127202,16.836825486657528,19.53554313847056,2.5199515596915494,1.1848682657931144,1.6276910779459983,5.249899082690728,2.4684755537356553,3.3910230790541633,12.42799463310294,8.627682157024946,9.987354189512152,25.891655485631127,17.9743378271353,20.806987894816984,2.4133715082276375,1.1458670228254721,1.5672200172870658,5.332772526244941,2.5319964859208017,3.46305068336013,11.171562738093908,7.619585256735524,8.840902734198355,24.68554992127202,16.836825486657528,19.53554313847056,0.6080402010050252,-0.001959798994974782,-0.001959798994974782,0.40703517587939697,-0.00296482412060306,-0.00296482412060306,0.2864321608040201,-0.003567839195979916,-0.003567839195979916,0.3443223443223443,0.06827115602252709,0.13482173530894603,0.34558823529411764,0.3316582914572864,0.05095653707132153,0.11462991082289575,0.3535353535353535,0.3443223443223443,0.06827115602252709,0.13482173530894603,0.34558823529411764,17.0,-2.0,-2.0,25.0,-1.0,-1.0,32.0,-3.0,-3.0,7.681999838104881e-05,-6.0376907163621714e-05,8.404750911946013e-06,-0.00020410455418851114,0.00020435748183800229,5.0812707827141423e-05,0.03663003663003663,0.4410209156134219,10,-0.6171841621398926
424,0,test,2.5978164579945973,1.2379658321805886,1.689124304549058,4.529526131888016,2.1585045279046158,2.945139813059896,13.434371470683857,9.538760116126534,10.95329592622004,23.424032307859033,16.631684305041134,19.098054435460583,2.361667559766587,1.1287677263210474,1.5353072848718066,3.969189176078298,1.8970886156656261,2.5803483779358096,10.608627230577973,7.177462299921914,8.323640368036626,17.82962559761004,12.06296184860826,13.989311542918701,2.5978164579945973,1.2379658321805886,1.689124304549058,4.529526131888016,2.1585045279046158,2.945139813059896,13.434371470683857,9.538760116126534,10.95329592622004,23.424032307859033,16.631684305041134,19.098054435460583,0.5527638190954773,-0.0022361809045226,-0.0022361809045226,0.3869346733668342,-0.0030653266331658324,-0.0030653266331658324,0.2864321608040201,-0.003567839195979916,-0.003567839195979916,0.35424354243542433,0.09641665477428252,0.1493355669753016,0.3592592592592593,0.33668341708542715,0.07603178801274546,0.12633283277824847,0.3232323232323232,0.35424354243542433,0.09641665477428252,0.1493355669753016,0.3592592592592593,14.0,0.0,0.0,23.0,0.0,0.0,29.0,0.0,0.0,-0.0006083929800739766,-0.0004686463529138715,3.0898815032914147e-06,-0.006622625119035774,-0.007005267976079033,-0.007628562993872379,0.03690036900369004,0.6186943262515349,10,-0.6186501979827881
226,0,test,2.93339040549393,1.4165073883684642,1.9213064100355692,4.689803179153876,2.2646630468360014,3.0717182728346444,18.791232515389346,14.23323668002305,16.03990371405933,30.04277297213482,22.755606790901048,25.64404359223066,2.908913027276355,1.3942587748598636,1.8977777697784632,4.1555900389662215,1.991798249799805,2.711111099683519,18.336856068121822,13.789007620746416,15.588136319018215,26.19550866874546,19.698582315352024,22.268766170026023,2.93339040549393,1.4165073883684642,1.9213064100355692,4.689803179153876,2.2646630468360014,3.0717182728346444,18.791232515389346,14.23323668002305,16.03990371405933,30.04277297213482,22.755606790901048,25.64404359223066,0.6934673366834171,-0.0015326633165829717,-0.0015326633165829717,0.5175879396984925,-0.002412060301507535,-0.002412060301507535,0.40703517587939697,-0.00296482412060306,-0.00296482412060306,0.40697674418604646,0.09556475192299041,0.16470870294893303,0.3891050583657587,0.4170854271356784,0.11633354743643032,0.18169310660145477,0.3939393939393939,0.40697674418604646,0.09556475192299041,0.16470870294893303,0.3891050583657587,14.0,0.0,0.0,24.0,0.0,0.0,36.0,0.0,0.0,9.322015332707728e-05,-0.00018521347354987614,7.285045670409449e-05,-0.00010015572628230274,-0.00015629801580718805,0.00010338106235963096,0.04263565891472868,0.5179071951283271,11,-0.4054419994354248
89,0,test,2.8075389780331776,1.366821053903605,1.8447849031595311,4.6792316300552965,2.2780350898393418,3.0746415052658858,16.569091104002528,12.345364059669938,13.950191909079889,27.615151840004213,20.575606766116564,23.250319848466482,3.0636543171711668,1.4610713165988245,1.9942643497170107,4.824652467986089,2.3008997111792513,3.1405737790819064,21.40563739846702,16.43979475120073,18.492035832514553,33.709665194436255,25.889440553072014,29.12131627167646,2.8075389780331776,1.366821053903605,1.8447849031595311,4.6792316300552965,2.2780350898393418,3.0746415052658858,16.569091104002528,12.345364059669938,13.950191909079889,27.615151840004213,20.575606766116564,23.250319848466482,0.6683417085427136,-0.0016582914572863539,-0.0016582914572863539,0.5477386934673367,-0.002261306532663321,-0.002261306532663321,0.371859296482412,-0.003140703517587995,-0.003140703517587995,0.3582677165354331,0.07732469099515804,0.15015253328935985,0.30434782608695654,0.371859296482412,0.06358861979068264,0.14314477227540034,0.3282828282828283,0.3582677165354331,0.07732469099515804,0.15015253328935985,0.30434782608695654,24.0,0.0,0.0,31.0,0.0,0.0,41.0,0.0,0.0,0.000569558872443817,0.0004051537475405037,0.00047107686143518736,-0.013391874890826827,-0.015085671432413683,-0.01580965350890917,0.9566929133858267,-0.7913631208046474,243,-0.4068918228149414
488,0,test,2.6589268521455516,1.2812567256251897,1.7333849277719584,3.9391508920674836,1.898158112037318,2.5679776707732715,14.280955295895152,10.315303906160226,11.757720003279132,21.156970808733558,15.281931712829964,17.418844449302416,2.799439499231176,1.335622712303664,1.8126001450580398,3.999199284615966,1.9080324461480913,2.5894287786543426,16.43543211659052,12.113006253952328,13.752690255107979,23.47918873798646,17.30429464850333,19.646700364439972,2.6589268521455516,1.2812567256251897,1.7333849277719584,3.9391508920674836,1.898158112037318,2.5679776707732715,14.280955295895152,10.315303906160226,11.757720003279132,21.156970808733558,15.281931712829964,17.418844449302416,0.6683417085427136,-0.0016582914572863539,-0.0016582914572863539,0.4974874371859297,-0.002512562814070307,-0.002512562814070307,0.35678391959798994,-0.0032160804020100464,-0.0032160804020100464,0.3799283154121864,0.09728073043902008,0.16181150969108982,0.3776978417266187,0.39698492462311563,0.09873931058802787,0.16493150225249797,0.41414141414141414,0.3799283154121864,0.09728073043902008,0.16181150969108982,0.3776978417266187,21.0,-10.0,-10.0,31.0,-11.0,-11.0,40.0,-15.0,-15.0,0.00024024450054038093,0.0001752708297002707,-4.8854580730261436e-05,-0.004913315273801899,-0.0040569789058180206,-0.004154193143454776,0.942652329749104,-0.34570412548304513,263,-0.6290209293365479
193,0,test,2.292435916299437,1.0709511407678354,1.4760433093951895,3.9745479847529204,1.8567789258767018,2.5591140494059457,9.899021524030529,6.506800841466269,7.63669751635366,17.162589265689295,11.281271588775937,13.240248291340437,2.3910382179731746,1.1014100594993679,1.5266142523770694,3.856513254795443,1.7764678379022065,2.46228105222108,10.924830412448623,7.293394426478513,8.551192017730065,17.620694213626813,11.76353939754599,13.792245189887202,2.292435916299437,1.0709511407678354,1.4760433093951895,3.9745479847529204,1.8567789258767018,2.5591140494059457,9.899021524030529,6.506800841466269,7.63669751635366,17.162589265689295,11.281271588775937,13.240248291340437,0.5577889447236181,-0.00221105527638199,-0.00221105527638199,0.4522613065326633,-0.0027386934673366836,-0.0027386934673366836,0.31155778894472363,-0.003442211055276312,-0.003442211055276312,0.39473684210526316,0.12644415917843388,0.18598684210526317,0.3735849056603774,0.40703517587939697,0.13385221848591322,0.1966845915722183,0.38383838383838387,0.39473684210526316,0.12644415917843388,0.18598684210526317,0.3735849056603774,21.0,-3.0,-3.0,31.0,-7.0,-7.0,40.0,-6.0,-6.0,0.00034722354594578106,0.00015985748224907892,2.720477048326784e-05,-0.00015559510116602837,0.0002314721571865519,7.534460660885145e-05,0.9511278195488722,-0.32671889934941095,253,-0.2963070869445801
616,0,test,1.5031617556333396,0.6972897839438608,0.9621311076583039,3.678790612471068,1.706524997546817,2.3546892897953224,4.495881500678253,2.2572338152672344,2.778105127781057,11.003078409554671,5.524282758417178,6.799046760095743,1.4667832689874787,0.6541836937857338,0.9185777134477809,3.333598338607906,1.486781122240304,2.0876766214722293,4.335267298943386,2.081508104376583,2.605121718456471,9.852880224871331,4.730700237219507,5.920731178310161,1.5031617556333396,0.6972897839438608,0.9621311076583039,3.678790612471068,1.706524997546817,2.3546892897953224,4.495881500678253,2.2572338152672344,2.778105127781057,11.003078409554671,5.524282758417178,6.799046760095743,0.3467336683417085,-0.003266331658291488,-0.003266331658291488,0.25125628140703515,-0.003743718592964851,-0.003743718592964851,0.20100502512562812,-0.003994974874371837,-0.003994974874371837,0.32014388489208634,0.11727135347377393,0.16583766479639261,0.2490974729241877,0.3065326633165829,0.11104394151207164,0.1496044496271004,0.202020202020202,0.32014388489208634,0.11727135347377393,0.16583766479639261,0.2490974729241877,18.0,-6.0,-6.0,26.0,-7.0,-7.0,30.0,-7.0,-7.0,8.575119794591137e-05,0.0008752942838320439,0.00022191610286480368,-0.0680293021063143,-0.07294720924531717,-0.07171637103628026,0.03597122302158273,0.5423247401174499,10,-0.7161427736282349
741,0,test,2.7643144736829046,1.3191567616023987,1.7961576667762806,4.9381928461908196,2.356551884804285,3.208670006668307,15.868158221105878,11.62563703420202,13.235071524487257,28.34700109401438,20.76812829410846,23.64323456801607,2.7643144736829046,1.3191567616023987,1.7961576667762806,4.9381928461908196,2.356551884804285,3.208670006668307,15.868158221105878,11.62563703420202,13.235071524487257,28.34700109401438,20.76812829410846,23.64323456801607,2.7643144736829046,1.3191567616023987,1.7961576667762806,4.9381928461908196,2.356551884804285,3.208670006668307,15.868158221105878,11.62563703420202,13.235071524487257,28.34700109401438,20.76812829410846,23.64323456801607,0.6939890710382514,0.03898907103825133,0.03898907103825133,0.48633879781420764,0.021338797814207666,0.021338797814207666,0.3770491803278688,0.02704918032786885,0.02704918032786885,0.3879781420765027,0.08552582600020842,0.14296906766633943,0.37362637362637363,0.3879781420765027,0.08552582600020842,0.14296906766633943,0.37362637362637363,0.3879781420765027,0.08552582600020842,0.14296906766633943,0.37362637362637363,15.0,2.0,2.0,30.0,-9.0,-9.0,36.0,-2.0,-2.0,0.000575778397020146,0.00018043889940019424,7.459306443187952e-05,-0.00011180584407632921,-3.854052523255547e-05,-8.5736391888247e-06,0.9344262295081968,-0.23879529574572653,171,-0.5295121669769287
632,0,test,2.133082354122351,0.9558110706705516,1.3443169018664918,3.541970081845138,1.5871183827801132,2.2322299172968285,8.440844426382087,5.195338383383941,6.240166519797192,14.015970066029514,8.62682731561901,10.361757986576817,2.2604365408584983,1.0005394540898072,1.419298735543786,3.275994986751447,1.4500571798403004,2.0569546891938932,9.587273489983879,6.062214796467023,7.268269438591524,13.894599260846203,8.785818545604382,10.533723824045689,2.133082354122351,0.9558110706705516,1.3443169018664918,3.541970081845138,1.5871183827801132,2.2322299172968285,8.440844426382087,5.195338383383941,6.240166519797192,14.015970066029514,8.62682731561901,10.361757986576817,0.5527638190954773,-0.0022361809045226,-0.0022361809045226,0.39698492462311563,-0.0030150753768843908,-0.0030150753768843908,0.3065326633165829,-0.0034673366834171437,-0.0034673366834171437,0.3694029850746269,0.08582089552238803,0.1616915422885572,0.3146067415730337,0.3668341708542714,0.09296482412060303,0.15745393634840876,0.303030303030303,0.3694029850746269,0.08582089552238803,0.1616915422885572,0.3146067415730337,18.0,-6.0,-6.0,30.0,-13.0,-13.0,36.0,-11.0,-11.0,3.1312377856482615e-05,0.00046557076236444767,0.0001266126788278147,-0.00016945494488584956,0.00022372510708557058,6.833549267337702e-05,0.03731343283582089,0.6478418208039322,10,-0.603949785232544
11,0,test,2.6738127165700827,1.2934739450576023,1.7531214422959187,4.790581117188065,2.3174741515615374,3.141009250780188,14.495129791658833,10.518881352609965,11.984104194146486,25.970440876722076,18.846329090092855,21.471520014512453,2.7375964212194295,1.330219416908209,1.799380347806262,4.778786735286547,2.3220496839011715,3.141023589591632,15.449805607402118,11.364579798704321,12.894386936973119,26.96939750765808,19.838169999492628,22.50862281103202,2.6738127165700827,1.2934739450576023,1.7531214422959187,4.790581117188065,2.3174741515615374,3.141009250780188,14.495129791658833,10.518881352609965,11.984104194146486,25.970440876722076,18.846329090092855,21.471520014512453,0.6111111111111112,-0.0038888888888888307,-0.0038888888888888307,0.46464646464646464,-0.0053535353535353325,-0.0053535353535353325,0.3484848484848485,-0.006515151515151474,-0.006515151515151474,0.3735408560311284,0.10169619583695366,0.16784874736359934,0.32421875,0.36868686868686873,0.09916545810752364,0.1572774727137144,0.31979695431472077,0.3735408560311284,0.10169619583695366,0.16784874736359934,0.32421875,22.0,0.0,0.0,30.0,0.0,0.0,43.0,1.0,1.0,0.00024802022460366986,0.00016576916124099337,0.0003466196315570956,-0.0037905970523892663,-0.004300342065230112,-0.004312912222962595,0.953307392996109,0.2856147579937018,245,-0.3329281806945801
291,0,test,2.5202609611639466,1.2281483334833403,1.6531173126156244,4.482464138070162,2.184349535981083,2.9401872202949315,12.431840467864156,8.791371074045248,10.051737742788767,22.11091626070125,15.63608141026619,17.877733556817162,2.532490700732533,1.1952788638575278,1.635623723691712,4.25628689198745,2.0088720400966853,2.748947434775986,12.584812134350239,8.776401914702282,10.13290295728141,21.150944763613847,14.750255318827364,17.030089003834302,2.5202609611639466,1.2281483334833403,1.6531173126156244,4.482464138070162,2.184349535981083,2.9401872202949315,12.431840467864156,8.791371074045248,10.051737742788767,22.11091626070125,15.63608141026619,17.877733556817162,0.6683417085427136,-0.0016582914572863539,-0.0016582914572863539,0.44221105527638194,-0.0027889447236180143,-0.0027889447236180143,0.2864321608040201,-0.003567839195979916,-0.003567839195979916,0.375,0.07117706237424548,0.13237265415549593,0.31174089068825916,0.3668341708542714,0.06858855681918363,0.12142515582922964,0.28787878787878785,0.375,0.07117706237424548,0.13237265415549593,0.31174089068825916,15.0,0.0,0.0,23.0,0.0,0.0,31.0,0.0,0.0,0.00012710957371525136,0.00015043742631878503,0.00016064546450641007,-3.085650767697956e-05,-0.00010133182060556578,-0.00011602607612637428,0.05241935483870968,0.3531333333187044,13,-0.2879061698913574
355,0,test,3.0449485926446416,1.4682901710353293,1.992699463089066,4.924546489338865,2.3746421284645454,3.222760860057625,21.008951160500672,16.170191489283358,18.144865581592757,33.977439531180096,26.15179117402617,29.345399891217912,3.082782572730861,1.467490967955701,2.0033279735333016,4.779507864699009,2.275179795280157,3.1059348426872893,21.81903104606658,16.789676752680535,18.875957087705565,33.827955110180746,26.03050659330316,29.26504974838072,3.0449485926446416,1.4682901710353293,1.992699463089066,4.924546489338865,2.3746421284645454,3.222760860057625,21.008951160500672,16.170191489283358,18.144865581592757,33.977439531180096,26.15179117402617,29.345399891217912,0.6884422110552764,-0.0015577889447235815,-0.0015577889447235815,0.5477386934673367,-0.002261306532663321,-0.002261306532663321,0.40201005025125625,-0.002989949748743781,-0.002989949748743781,0.3984674329501916,0.09445213658307883,0.16662029919222987,0.39230769230769236,0.39698492462311563,0.08871424793138627,0.15992315500708887,0.3939393939393939,0.3984674329501916,0.09445213658307883,0.16662029919222987,0.39230769230769236,22.0,0.0,0.0,33.0,0.0,0.0,39.0,0.0,0.0,0.00012779362542514113,-0.00015327879645416864,4.5394194807017305e-05,-0.00012094549186336678,-0.00017278787436758591,9.286739145242251e-05,0.0421455938697318,-0.5547467805948899,11,-0.3111708164215088
515,0,test,2.9174104714320435,1.4060492808541616,1.9091164001603704,4.474297790321259,2.1563928874638343,2.9279237098613375,18.493336378326056,13.960439645149075,15.752415170113817,28.362376464836597,21.410481955781513,24.15875211185725,3.0392009813777854,1.4270050536453067,1.9632517424282905,4.341715687682551,2.038578648064724,2.8046453463261294,20.888546227944136,15.874737117336508,17.95577074356796,29.840780325634483,22.6781958819093,25.651101062239945,2.9599521439484544,1.4085107490819977,1.9246452890182322,4.374313513224317,2.0815429789389133,2.844303382785565,19.297048252869473,14.578782084671321,16.481078055469222,28.517805299807105,21.54499815468668,24.356272988378162,0.6482412060301508,-0.0017587939698492372,-0.0017587939698492372,0.5326633165829145,-0.0023366834170853723,-0.0023366834170853723,0.4170854271356784,-0.0029145728643216184,-0.0029145728643216184,0.4025157232704403,0.11052200270529111,0.1891266019315282,0.35015772870662465,0.40703517587939697,0.10878956184430921,0.1866678970814003,0.3434343434343434,0.40802675585284276,0.11754261561911994,0.19334377476274267,0.3557046979865772,20.0,0.0,0.0,32.0,0.0,0.0,39.0,0.0,0.0,0.0010807124427590366,0.00036392262907009325,0.00010100350851620375,0.0004320054688413677,3.0048854599229458e-05,-0.0001068923557658863,0.040880503144654086,0.45186512434824083,13,-0.8639435768127441
609,0,test,2.5540097878180426,1.2143661165538593,1.6600331154581236,4.564262653068373,2.1701897695833483,2.966639825689679,12.858560648005751,9.040877735160208,10.413728003913993,22.97949225482318,16.15692343638308,18.610339723123715,2.6667957621557528,1.2329979491810779,1.6994817346657745,4.371796331402874,2.0213081134116035,2.7860356305996308,14.393774146527528,10.199174862919772,11.762905626331053,23.596351059881194,16.719958791671758,19.283451846444347,2.5540097878180426,1.2143661165538593,1.6600331154581236,4.564262653068373,2.1701897695833483,2.966639825689679,12.858560648005751,9.040877735160208,10.413728003913993,22.97949225482318,16.15692343638308,18.610339723123715,0.6733668341708543,-0.001633165829145744,-0.001633165829145744,0.4773869346733668,-0.0026130653266331905,-0.0026130653266331905,0.321608040201005,-0.0033919597989949812,-0.0033919597989949812,0.35507246376811596,0.06340579710144933,0.12077294685990336,0.3236363636363636,0.38190954773869346,0.08291457286432158,0.14572864321608037,0.3434343434343434,0.35507246376811596,0.06340579710144933,0.12077294685990336,0.3236363636363636,19.0,-10.0,-10.0,28.0,-14.0,-14.0,36.0,-17.0,-17.0,0.0006701234588355,0.0001585173543846428,-4.457360580849812e-05,-0.00022489431977135155,0.00019273690668875076,4.029903692170933e-05,0.05434782608695652,0.44374303212023597,15,-0.31000638008117676
827,0,test,2.232865353255385,1.0575527318635218,1.4473947731193826,3.8838324629351235,1.8395008123929135,2.51758969627432,9.326551694628229,6.087396279784313,7.133112807951083,16.222547493080615,10.588380195746046,12.407293187163397,2.425313240059095,1.1087567238156797,1.5443343879491012,3.6198705075508877,1.6548607818144472,2.304976698431494,11.305770284832295,7.575217149771072,8.892509508769995,16.87428400721238,11.30629425338966,13.272402251895517,2.232865353255385,1.0575527318635218,1.4473947731193826,3.8838324629351235,1.8395008123929135,2.51758969627432,9.326551694628229,6.087396279784313,7.133112807951083,16.222547493080615,10.588380195746046,12.407293187163397,0.5778894472361809,-0.002110552763819218,-0.002110552763819218,0.4321608040201005,-0.002839195979899567,-0.002839195979899567,0.3266331658291457,-0.0033668341708542604,-0.0033668341708542604,0.3706293706293706,0.12455607220005127,0.18109448690844043,0.3263157894736842,0.3869346733668342,0.10122038765254848,0.1782535381414585,0.3535353535353535,0.3706293706293706,0.12455607220005127,0.18109448690844043,0.3263157894736842,21.0,-3.0,-3.0,31.0,-3.0,-3.0,38.0,-2.0,-2.0,0.0007391167110001313,7.274756386247897e-05,0.0002028090568096412,-0.0224942167334099,-0.01923784379873794,-0.022198204273244926,0.03496503496503497,0.3137051282635732,10,-0.729142427444458
387,0,test,2.8887767277663916,1.4197618623681185,1.9049677440845367,4.477603928037907,2.200630886670584,2.952700003331032,17.971312342585122,13.626359673798738,15.296687877304452,27.85553413100694,21.120857494388044,23.7098662098219,2.933660983628928,1.4099505951482112,1.914777610583741,4.346164420191004,2.088815696515868,2.8367075712351717,18.796317699976523,14.207096261304873,16.026217831793016,27.84639659255781,21.04755001674796,23.74254493598965,2.8887767277663916,1.4197618623681185,1.9049677440845367,4.477603928037907,2.200630886670584,2.952700003331032,17.971312342585122,13.626359673798738,15.296687877304452,27.85553413100694,21.120857494388044,23.7098662098219,0.7085427135678393,-0.0014572864321606982,-0.0014572864321606982,0.5326633165829145,-0.0023366834170853723,-0.0023366834170853723,0.40703517587939697,-0.00296482412060306,-0.00296482412060306,0.40740740740740744,0.0887007099478232,0.16586894586894585,0.3674418604651163,0.4120603015075377,0.09627082782332719,0.17165963372790494,0.36868686868686873,0.40740740740740744,0.0887007099478232,0.16586894586894585,0.3674418604651163,17.0,-1.0,-1.0,28.0,-3.0,-3.0,36.0,0.0,0.0,0.00045509539384086403,0.00024945128233111046,0.0001432880523423568,0.00019090099185792297,7.45600040437111e-05,2.895235437971877e-05,0.9398148148148148,-0.2817131686717672,203,-0.5914328098297119
670,0,test,3.221662106232802,1.5496487272819486,2.104774663088275,5.170092481858629,2.4868614306081573,3.3777222138183096,25.069754166354695,19.74688018816417,22.014424665245024,40.23170129690454,31.689604134299387,35.32853778614171,3.1136531482670624,1.4911581249148613,2.0287292452598313,4.717656285253125,2.259330492295245,3.0738321897876233,22.503101592530864,17.43738795643638,19.543886969693386,34.09560847353161,26.420284782479364,29.611949954080885,3.221662106232802,1.5496487272819486,2.104774663088275,5.170092481858629,2.4868614306081573,3.3777222138183096,25.069754166354695,19.74688018816417,22.014424665245024,40.23170129690454,31.689604134299387,35.32853778614171,0.7738693467336684,-0.0011306532663316604,-0.0011306532663316604,0.5527638190954773,-0.0022361809045226,-0.0022361809045226,0.4120603015075377,-0.0029396984924623393,-0.0029396984924623393,0.4044943820224719,0.08486821379817289,0.14795639945709205,0.3872180451127819,0.40201005025125625,0.08622057656704574,0.1399065444081845,0.35858585858585856,0.4044943820224719,0.08486821379817289,0.14795639945709205,0.3872180451127819,21.0,-9.0,-9.0,35.0,-14.0,-14.0,43.0,-16.0,-16.0,8.27842419120066e-05,4.765162269956074e-05,0.0001889479191948539,-0.00016252502302549487,0.00022759863213561715,7.184004964067014e-05,0.03745318352059925,0.4892946494440388,10,-0.41092634201049805
153,0,test,3.479278088919472,1.6865138148552559,2.2833468239690897,5.461657465164287,2.647434476807669,3.5843235027421754,32.43629749907446,26.43026564014448,29.129661808052255,50.91744374854712,41.489370481622146,45.726794698686675,3.4636576313118277,1.665386361644637,2.2635921465488043,5.247966108048224,2.523312669158541,3.429685070528491,31.933564371935493,25.894366082092276,28.613230025010143,48.384188442326504,39.233888003170115,43.35337882577294,3.479278088919472,1.6865138148552559,2.2833468239690897,5.461657465164287,2.647434476807669,3.5843235027421754,32.43629749907446,26.43026564014448,29.129661808052255,50.91744374854712,41.489370481622146,45.726794698686675,0.7989949748743719,-0.0010050251256281673,-0.0010050251256281673,0.6532663316582914,-0.0017336683417086274,-0.0017336683417086274,0.5025125628140703,-0.0024874371859296973,-0.0024874371859296973,0.4386617100371747,0.10285465994441034,0.1790819819778422,0.4626865671641791,0.44221105527638194,0.10887772194304857,0.1784381003515072,0.46464646464646464,0.4386617100371747,0.10285465994441034,0.1790819819778422,0.4626865671641791,22.0,-7.0,-7.0,35.0,-6.0,-6.0,45.0,-6.0,-6.0,-0.00019534035467697606,-0.00021580977220056366,-0.00013938784247441614,-0.00017638486674709242,0.00021985158203818855,6.483093570341936e-05,0.040892193308550186,-0.5001691776555043,11,-0.2433769702911377
676,0,test,2.261797325619073,1.0743965069071544,1.4690009842607266,3.905463705106226,1.8551691237278818,2.536535861021627,9.600328586217964,6.321780005076562,7.390762088614193,16.57696488800369,10.91586858019431,12.76168857537109,2.185257785317191,0.9985376375294894,1.3903332565215232,3.441350843019198,1.572500216581873,2.189501191372477,8.892940727460452,5.616622999687222,6.678666850878868,14.004631066866853,8.845075590058617,10.517585591935225,2.261797325619073,1.0743965069071544,1.4690009842607266,3.905463705106226,1.8551691237278818,2.536535861021627,9.600328586217964,6.321780005076562,7.390762088614193,16.57696488800369,10.91586858019431,12.76168857537109,0.5628140703517588,-0.0021859296482411583,-0.0021859296482411583,0.3919597989949749,-0.0030402010050251116,-0.0030402010050251116,0.29648241206030146,-0.0035175879396985854,-0.0035175879396985854,0.3898916967509025,0.1106124174716232,0.1774067027533035,0.3623188405797102,0.38190954773869346,0.11123285600937016,0.16988951434971178,0.33333333333333337,0.3898916967509025,0.1106124174716232,0.1774067027533035,0.3623188405797102,20.0,0.0,0.0,35.0,-3.0,-3.0,41.0,-1.0,-1.0,0.00016030869344853878,0.00011904746261403767,0.0001851208806482984,-0.00023182424163081805,0.0001888633816387042,3.6794479953528025e-05,0.9566787003610109,-0.28783355153416906,265,-0.5583436489105225
688,0,test,2.567660224317488,1.248592335059279,1.687730327989756,4.485279885516625,2.1810853447870944,2.9481871552226115,13.035289079514358,9.295355359836226,10.624558380095962,22.770504974341538,16.237456198194927,18.559355144977758,2.5678339536604824,1.22331351773175,1.6707532263089828,4.175339762049565,1.9891276711085366,2.7166719126975334,13.03755388844807,9.201207562926035,10.585120559014017,21.199274615362715,14.961313110448835,17.211578144738237,2.567660224317488,1.248592335059279,1.687730327989756,4.485279885516625,2.1810853447870944,2.9481871552226115,13.035289079514358,9.295355359836226,10.624558380095962,22.770504974341538,16.237456198194927,18.559355144977758,0.6130653266331658,-0.001934673366834172,-0.001934673366834172,0.4974874371859297,-0.002512562814070307,-0.002512562814070307,0.37688442211055273,-0.003115577889447274,-0.003115577889447274,0.4254545454545454,0.12418412803167789,0.2029636143783664,0.4014598540145985,0.42211055276381915,0.13138373572121265,0.20842107029303447,0.38888888888888884,0.4254545454545454,0.12418412803167789,0.2029636143783664,0.4014598540145985,15.0,-4.0,-4.0,27.0,-12.0,-12.0,35.0,-13.0,-13.0,0.0001321953981653669,0.0003750386677313074,9.394332240909933e-05,-0.0002179643979092205,0.00019661043173790915,4.380359388900246e-05,0.03636363636363636,-0.5078856886503914,10,-0.6050863265991211
68,0,test,3.1724163934364507,1.544111120304165,2.0844164944869217,4.745728588555341,2.3098898059834667,3.118151503947916,23.86508216682552,18.76984979662531,20.89675099777443,35.700610721104844,28.07847449251266,31.260180354394272,3.1724163934364507,1.544111120304165,2.0844164944869217,4.745728588555341,2.3098898059834667,3.118151503947916,23.86508216682552,18.76984979662531,20.89675099777443,35.700610721104844,28.07847449251266,31.260180354394272,3.1724163934364507,1.544111120304165,2.0844164944869217,4.745728588555341,2.3098898059834667,3.118151503947916,23.86508216682552,18.76984979662531,20.89675099777443,35.700610721104844,28.07847449251266,31.260180354394272,0.7158469945355191,0.035846994535519205,0.035846994535519205,0.5136612021857924,0.028661202185792378,0.028661202185792378,0.39344262295081966,0.028442622950819674,0.028442622950819674,0.3715846994535519,0.06368279209660366,0.13383515317406003,0.3571428571428571,0.3715846994535519,0.06368279209660366,0.13383515317406003,0.3571428571428571,0.3715846994535519,0.06368279209660366,0.13383515317406003,0.3571428571428571,19.0,1.0,1.0,28.0,1.0,1.0,34.0,2.0,2.0,4.601424027770943e-05,-9.20414620410408e-06,-4.342023759938133e-05,-0.00011180584407632921,-3.854052523255547e-05,-8.5736391888247e-06,0.060109289617486336,0.34061813700853927,11,-0.40984034538269043
236,0,test,2.5150808017308357,1.2165631841539175,1.6473022918837468,3.632894491388985,1.7572579326667697,2.3794366438320784,12.367608062877498,8.703746666572759,9.985993822944494,17.86432275748972,12.572078518382877,14.424213299808713,2.5150808017308357,1.2165631841539175,1.6473022918837468,3.632894491388985,1.7572579326667697,2.3794366438320784,12.367608062877498,8.703746666572759,9.985993822944494,17.86432275748972,12.572078518382877,14.424213299808713,2.5150808017308357,1.2165631841539175,1.6473022918837468,3.632894491388985,1.7572579326667697,2.3794366438320784,12.367608062877498,8.703746666572759,9.985993822944494,17.86432275748972,12.572078518382877,14.424213299808713,0.5952380952380952,0.08023809523809522,0.08023809523809522,0.4107142857142857,0.05071428571428571,0.05071428571428571,0.30952380952380953,0.03952380952380952,0.03952380952380952,0.34523809523809523,0.07520842164759078,0.12587050630528895,0.34730538922155685,0.34523809523809523,0.07520842164759078,0.12587050630528895,0.34730538922155685,0.34523809523809523,0.07520842164759078,0.12587050630528895,0.34730538922155685,11.0,0.0,0.0,18.0,1.0,1.0,22.0,1.0,1.0,2.0226158516517426e-05,-6.104845175479633e-05,-0.00013792284879916077,3.5699890170270976e-05,6.804720801945052e-05,7.471573781625551e-05,0.9047619047619048,-0.33613333173271986,152,-0.7355513572692871
15,0,test,3.523504605670005,1.7299961013565297,2.3242497204344303,4.743179276863468,2.3288409056722514,3.12879770058481,33.903037280568945,27.89253388733238,30.585393304542183,45.63870403153512,37.547641771408976,41.17264483303755,3.523504605670005,1.7299961013565297,2.3242497204344303,4.743179276863468,2.3288409056722514,3.12879770058481,33.903037280568945,27.89253388733238,30.585393304542183,45.63870403153512,37.547641771408976,41.17264483303755,3.523504605670005,1.7299961013565297,2.3242497204344303,4.743179276863468,2.3288409056722514,3.12879770058481,33.903037280568945,27.89253388733238,30.585393304542183,45.63870403153512,37.547641771408976,41.17264483303755,0.7183908045977012,0.0833908045977012,0.0833908045977012,0.5862068965517242,0.07120689655172419,0.07120689655172419,0.48275862068965514,0.057758620689655094,0.057758620689655094,0.44252873563218387,0.1445344662912097,0.20779591120470298,0.4566473988439307,0.44252873563218387,0.1445344662912097,0.20779591120470298,0.4566473988439307,0.44252873563218387,0.1445344662912097,0.20779591120470298,0.4566473988439307,14.0,1.0,1.0,24.0,1.0,1.0,30.0,2.0,2.0,-2.0103466758486544e-05,-1.8226580442609004e-05,2.215407520286614e-05,-2.3302403529434912e-05,2.5412114719181034e-05,4.139998701546688e-05,0.9310344827586207,0.23378023611685994,162,-0.3616750240325928
389,0,test,2.7477261805376174,1.3309163821433625,1.7970990939324254,4.792908735369593,2.321541643852342,3.1347126240753096,15.60710377093216,11.483160548785438,13.01977213921861,27.223754873160072,20.03028572998369,22.710625265568822,2.6614438086602163,1.2728747017964825,1.7217206256620121,4.327550908390596,2.069714962270704,2.79954573278376,14.316945112764975,10.307835773001674,11.757672242742945,23.27958554921134,16.76070857398646,19.11816624836251,2.7362502820832253,1.3271383210555148,1.7952268413865888,4.744942685693454,2.3013959324662103,3.113110129572119,15.42902201137173,11.33670236074382,12.866419262717045,26.75552949948855,19.659021434815873,22.311709704133605,0.6130653266331658,-0.001934673366834172,-0.001934673366834172,0.48743718592964824,-0.002562814070351749,-0.002562814070351749,0.3417085427135679,-0.003291457286432098,-0.003291457286432098,0.39542483660130723,0.08547377624241648,0.17151179312304632,0.360655737704918,0.40703517587939697,0.12132089016511127,0.1950151424904153,0.3282828282828283,0.39799331103678925,0.08914523090323334,0.1777485946852876,0.36241610738255037,19.0,-5.0,-5.0,30.0,-10.0,-10.0,38.0,-9.0,-9.0,0.0005760467996162968,0.00059903450508604,-0.00010876841382564167,-0.013499807418496879,-0.015617217341241663,-0.012604107271657838,0.03594771241830065,0.2607749367410915,11,-0.49301910400390625
716,0,test,2.0596487249065127,0.9877760072748023,1.3376042216434052,3.974251764960454,1.9059903238964493,2.5810109628893874,7.843214200556705,4.922369902572303,5.784576397823294,15.13408937290519,9.498094037357824,11.161788260588608,2.0634251308765363,0.9479301142066965,1.3117772963802867,3.5272224459427974,1.6203933576182847,2.242354352786815,7.872889358943465,4.821811218979228,5.752398000888442,13.457930528108488,8.242412340135433,9.833158975877678,2.0596487249065127,0.9877760072748023,1.3376042216434052,3.974251764960454,1.9059903238964493,2.5810109628893874,7.843214200556705,4.922369902572303,5.784576397823294,15.13408937290519,9.498094037357824,11.161788260588608,0.5527638190954773,-0.0022361809045226,-0.0022361809045226,0.35678391959798994,-0.0032160804020100464,-0.0032160804020100464,0.27135678391959794,-0.0036432160804020786,-0.0036432160804020786,0.34798534798534797,0.05913708473123458,0.1226503906162858,0.28308823529411764,0.3417085427135679,0.06601931965592378,0.1280190602427832,0.25757575757575757,0.34798534798534797,0.05913708473123458,0.1226503906162858,0.28308823529411764,17.0,-4.0,-4.0,24.0,-4.0,-4.0,35.0,-11.0,-11.0,-9.197586830622846e-05,0.0005013423372933125,0.0003691753186619418,-0.025330703275894706,-0.027984365865095562,-0.028427364094513408,0.040293040293040296,0.3198277306428262,11,-0.835918664932251
861,0,test,2.142562534705772,1.026668318805218,1.3838722557673133,3.629238579195491,1.7390504175680221,2.3441101475242245,8.521245662777854,5.468949291624996,6.385768154516166,14.433946734909426,9.263730432752544,10.816709322955953,2.0993695964422576,0.99759112018729,1.3548927792537493,3.4700323908136492,1.6489109424583308,2.2394921971136355,8.16102355231398,5.151509936554973,6.055683883047875,13.489295127791703,8.51489245711566,10.009394848013017,2.142562534705772,1.026668318805218,1.3838722557673133,3.629238579195491,1.7390504175680221,2.3441101475242245,8.521245662777854,5.468949291624996,6.385768154516166,14.433946734909426,9.263730432752544,10.816709322955953,0.5678391959798995,-0.0021608040201005485,-0.0021608040201005485,0.3869346733668342,-0.0030653266331658324,-0.0030653266331658324,0.29145728643216084,-0.0035427135678391952,-0.0035427135678391952,0.3870967741935484,0.1094307782176932,0.1793219752659344,0.38866396761133604,0.38190954773869346,0.11123285600937016,0.17656731067692388,0.3787878787878788,0.3870967741935484,0.1094307782176932,0.1793219752659344,0.38866396761133604,18.0,-8.0,-8.0,28.0,-12.0,-12.0,35.0,-15.0,-15.0,-7.661874032571523e-06,3.273553171461726e-05,-7.50119494901601e-05,-0.004674794136789728,-0.005319337649797973,-0.0056777761838970875,0.9314516129032258,-0.26083089016723837,231,-0.7152354717254639
61,0,test,2.612419498264506,1.2641180288789824,1.7134134137678443,4.2549587037601535,2.0589227775753485,2.7907092727236744,13.631993568117828,9.781114431578494,11.174833880145876,22.20300748819191,15.930916918499104,18.200927038321424,2.6258341209268568,1.2272896630408165,1.6920161514101166,4.039744801425933,1.8881379431397178,2.6031017714001794,13.816093673937091,9.766791927829015,11.271889321375118,21.255528729133985,15.025833735121562,17.34136818673095,2.612419498264506,1.2641180288789824,1.7134134137678443,4.2549587037601535,2.0589227775753485,2.7907092727236744,13.631993568117828,9.781114431578494,11.174833880145876,22.20300748819191,15.930916918499104,18.200927038321424,0.6582914572864322,-0.0017085427135676845,-0.0017085427135676845,0.5025125628140703,-0.0024874371859296973,-0.0024874371859296973,0.3417085427135679,-0.003291457286432098,-0.003291457286432098,0.3911439114391144,0.10385109375955637,0.170285015733593,0.38148148148148153,0.39698492462311563,0.09873931058802787,0.16827040041610397,0.38383838383838387,0.3911439114391144,0.10385109375955637,0.170285015733593,0.38148148148148153,17.0,-4.0,-4.0,32.0,-15.0,-15.0,36.0,-9.0,-9.0,6.20015306458398e-05,0.00023696988012801137,7.639386813573383e-05,-0.00019024471046957814,0.00021210453193631906,5.782182176528039e-05,0.03690036900369004,0.4636515659546222,10,-0.29866623878479004
940,0,test,2.6179146505361106,1.2368858813536519,1.6965428950317958,4.5612746058420575,2.1550649711928656,2.955939768030859,13.707109646663625,9.728116658699268,11.194374761860741,23.88232601013785,16.94960203110793,19.50430940103344,2.6862153893151977,1.2823148959334563,1.748409758455523,4.514647713134786,2.1551510856024474,2.938503795723568,14.676027632324063,10.60497949710177,12.121657599241981,24.665592659368173,17.823494953112217,20.372533780238623,2.6179146505361106,1.2368858813536519,1.6965428950317958,4.5612746058420575,2.1550649711928656,2.955939768030859,13.707109646663625,9.728116658699268,11.194374761860741,23.88232601013785,16.94960203110793,19.50430940103344,0.6180904522613065,-0.0019095477386934512,-0.0019095477386934512,0.4824120603015075,-0.0025879396984924696,-0.0025879396984924696,0.3668341708542714,-0.0031658291457286047,-0.0031658291457286047,0.4028268551236749,0.10476689039704346,0.1760348457229698,0.33687943262411346,0.3869346733668342,0.09370159066006722,0.1699062927324435,0.303030303030303,0.4028268551236749,0.10476689039704346,0.1760348457229698,0.33687943262411346,17.0,0.0,0.0,27.0,0.0,0.0,36.0,0.0,0.0,5.189076311433842e-06,0.00018660624475859108,0.00016160866419018022,-0.0002734037727947225,0.00016562223134020115,1.5767138139999304e-05,0.0353356890459364,0.7954138455654061,10,-0.6949403285980225
633,0,test,3.1204611050054685,1.507293842867161,2.0450720878677293,5.3957973274052895,2.606362269957799,3.5362704852712827,22.65682441006669,17.63814284815897,19.725691470348213,39.177425542406986,30.499288674941553,34.10900816747712,3.052829459027315,1.4472249759738745,1.9819432213055133,5.1308058134912855,2.4323108839897047,3.3309970105975015,21.17517402722386,16.19430448307428,18.25720966272758,35.588527776846824,27.21731845894837,30.684385987777443,3.1204611050054685,1.507293842867161,2.0450720878677293,5.3957973274052895,2.606362269957799,3.5362704852712827,22.65682441006669,17.63814284815897,19.725691470348213,39.177425542406986,30.499288674941553,34.10900816747712,0.7185929648241206,-0.0014070351758793676,-0.0014070351758793676,0.5326633165829145,-0.0023366834170853723,-0.0023366834170853723,0.38190954773869346,-0.0030904522613065533,-0.0030904522613065533,0.3790322580645161,0.0752093204387616,0.1377453947937386,0.3319838056680162,0.38190954773869346,0.08617019936776615,0.1415088799590607,0.30808080808080807,0.3790322580645161,0.0752093204387616,0.1377453947937386,0.3319838056680162,20.0,0.0,0.0,30.0,0.0,0.0,37.0,0.0,0.0,7.16961365126402e-05,-6.329031120951795e-05,-5.787797317736178e-05,-3.085650767697956e-05,-0.00010133182060556578,-0.00011602607612637428,0.04032258064516129,1.0843486268173765,10,-0.29721879959106445
576,0,test,2.432656655698949,1.1573564425958318,1.5777832515919794,3.6676977270538003,1.7449374057598694,2.3788116716309844,11.389098838803186,7.809322894359576,9.038022113726463,17.171256710810958,11.77405605611136,13.62655641761836,2.432656655698949,1.1573564425958318,1.5777832515919794,3.6676977270538003,1.7449374057598694,2.3788116716309844,11.389098838803186,7.809322894359576,9.038022113726463,17.171256710810958,11.77405605611136,13.62655641761836,2.432656655698949,1.1573564425958318,1.5777832515919794,3.6676977270538003,1.7449374057598694,2.3788116716309844,11.389098838803186,7.809322894359576,9.038022113726463,17.171256710810958,11.77405605611136,13.62655641761836,0.6205128205128205,0.0005128205128205332,0.0005128205128205332,0.4358974358974359,0.005897435897435854,0.005897435897435854,0.31794871794871793,0.0029487179487179827,0.0029487179487179827,0.3846153846153846,0.10328546134172734,0.16144673044161972,0.3608247422680413,0.3846153846153846,0.10328546134172734,0.16144673044161972,0.3608247422680413,0.3846153846153846,0.10328546134172734,0.16144673044161972,0.3608247422680413,18.0,0.0,0.0,30.0,0.0,0.0,38.0,1.0,1.0,0.00035869600234486463,0.0002137767528586171,0.0001063628661133795,-0.00022981043147218827,-0.0001238107118313181,-7.520514079484286e-05,0.9435897435897436,-0.4391309516037841,184,-0.7391519546508789
764,0,test,2.705786536223195,1.293704464477642,1.7573460371428768,3.9246093002876976,1.876454223251355,2.5489433511712,14.966083429172752,10.861591067889004,12.384403043803813,21.70756245132264,15.754199657028195,17.96296297344517,2.705786536223195,1.293704464477642,1.7573460371428768,3.9246093002876976,1.876454223251355,2.5489433511712,14.966083429172752,10.861591067889004,12.384403043803813,21.70756245132264,15.754199657028195,17.96296297344517,2.705786536223195,1.293704464477642,1.7573460371428768,3.9246093002876976,1.876454223251355,2.5489433511712,14.966083429172752,10.861591067889004,12.384403043803813,21.70756245132264,15.754199657028195,17.96296297344517,0.66875,0.11874999999999991,0.11874999999999991,0.46875,0.08374999999999999,0.08374999999999999,0.36250000000000004,0.0625,0.0625,0.38125,0.09687499999999993,0.1416666666666666,0.3584905660377359,0.38125,0.09687499999999993,0.1416666666666666,0.3584905660377359,0.38125,0.09687499999999993,0.1416666666666666,0.3584905660377359,18.0,1.0,1.0,26.0,3.0,3.0,37.0,3.0,3.0,0.0002434336949058371,0.0002912726134176324,9.466756494372477e-05,0.00011436961509936339,0.00012489399908677257,-4.4051035033909614e-05,0.14375,0.2859636173839869,23,-0.8293635845184326
995,0,test,2.4484891528312986,1.1768504433350138,1.5957069887154325,4.396557164937953,2.113176708470171,2.8652840819269816,11.570851717857288,8.004159168879074,9.224686521068051,20.776857829145204,14.37243179229381,16.56403565096891,2.486696104955992,1.1833206952965312,1.61062069948122,4.324688878184334,2.057949035298315,2.8010794773586434,12.021492686380027,8.339789712942379,9.620036241145156,20.906943802400047,14.503982109465007,16.73049781068723,2.448576311606555,1.17693760211027,1.5957941474906887,4.39671366901615,2.1133332125483686,2.865440586005179,11.571860263072832,8.005167714094618,9.225695066283595,20.77866879354684,14.374242756695445,16.565846615370546,0.6432160804020101,0.0032160804020100464,0.0032160804020100464,0.4371859296482412,-0.002814070351758735,-0.002814070351758735,0.29648241206030146,-0.00851758793969859,-0.00851758793969859,0.36734693877551017,0.06795793673885031,0.13396837703873943,0.3483606557377049,0.35678391959798994,0.06355083689122298,0.12639994630917528,0.3434343434343434,0.36734693877551017,0.06795793673885031,0.13396837703873943,0.35245901639344257,19.0,0.0,0.0,23.0,0.0,0.0,36.0,0.0,0.0,-0.00022055652629175517,-3.96545169995931e-05,-1.1741214630151271e-07,-0.007023360304938109,-0.006113034562434727,-0.006328672201623142,0.04081632653061224,0.5360665065807728,10,-0.1370406150817871
128,0,test,2.8219095062403565,1.3861038736355704,1.8578567183410222,4.477429749901366,2.199284812835105,2.947799326434422,16.808916778663786,12.605887035685214,14.186614175696924,26.670147955479873,20.001340763287207,22.50942782543912,2.8091968655622512,1.3467339503292608,1.8295253822443296,4.423932071751577,2.120840866660253,2.881142334243039,16.59658357692881,12.280005764669502,13.933002509560943,26.13635208965167,19.33859175538504,21.941736235529042,2.8219095062403565,1.3861038736355704,1.8578567183410222,4.477429749901366,2.199284812835105,2.947799326434422,16.808916778663786,12.605887035685214,14.186614175696924,26.670147955479873,20.001340763287207,22.50942782543912,0.6633165829145728,-0.0016834170854271857,-0.0016834170854271857,0.5226130653266332,-0.002386934673366814,-0.002386934673366814,0.39698492462311563,-0.0030150753768843908,-0.0030150753768843908,0.43881856540084385,0.14829224961137022,0.21160958924376105,0.43644067796610164,0.4321608040201005,0.14394025264165433,0.20678517797669482,0.4292929292929293,0.43881856540084385,0.14829224961137022,0.21160958924376105,0.43644067796610164,14.0,-2.0,-2.0,24.0,-7.0,-7.0,33.0,-8.0,-8.0,-0.000196537481800098,0.00012322953264796987,-2.8611693652442334e-05,4.537263278781012e-05,-4.0869005880850295e-05,-6.618974063954397e-05,0.9282700421940928,-0.3212143123970316,220,-0.24130630493164062
348,0,test,2.416482397832194,1.1649728993827864,1.580919476130286,4.85169721735301,2.3389765964352067,3.174094141998016,11.206370349729822,7.710754746461637,8.900258506351925,22.499611787442046,15.481282785531505,17.869511264691077,2.4018842076539615,1.1358377738635093,1.5520159678920518,4.952338572482395,2.3419335543577513,3.2000329234887666,11.043965913696978,7.497163625064175,8.704627313889112,22.771063739581397,15.458069330029225,17.94768518327652,2.416482397832194,1.1649728993827864,1.580919476130286,4.85169721735301,2.3389765964352067,3.174094141998016,11.206370349729822,7.710754746461637,8.900258506351925,22.499611787442046,15.481282785531505,17.869511264691077,0.5979899497487438,-0.0020100502512562235,-0.0020100502512562235,0.42713567839195976,-0.002864321608040288,-0.002864321608040288,0.31155778894472363,-0.003442211055276312,-0.003442211055276312,0.3527131782945736,0.07611743361372258,0.13492967313993443,0.30350194552529186,0.36180904522613067,0.08361355650432611,0.146450113673543,0.29292929292929293,0.3527131782945736,0.07611743361372258,0.13492967313993443,0.30350194552529186,19.0,0.0,0.0,28.0,0.0,0.0,37.0,0.0,0.0,-0.00027611167700979366,0.00027258785086591106,0.0003329160844639595,-0.00010015572628230274,-0.00015629801580718805,0.00010338106235963096,0.03875968992248062,0.5730268894753051,10,-0.3757896423339844
715,0,test,2.5619116989514117,1.1944925258448726,1.6462848668882262,4.173901082561288,1.9460833286236685,2.682149502233627,12.96057035658363,9.035363025259608,10.462229555279261,21.115535974209287,14.720535265872396,17.04520545523026,2.5619116989514117,1.1944925258448726,1.6462848668882262,4.173901082561288,1.9460833286236685,2.682149502233627,12.96057035658363,9.035363025259608,10.462229555279261,21.115535974209287,14.720535265872396,17.04520545523026,2.5619116989514117,1.1944925258448726,1.6462848668882262,4.173901082561288,1.9460833286236685,2.682149502233627,12.96057035658363,9.035363025259608,10.462229555279261,21.115535974209287,14.720535265872396,17.04520545523026,0.6805555555555556,0.16555555555555557,0.16555555555555557,0.48611111111111116,0.11111111111111116,0.11111111111111116,0.3402777777777778,0.07527777777777778,0.07527777777777778,0.39583333333333337,0.07749423298731262,0.15620199692780345,0.35664335664335667,0.39583333333333337,0.07749423298731262,0.15620199692780345,0.35664335664335667,0.39583333333333337,0.07749423298731262,0.15620199692780345,0.35664335664335667,18.0,3.0,3.0,25.0,3.0,3.0,34.0,6.0,6.0,-2.5942845855266885e-05,0.000143368934139194,3.878587337854821e-05,-0.0001428652667341268,7.755143404786224e-06,6.110974449846651e-05,0.9166666666666666,-0.3841903130782901,132,-0.5144443511962891
815,0,test,3.5791659614036755,1.744197982297284,2.3538395262175227,6.178050799620356,3.010685689188305,4.062996889203493,35.84363340312445,29.578699869670743,32.43835589935111,61.870220714947294,51.05622716357179,55.99232132945319,3.8176879269280355,1.8470203883635914,2.50315019270065,5.8285311861496725,2.8198784555169336,3.8216033476345803,45.4988898577297,38.32342506828395,41.775860299461435,69.46395398126671,58.509045905777015,63.77993938849074,3.5791659614036755,1.744197982297284,2.3538395262175227,6.178050799620356,3.010685689188305,4.062996889203493,35.84363340312445,29.578699869670743,32.43835589935111,61.870220714947294,51.05622716357179,55.99232132945319,0.8190954773869347,-0.0009045226130653949,-0.0009045226130653949,0.5979899497487438,-0.0020100502512562235,-0.0020100502512562235,0.49246231155778897,-0.002537688442211028,-0.002537688442211028,0.41481481481481486,0.10243034161703302,0.168509396095603,0.33085501858736055,0.39698492462311563,0.09122051359554673,0.14990646051627088,0.3434343434343434,0.41481481481481486,0.10243034161703302,0.168509396095603,0.33085501858736055,19.0,0.0,0.0,31.0,1.0,1.0,41.0,-2.0,-2.0,0.00015655684608954077,0.0003207797322345326,0.00019244854597148624,-0.0001833147886074471,0.00021597805698636563,6.13263787334617e-05,0.040740740740740744,0.4992413939068285,11,-0.24149131774902344
29,0,test,2.513852427728877,1.2220761765419244,1.649563456848198,3.9023174314163382,1.8970601112598477,2.5606595522004003,12.352425341605795,8.713180310181922,9.979107353899742,19.174985850050856,13.52569269080566,15.49082362494902,2.623561675404136,1.2339549493644182,1.6927185876379547,3.7479452505773376,1.7627927848063119,2.418169410911364,13.784732999933444,9.771461572483016,11.248086107620736,19.692475714190635,13.95923081783288,16.068694439458195,2.513852427728877,1.2220761765419244,1.649563456848198,3.9023174314163382,1.8970601112598477,2.5606595522004003,12.352425341605795,8.713180310181922,9.979107353899742,19.174985850050856,13.52569269080566,15.49082362494902,0.6281407035175879,-0.0018592964824121205,-0.0018592964824121205,0.4623115577889447,-0.002688442211055242,-0.002688442211055242,0.3266331658291457,-0.0033668341708542604,-0.0033668341708542604,0.39097744360902253,0.10955155242703374,0.15972744360902258,0.31320754716981136,0.39698492462311563,0.11628317023715073,0.16827040041610397,0.303030303030303,0.39097744360902253,0.10955155242703374,0.15972744360902258,0.31320754716981136,20.0,-4.0,-4.0,30.0,0.0,0.0,37.0,-4.0,-4.0,0.00024283900070533226,0.000548790866215336,0.0002972793440931358,-0.00015559510116602837,0.0002314721571865519,7.534460660885145e-05,0.041353383458646614,0.7423103237499862,11,-0.4793126583099365
949,0,test,2.760697916245608,1.3073403114292035,1.7875181822467248,4.1975523872740235,1.9877688945707188,2.7178639028312777,15.810873764177108,11.533421338129845,13.164527993248958,24.039925021555838,17.536196186630175,20.01624139324403,2.60947306340355,1.2072546945355505,1.6694871744322137,3.8947359155276864,1.8018726784112693,2.491771902137632,13.59188690189957,9.527681020167623,11.0319416072866,20.286398361044135,14.220419433086008,16.465584488487462,2.760697916245608,1.3073403114292035,1.7875181822467248,4.1975523872740235,1.9877688945707188,2.7178639028312777,15.810873764177108,11.533421338129845,13.164527993248958,24.039925021555838,17.536196186630175,20.01624139324403,0.6130653266331658,-0.001934673366834172,-0.001934673366834172,0.4824120603015075,-0.0025879396984924696,-0.0025879396984924696,0.3417085427135679,-0.003291457286432098,-0.003291457286432098,0.39768339768339767,0.10288570982212597,0.17560380846645285,0.43410852713178294,0.4170854271356784,0.12886487575723227,0.19170980109227276,0.4242424242424242,0.39768339768339767,0.10288570982212597,0.17560380846645285,0.43410852713178294,19.0,-8.0,-8.0,25.0,-5.0,-5.0,33.0,-7.0,-7.0,-0.00024236825285277197,-0.0003025433989861873,-0.000158729047273661,-0.00010708564814265742,-0.00016179463533028127,9.987650539144965e-05,0.05019305019305019,-0.4310285921794134,13,-0.3108508586883545
42,0,test,2.835003251140976,1.3625798265209248,1.8510441591555598,4.652313027513396,2.2360284332651075,3.037610927845021,17.03045566871845,12.670667702312809,14.355429689962133,27.947414430717455,20.792890588410764,23.557628209168627,2.9352334902321116,1.37233783350365,1.8886118111408208,4.659100778146208,2.178314021434365,2.99779652562035,18.825898285412723,14.05327715729731,15.977884940959093,29.882378230813845,22.306789138567158,25.361722128506496,2.835003251140976,1.3625798265209248,1.8510441591555598,4.652313027513396,2.2360284332651075,3.037610927845021,17.03045566871845,12.670667702312809,14.355429689962133,27.947414430717455,20.792890588410764,23.557628209168627,0.7738693467336684,-0.0011306532663316604,-0.0011306532663316604,0.5678391959798995,-0.0021608040201005485,-0.0021608040201005485,0.40201005025125625,-0.002989949748743781,-0.002989949748743781,0.388235294117647,0.07120985380453548,0.1353017869468517,0.35433070866141736,0.40201005025125625,0.07118298258208333,0.1415759934899875,0.36868686868686873,0.388235294117647,0.07120985380453548,0.1353017869468517,0.35433070866141736,21.0,-2.0,-2.0,33.0,-5.0,-5.0,41.0,-2.0,-2.0,0.00022625485320633577,0.00033064325043199034,0.0002189453937567202,-7.936596070123869e-05,-0.0001398081572467902,0.00011389473326595123,0.0392156862745098,-0.26225503959794316,10,-0.5232186317443848
962,0,test,3.980564174136307,1.9332405593170825,2.6126819301329753,5.84009780292991,2.836360236662289,3.8332048755965555,53.54723567269022,45.80009666570931,49.62021027117198,78.56200270226813,67.19576226136914,72.80045448544209,3.926496946113579,1.9029271050986671,2.574232520704884,5.77426021487291,2.798422213380393,3.785636059860123,50.728959768424794,43.16367612270256,46.862789488164054,74.60141142415411,63.475994298092004,68.9158668943589,3.980564174136307,1.9332405593170825,2.6126819301329753,5.84009780292991,2.836360236662289,3.8332048755965555,53.54723567269022,45.80009666570931,49.62021027117198,78.56200270226813,67.19576226136914,72.80045448544209,0.6934673366834171,-0.0015326633165829717,-0.0015326633165829717,0.6080402010050252,-0.001959798994974782,-0.001959798994974782,0.5226130653266332,-0.002386934673366814,-0.002386934673366814,0.43500000000000005,0.13076059850374067,0.20742524916943528,0.39698492462311563,0.4321608040201005,0.12890265865669193,0.20344627981308883,0.3939393939393939,0.43500000000000005,0.13076059850374067,0.20742524916943528,0.39698492462311563,22.0,0.0,0.0,35.0,-2.0,-2.0,46.0,-4.0,-4.0,0.0012761907721047991,0.0007178564369115511,0.00045942786119481695,0.00030177974162537424,0.00016250591636879363,0.00010144156963320938,0.94,0.3524809087492952,188,-0.24714994430541992
514,0,test,2.3265208730149842,1.1155154215160874,1.514401711188114,3.7944447571792,1.8193525327107614,2.4699170765806144,10.242245401000005,6.885387286638625,7.989568682455221,16.704614523059533,11.229738788922521,13.03060606543292,2.3780944335350487,1.0841135922261556,1.5097933801507355,3.4971976963750713,1.5942846944502285,2.220284382574611,10.784333008214725,7.1370560828793295,8.401473945943874,15.859313247374594,10.49567071011666,12.355108744035107,2.3265208730149842,1.1155154215160874,1.514401711188114,3.7944447571792,1.8193525327107614,2.4699170765806144,10.242245401000005,6.885387286638625,7.989568682455221,16.704614523059533,11.229738788922521,13.03060606543292,0.5829145728643217,-0.002085427135678275,-0.002085427135678275,0.4120603015075377,-0.0029396984924623393,-0.0029396984924623393,0.3316582914572864,-0.0033417085427135396,-0.0033417085427135396,0.3846153846153846,0.08662635353677395,0.15562634685655385,0.3345588235294118,0.371859296482412,0.0811324794398055,0.15149201768441534,0.31313131313131315,0.3846153846153846,0.08662635353677395,0.15562634685655385,0.3345588235294118,21.0,-12.0,-12.0,31.0,-18.0,-18.0,38.0,-18.0,-18.0,2.2721076447417544e-05,0.0004034418038558544,0.0001222155328465357,-0.00020410455418851114,0.00020435748183800229,5.0812707827141423e-05,0.05128205128205128,0.3187333326081066,14,-0.65336012840271
757,0,test,2.995709124055314,1.458712452771057,1.968585326454403,5.1330970945891625,2.4994792027818677,3.3731377784752414,19.999537015385414,15.348935026086776,17.206516038095064,34.26886960501434,26.300141477283525,29.483075233814578,2.6350780913715095,1.2462043671045948,1.7071026568682957,4.250125953825015,2.010007043717088,2.7533913820456375,13.944401358072591,9.934070587808094,11.415018269484609,22.490969932375148,16.022694496464666,18.411319789491305,3.000275551759245,1.4499913125114696,1.9647726849137985,5.114106054135077,2.4715761008718236,3.3490443492848843,20.09107229082736,15.378262733153536,17.274550075616233,34.246145950273906,26.212947840602617,29.44525581070949,0.5678391959798995,-0.0021608040201005485,-0.0021608040201005485,0.4321608040201005,-0.002839195979899567,-0.002839195979899567,0.321608040201005,-0.0033919597989949812,-0.0033919597989949812,0.38815789473684215,0.10244360902255645,0.16496314637798004,0.3993399339933993,0.36180904522613067,0.09865115048928852,0.1564668081643611,0.33333333333333337,0.3913043478260869,0.10582855483777309,0.1699472844223049,0.40268456375838924,23.0,0.0,0.0,32.0,0.0,0.0,37.0,0.0,0.0,-0.001061795647132566,0.0001753646591286868,-0.00018435831133021034,0.00048729044062767457,8.427820529455232e-05,-5.782855820246624e-05,0.03289473684210526,1.095120311514015,10,-0.4141247272491455
529,0,test,2.92858153762063,1.4247010993684277,1.9250978133076402,5.0062914122839155,2.4354687712176504,3.2908766673434666,18.701084888782603,14.20197111486317,15.973316801667268,31.968746465283775,24.277693865272852,27.305737505552834,3.046649538605338,1.472272219426283,1.9971863042067983,5.077749231008897,2.4537870323771385,3.3286438403446645,21.044716660083505,16.216982115809,18.18859901924576,35.07452776680584,27.028303526348335,30.314331698742937,2.92858153762063,1.4247010993684277,1.9250978133076402,5.0062914122839155,2.4354687712176504,3.2908766673434666,18.701084888782603,14.20197111486317,15.973316801667268,31.968746465283775,24.277693865272852,27.305737505552834,0.6984924623115578,-0.0015075376884421399,-0.0015075376884421399,0.5276381909547738,-0.002361809045226204,-0.002361809045226204,0.3869346733668342,-0.0030653266331658324,-0.0030653266331658324,0.376984126984127,0.07599402797422594,0.14347489215563092,0.3306772908366534,0.38190954773869346,0.08115766803944535,0.1481866762862728,0.3282828282828283,0.376984126984127,0.07599402797422594,0.14347489215563092,0.3306772908366534,14.0,0.0,0.0,24.0,0.0,0.0,31.0,0.0,0.0,0.0002373415269741713,0.00036645586076705335,0.00027155634218771995,-5.857619511928647e-05,-0.00012331829868550415,0.00012440840417138332,0.03968253968253968,0.6249646569702334,10,-0.2542097568511963
817,0,test,2.48738681605587,1.1808224187845915,1.6140195451994883,4.07026933536415,1.9322548671020585,2.641122892144617,12.029798933093781,8.336336313766866,9.634837157004315,19.685125526880732,13.641277604345781,15.766097166007059,2.375201495798928,1.1034609176804124,1.5263905182894224,3.8003223932782846,1.76553746828866,2.442224829263076,10.753179688330787,7.18612378678989,8.416313075920343,17.20508750132926,11.497798058863824,13.466100921472547,2.48738681605587,1.1808224187845915,1.6140195451994883,4.07026933536415,1.9322548671020585,2.641122892144617,12.029798933093781,8.336336313766866,9.634837157004315,19.685125526880732,13.641277604345781,15.766097166007059,0.5477386934673367,-0.002261306532663321,-0.002261306532663321,0.42713567839195976,-0.002864321608040288,-0.002864321608040288,0.3266331658291457,-0.0033668341708542604,-0.0033668341708542604,0.398406374501992,0.11610021148012317,0.1798633281443761,0.43200000000000005,0.38190954773869346,0.1037140590168889,0.16822006526790878,0.40909090909090906,0.398406374501992,0.11610021148012317,0.1798633281443761,0.43200000000000005,18.0,-1.0,-1.0,28.0,0.0,0.0,35.0,-2.0,-2.0,-2.976268437553887e-06,-0.0004394115429900984,-0.0003986154848830625,-0.0070649398361029014,-0.005362314847597638,-0.0054563543535488535,0.05179282868525897,0.2945531842856417,13,-0.7776706218719482
375,0,test,2.4403703294606864,1.1601498964577748,1.5854982038644407,4.0365874003028965,1.9189900803043694,2.62255363280722,11.477290334611501,7.879857703559063,9.126216615409662,18.984448792470598,13.033978465635432,15.095565848130448,2.365000960078486,1.1211526580233273,1.535220614929398,3.845530016387782,1.8230124520704512,2.4962936828120297,10.644049036627585,7.17511170678117,8.351233979629129,17.30739680752453,11.66684830370922,13.579242243299396,2.4403703294606864,1.1601498964577748,1.5854982038644407,4.0365874003028965,1.9189900803043694,2.62255363280722,11.477290334611501,7.879857703559063,9.126216615409662,18.984448792470598,13.033978465635432,15.095565848130448,0.6030150753768844,-0.0019849246231156137,-0.0019849246231156137,0.4371859296482412,-0.002814070351758735,-0.002814070351758735,0.3316582914572864,-0.0033417085427135396,-0.0033417085427135396,0.39312977099236646,0.0959869138495093,0.16724144611927005,0.3639846743295019,0.37688442211055273,0.08615760506794623,0.15150879606714707,0.33838383838383834,0.39312977099236646,0.0959869138495093,0.16724144611927005,0.3639846743295019,22.0,-1.0,-1.0,33.0,-1.0,-1.0,41.0,-1.0,-1.0,0.00010638324272078157,-0.00011844781440283571,1.7979312868475443e-05,-0.00012787541372372146,-0.00017828449388890277,8.936283448512938e-05,0.04580152671755725,0.2966420611259611,12,-0.6194782257080078
503,0,test,2.4171035288140685,1.1306017756892826,1.553528821246803,4.44887171245488,2.08096268858752,2.859393627512232,11.213333135725593,7.593232761554723,8.84170971673305,20.639033452712322,13.975950155325359,16.273871507610103,2.416698724604706,1.1472482917720204,1.5664233229286513,4.218623212248565,2.00265271984765,2.7343705373929965,11.208794849891843,7.64989867755914,8.868503566566785,19.566229606390145,13.353770498546217,15.480984296024474,2.4171035288140685,1.1306017756892826,1.553528821246803,4.44887171245488,2.08096268858752,2.859393627512232,11.213333135725593,7.593232761554723,8.84170971673305,20.639033452712322,13.975950155325359,16.273871507610103,0.595959595959596,0.000959595959596049,0.000959595959596049,0.4292929292929293,-0.0007070707070707671,-0.0007070707070707671,0.297979797979798,-0.002020202020202033,-0.002020202020202033,0.4031620553359684,0.11124884034583027,0.17845771893649398,0.40476190476190477,0.4040404040404041,0.11940564333511439,0.1842417463222833,0.40609137055837563,0.4031620553359684,0.11124884034583027,0.17845771893649398,0.40476190476190477,13.0,0.0,0.0,23.0,1.0,1.0,29.0,1.0,1.0,-1.4474060505977104e-05,-9.916686970106037e-05,7.613524584077394e-05,-0.004733137305430013,-0.005366686251827346,-0.005457734165756456,0.9565217391304348,0.48773627606308545,242,-0.33051156997680664
156,0,test,1.4556190823450386,0.6500301220209399,0.907982276711864,4.1311855860840145,1.8448473939260963,2.5769401758108144,4.287136734884624,2.0491225225673873,2.557974894757246,12.167302352339219,5.815604873572204,7.259776367977708,2.1713964391951106,0.9905368542150106,1.3759450675976108,4.216303765427399,1.9233725324563307,2.671737995335166,8.770522995346322,5.5133501786213355,6.555082237156979,17.03014173853655,10.70553432742007,12.728315023605786,1.4556190823450386,0.6500301220209399,0.907982276711864,4.1311855860840145,1.8448473939260963,2.5769401758108144,4.287136734884624,2.0491225225673873,2.557974894757246,12.167302352339219,5.815604873572204,7.259776367977708,0.4723618090452262,-0.0026381909547738003,-0.0026381909547738003,0.38190954773869346,-0.0030904522613065533,-0.0030904522613065533,0.31658291457286436,-0.003417085427135591,-0.003417085427135591,0.2895622895622896,0.10804968452027275,0.15742343177953477,0.17905405405405406,0.38190954773869346,0.14381430964345532,0.20160904690396897,0.2676767676767676,0.2895622895622896,0.10804968452027275,0.15742343177953477,0.17905405405405406,18.0,-8.0,-8.0,29.0,-14.0,-14.0,35.0,-13.0,-13.0,0.003921205507873312,0.0012496890640845847,0.0002475500323129886,-0.015424873598368638,-0.018951632849485645,-0.01592033241046442,0.03367003367003367,-0.425174398795866,10,-0.45060598850250244
251,0,test,2.4214565373917036,1.1695634218192874,1.5825791974831211,4.113159049816044,1.9866556754190632,2.6882167190124244,11.26225126432149,7.765294425808481,8.948483321113695,19.130399407888557,13.190363134250022,15.20016344956299,2.3495486098375356,1.0967904275563722,1.5124788841216152,3.915914349729226,1.8279840459272871,2.520798140202692,10.480837709778843,6.980854461488471,8.171248388537737,17.468062849631405,11.634757435814118,13.618747314229564,2.4214565373917036,1.1695634218192874,1.5825791974831211,4.113159049816044,1.9866556754190632,2.6882167190124244,11.26225126432149,7.765294425808481,8.948483321113695,19.130399407888557,13.190363134250022,15.20016344956299,0.6080402010050252,-0.001959798994974782,-0.001959798994974782,0.42713567839195976,-0.002864321608040288,-0.002864321608040288,0.3065326633165829,-0.0034673366834171437,-0.0034673366834171437,0.3846153846153846,0.09774669774669775,0.151775546122787,0.33333333333333337,0.38190954773869346,0.10120779335272856,0.1565339216952878,0.31313131313131315,0.3846153846153846,0.09774669774669775,0.151775546122787,0.33333333333333337,14.0,-3.0,-3.0,22.0,-4.0,-4.0,31.0,-6.0,-6.0,0.00021469886955159315,-0.0001022688155042722,7.971636325974383e-05,-0.005688975682430986,-0.00533370653470655,-0.005690133513132523,0.048582995951417005,0.43601062902936055,12,-0.6300418376922607
6,0,test,2.757397445269746,1.3278785463918963,1.8003814953233856,4.3505604136478215,2.095097262084992,2.840601914843564,15.758776454336749,11.582087155764125,13.154861797475707,24.863847294620204,18.273959734650063,20.755448613795007,2.9227484691159473,1.397511458639936,1.9033967312707507,4.298159513405804,2.055163909764611,2.7991128401040446,18.592317711110923,13.996084915565618,15.820920121776915,27.341643692810177,20.582477817008257,23.266059002613105,2.757397445269746,1.3278785463918963,1.8003814953233856,4.3505604136478215,2.095097262084992,2.840601914843564,15.758776454336749,11.582087155764125,13.154861797475707,24.863847294620204,18.273959734650063,20.755448613795007,0.6783919597989949,-0.0016080402010050232,-0.0016080402010050232,0.49246231155778897,-0.002537688442211028,-0.002537688442211028,0.40703517587939697,-0.00296482412060306,-0.00296482412060306,0.39575971731448767,0.11004543160020197,0.16896770791378257,0.375886524822695,0.4120603015075377,0.1213334844649312,0.18334577730052604,0.398989898989899,0.39575971731448767,0.11004543160020197,0.16896770791378257,0.375886524822695,20.0,-9.0,-9.0,30.0,-8.0,-8.0,39.0,-12.0,-12.0,0.00025199377872818057,0.0001412658822015762,5.049939019120108e-06,-0.0002734037727947225,0.00016562223134020115,1.5767138139999304e-05,0.0353356890459364,0.5797765614035347,10,-0.35735106468200684
981,0,test,3.5207407592878073,1.7124437753554478,2.3113205380216324,5.570792340645265,2.7095629356889996,3.6571527500342285,33.80946386447538,27.70941376647579,30.457922927495193,53.495987127334466,43.844009124170555,48.19291602451771,3.5867631744860144,1.7403562862881587,2.353548395681869,5.475974312192388,2.6570324981498605,3.593203657529571,36.11698215333117,29.779973168368315,32.68473642301811,55.14043076844454,45.46560789063865,49.900360951172686,3.5207407592878073,1.7124437753554478,2.3113205380216324,5.570792340645265,2.7095629356889996,3.6571527500342285,33.80946386447538,27.70941376647579,30.457922927495193,53.495987127334466,43.844009124170555,48.19291602451771,0.6984924623115578,-0.0015075376884421399,-0.0015075376884421399,0.5628140703517588,-0.0021859296482411583,-0.0021859296482411583,0.4824120603015075,-0.0025879396984924696,-0.0025879396984924696,0.40963855421686746,0.11104135982808994,0.17866392137307574,0.3629032258064516,0.42211055276381915,0.1288774700570522,0.19506547763861048,0.36868686868686873,0.40963855421686746,0.11104135982808994,0.17866392137307574,0.3629032258064516,23.0,0.0,0.0,35.0,0.0,0.0,42.0,0.0,0.0,0.0004914276067992514,0.00019732382476477306,0.0003246090693956075,-3.7786429536446065e-05,-0.00010682844012599446,0.00013492207507859177,0.0642570281124498,0.28391673605834244,16,-0.38251543045043945
268,0,test,3.6651428218953743,1.7674036773018342,2.3998454193171233,5.220697624211435,2.5175226798776134,3.4183844635621816,39.061714632846495,32.39091895666918,35.51756801511702,55.64023305260111,46.13822758362761,50.591884672695755,3.69611796840438,1.7624952913137184,2.4045671375342934,4.9612321723548725,2.3657654916962665,3.2276068960191857,40.29059102644822,33.37607705106737,36.65216626233655,54.08133023684325,44.8001034242515,49.19753860716316,3.6651428218953743,1.7674036773018342,2.3998454193171233,5.220697624211435,2.5175226798776134,3.4183844635621816,39.061714632846495,32.39091895666918,35.51756801511702,55.64023305260111,46.13822758362761,50.591884672695755,0.8090452261306533,-0.0009547738693467256,-0.0009547738693467256,0.6783919597989949,-0.0016080402010050232,-0.0016080402010050232,0.48743718592964824,-0.002562814070351749,-0.002562814070351749,0.4098360655737705,0.06218780381507927,0.15098047974270778,0.4032921810699589,0.4170854271356784,0.0662082341532223,0.15665137037440968,0.40909090909090906,0.4098360655737705,0.06218780381507927,0.15098047974270778,0.4032921810699589,23.0,-3.0,-3.0,36.0,-8.0,-8.0,43.0,-5.0,-5.0,0.0002472091159570081,6.806634942508676e-05,-8.721158097621797e-05,-3.136820234672655e-06,-7.934534252473924e-05,-9.790377231322367e-05,0.040983606557377046,0.5437070399637964,10,-0.3646090030670166
443,0,test,1.9485618792983428,0.9178839787130189,1.2600166006128313,2.9491747362353298,1.3892298056197043,1.9070521522788797,7.018586744325906,4.215621421698707,5.027769403022165,10.622725883304074,6.380399989598043,7.609596934303818,2.049367902758229,0.9196067199351083,1.29342981255372,2.9917779602309915,1.3424915619490634,1.8882187044579852,7.762992588936704,4.668075296486682,5.633384237596395,11.332835896257961,6.8147084620243525,8.223918595031233,1.9485618792983428,0.9178839787130189,1.2600166006128313,2.9491747362353298,1.3892298056197043,1.9070521522788797,7.018586744325906,4.215621421698707,5.027769403022165,10.622725883304074,6.380399989598043,7.609596934303818,0.5326633165829145,-0.0023366834170853723,-0.0023366834170853723,0.35678391959798994,-0.0032160804020100464,-0.0032160804020100464,0.26633165829145733,-0.0036683417085426884,-0.0036683417085426884,0.3584229390681004,0.08422939068100366,0.14575866188769415,0.3381294964028777,0.35678391959798994,0.0879396984924623,0.15242881072026804,0.33333333333333337,0.3584229390681004,0.08422939068100366,0.14575866188769415,0.3381294964028777,19.0,0.0,0.0,29.0,-2.0,-2.0,33.0,0.0,0.0,9.422972186946173e-05,0.00030618047141232224,-7.543961596034342e-05,-0.03702951399876575,-0.03905556460696058,-0.035596894654164934,0.03942652329749104,0.623112957896039,11,-0.6950953006744385
942,0,test,2.3986543884637075,1.1581201329113415,1.5689574111840467,3.7396344009119216,1.8055731206019336,2.4460910820034742,11.008353442532105,7.550893303835072,8.715729524672398,17.162629776546115,11.77225885164838,13.588302723504997,2.3986543884637075,1.1581201329113415,1.5689574111840467,3.7396344009119216,1.8055731206019336,2.4460910820034742,11.008353442532105,7.550893303835072,8.715729524672398,17.162629776546115,11.77225885164838,13.588302723504997,2.3986543884637075,1.1581201329113415,1.5689574111840467,3.7396344009119216,1.8055731206019336,2.4460910820034742,11.008353442532105,7.550893303835072,8.715729524672398,17.162629776546115,11.77225885164838,13.588302723504997,0.6142131979695431,-0.0007868020304568901,-0.0007868020304568901,0.42639593908629436,-0.0036040609137056867,-0.0036040609137056867,0.29441624365482233,-0.0005837563451777106,-0.0005837563451777106,0.36548223350253806,0.07868020304568524,0.14213197969543145,0.29591836734693877,0.36548223350253806,0.07868020304568524,0.14213197969543145,0.29591836734693877,0.36548223350253806,0.07868020304568524,0.14213197969543145,0.29591836734693877,22.0,0.0,0.0,31.0,1.0,1.0,38.0,1.0,1.0,0.0007370186605639043,0.000371636699540518,0.00015263321061034137,-0.0002494778627060157,-0.00013802240959837064,-8.631039106266059e-05,0.934010152284264,-0.4693549305357351,184,-0.48749756813049316
482,0,test,2.6427773539197696,1.2646720937851172,1.7202002859527141,4.061531512339856,1.9436013230802853,2.6436762289378555,14.052177330560399,10.084799977118061,11.53641198912861,21.595977792229665,15.498745227991968,17.729643688555544,2.6427773539197696,1.2646720937851172,1.7202002859527141,4.061531512339856,1.9436013230802853,2.6436762289378555,14.052177330560399,10.084799977118061,11.53641198912861,21.595977792229665,15.498745227991968,17.729643688555544,2.6427773539197696,1.2646720937851172,1.7202002859527141,4.061531512339856,1.9436013230802853,2.6436762289378555,14.052177330560399,10.084799977118061,11.53641198912861,21.595977792229665,15.498745227991968,17.729643688555544,0.6137931034482759,0.1487931034482759,0.1487931034482759,0.43448275862068964,0.10948275862068968,0.10948275862068968,0.35862068965517246,0.09362068965517245,0.09362068965517245,0.37241379310344824,0.08719042540585376,0.1458691706778189,0.29861111111111116,0.37241379310344824,0.08719042540585376,0.1458691706778189,0.29861111111111116,0.37241379310344824,0.08719042540585376,0.1458691706778189,0.29861111111111116,15.0,2.0,2.0,19.0,2.0,2.0,27.0,3.0,3.0,-0.00030189802631450563,0.00017788962880964048,1.2864019090537166e-05,-0.0001555779707667071,-9.537085201571927e-07,5.453719577896976e-05,0.8689655172413793,-0.42443894264989995,126,-0.5751693248748779
900,0,test,2.5119514895482222,1.1708485564966413,1.6152432078452112,4.344997171110438,2.0252515571833793,2.7939341973538787,12.328966448667066,8.50570847027967,9.877446347280307,21.32577980309979,14.712576813456725,17.08531260070107,2.603492233301712,1.2002927817877171,1.6659385494445258,4.303292947606136,1.9839550112193676,2.75361743709839,13.510838744797882,9.44264358461967,10.957112196523443,22.331964867434515,15.607675346478793,18.110929250451974,2.5119514895482222,1.1708485564966413,1.6152432078452112,4.344997171110438,2.0252515571833793,2.7939341973538787,12.328966448667066,8.50570847027967,9.877446347280307,21.32577980309979,14.712576813456725,17.08531260070107,0.6130653266331658,-0.001934673366834172,-0.001934673366834172,0.44723618090452266,-0.0027638190954772934,-0.0027638190954772934,0.3316582914572864,-0.0033417085427135396,-0.0033417085427135396,0.35686274509803917,0.08235294117647052,0.13594771241830061,0.2913385826771654,0.36180904522613067,0.085427135678392,0.14405360134003353,0.297979797979798,0.35686274509803917,0.08235294117647052,0.13594771241830061,0.2913385826771654,17.0,0.0,0.0,28.0,0.0,0.0,35.0,0.0,0.0,1.8804885106815807e-05,0.00028421186185297514,0.0003819959687224223,-0.009422526190712155,-0.010622172659301654,-0.011049010594383901,0.047058823529411764,0.5522590997523258,12,-0.3222041130065918
329,0,test,2.8609787576712526,1.3623421976873158,1.857295145745725,4.596023939742851,2.188536820800914,2.983654782520552,17.47862590652994,13.003043186642687,14.750312517866417,28.07856677887713,20.88875969983245,23.69566333515315,2.834810782779326,1.348145006038516,1.8386265735250413,4.361247358122039,2.074069240059255,2.8286562669616018,17.0271781602362,12.60485227200913,14.319248962125485,26.195658708055692,19.392080418475583,22.02961378788536,2.8609787576712526,1.3623421976873158,1.857295145745725,4.596023939742851,2.188536820800914,2.983654782520552,17.47862590652994,13.003043186642687,14.750312517866417,28.07856677887713,20.88875969983245,23.69566333515315,0.6984924623115578,-0.0015075376884421399,-0.0015075376884421399,0.507537688442211,-0.0024623115577889765,-0.0024623115577889765,0.3668341708542714,-0.0031658291457286047,-0.0031658291457286047,0.3870967741935484,0.0812617641331862,0.1471503934964974,0.4089068825910931,0.37688442211055273,0.07112001108298383,0.13648375433091997,0.4040404040404041,0.3870967741935484,0.0812617641331862,0.1471503934964974,0.4089068825910931,19.0,-3.0,-3.0,28.0,-7.0,-7.0,35.0,-4.0,-4.0,-0.00040257917648329344,-0.00010044764559348099,-1.5858645799454386e-05,-3.085650767697956e-05,-0.00010133182060556578,-0.00011602607612637428,0.9556451612903226,-0.32451980013186504,237,-0.4700629711151123
71,0,test,2.9919289145531147,1.4402960082921437,1.9541017882769867,4.6444477917772184,2.2358083384535017,3.033402194592764,19.924077292161478,15.204907435699226,17.101001135049756,30.928654866320432,23.602966775184264,26.54632152940863,3.1479866134082366,1.4983144940343793,2.0433669365406155,4.843056328320364,2.3050992215913526,3.143641440831716,23.28912732868399,18.083854489450758,20.271050922453536,35.82942665951383,27.82131459915501,31.186232188390054,2.9919289145531147,1.4402960082921437,1.9541017882769867,4.6444477917772184,2.2358083384535017,3.033402194592764,19.924077292161478,15.204907435699226,17.101001135049756,30.928654866320432,23.602966775184264,26.54632152940863,0.7336683417085428,-0.001331658291457205,-0.001331658291457205,0.5577889447236181,-0.00221105527638199,-0.00221105527638199,0.42211055276381915,-0.0028894472361808976,-0.0028894472361808976,0.39473684210526316,0.08329218919719561,0.15973684210526318,0.3735849056603774,0.40703517587939697,0.0837269052027052,0.15828726269074922,0.3939393939393939,0.39473684210526316,0.08329218919719561,0.15973684210526318,0.3735849056603774,23.0,0.0,0.0,32.0,0.0,0.0,42.0,0.0,0.0,-1.3227490794424674e-05,0.0004428673491214672,0.0001035561046308807,-0.00015559510116602837,0.0002314721571865519,7.534460660885145e-05,0.04887218045112782,-0.5037235339823243,13,-0.34985828399658203
364,0,test,2.7371275940089186,1.303070208982865,1.779954461014884,4.926829669216053,2.3455263761691567,3.2039180298267906,15.442564015796501,11.246875790124639,12.838240035525304,27.7966152284337,20.24437642222435,23.10883206394555,2.8708280002063833,1.3468340727614145,1.852628974686878,4.784713333677305,2.244723454602357,3.087714957811463,17.651627702047524,13.06110485579127,14.883422896340079,29.41937950341254,21.76850809298545,24.805704827233466,2.7371275940089186,1.303070208982865,1.779954461014884,4.926829669216053,2.3455263761691567,3.2039180298267906,15.442564015796501,11.246875790124639,12.838240035525304,27.7966152284337,20.24437642222435,23.10883206394555,0.6432160804020101,-0.001783919597989958,-0.001783919597989958,0.507537688442211,-0.0024623115577889765,-0.0024623115577889765,0.36180904522613067,-0.0031909547738693256,-0.0031909547738693256,0.36690647482014394,0.07785800085245986,0.15159547003545493,0.3140794223826715,0.371859296482412,0.0761199481114847,0.14815311952080934,0.303030303030303,0.36690647482014394,0.07785800085245986,0.15159547003545493,0.3140794223826715,21.0,0.0,0.0,29.0,0.0,0.0,40.0,1.0,1.0,0.0003857674692180923,0.0006565175023533133,0.0003994695888845736,-0.00023875416349117273,0.00018498985658865763,3.328992298534672e-05,0.07913669064748201,0.2753608266664922,22,-0.5552768707275391
601,0,test,3.237201702673527,1.5805393595874866,2.1305679210929234,4.902582925436208,2.393649203537118,3.2266404354124036,25.462370679361754,20.220584348442095,22.43820942551423,38.56150935255942,30.6230814987967,33.981565719564905,3.3212616208399033,1.6005132625804979,2.17112931079589,4.677833268788596,2.2542440318035184,3.057928606754775,27.695269455793,22.10656019934576,24.53665865781555,39.00742176872254,31.13600028076868,34.5586741659374,3.237201702673527,1.5805393595874866,2.1305679210929234,4.902582925436208,2.393649203537118,3.2266404354124036,25.462370679361754,20.220584348442095,22.43820942551423,38.56150935255942,30.6230814987967,33.981565719564905,0.6984924623115578,-0.0015075376884421399,-0.0015075376884421399,0.5678391959798995,-0.0021608040201005485,-0.0021608040201005485,0.457286432160804,-0.0027135678391959628,-0.0027135678391959628,0.4061302681992337,0.09446678827571553,0.17046147839031656,0.39230769230769236,0.40201005025125625,0.08872684223120608,0.16494828063522948,0.3939393939393939,0.4061302681992337,0.09446678827571553,0.17046147839031656,0.39230769230769236,24.0,0.0,0.0,34.0,1.0,1.0,43.0,0.0,0.0,4.171357339768931e-05,0.0005295433289381819,0.00015705917197242862,-0.00012094549186336678,-0.00017278787436758591,9.286739145242251e-05,0.038314176245210725,-0.5071574978103217,10,-0.33937883377075195
978,0,test,2.508661414837018,1.2032776890954442,1.626083931693275,3.8594790997492585,1.851196444762222,2.501667587220423,12.288469882832485,8.599365456362852,9.871348107866979,18.905338281280745,13.229793009789002,15.186689396718428,2.5046370182455906,1.17575106611271,1.6135844499154945,3.738264206336702,1.7548523374816565,2.408334999873872,12.239115583769495,8.462282114061702,9.801421442715407,18.267336692193275,12.63027181203239,14.628987227933443,2.508661414837018,1.2032776890954442,1.626083931693275,3.8594790997492585,1.851196444762222,2.501667587220423,12.288469882832485,8.599365456362852,9.871348107866979,18.905338281280745,13.229793009789002,15.186689396718428,0.5778894472361809,-0.002110552763819218,-0.002110552763819218,0.44723618090452266,-0.0027638190954772934,-0.0027638190954772934,0.3668341708542714,-0.0031658291457286047,-0.0031658291457286047,0.38075313807531386,0.10726670801268334,0.1623943063646045,0.3613445378151261,0.40201005025125625,0.13133335852193295,0.18999001686227457,0.3737373737373737,0.38075313807531386,0.10726670801268334,0.1623943063646045,0.3613445378151261,17.0,-7.0,-7.0,27.0,-10.0,-10.0,34.0,-11.0,-11.0,7.736646203195935e-05,8.335200826060028e-06,-6.194858622848985e-05,-0.005643121839014498,-0.005296355413356046,-0.00565951820723587,0.04184100418410042,0.4762716911315927,10,-0.3072192668914795
661,0,test,3.0832775817110374,1.4978368592721991,2.024316757679479,5.1829328674161,2.51783619288701,3.402839212295566,21.829834336015306,16.948392070369138,18.946461236178294,36.695549742749655,28.489935136694132,31.8486526301402,3.1943941273432266,1.5416624623316708,2.09268770796945,5.111030603749162,2.4666599397306728,3.348300332751119,24.395388714866918,19.174165718150217,21.386091947460162,39.03262194378707,30.67866514904035,34.21774711593626,3.0832775817110374,1.4978368592721991,2.024316757679479,5.1829328674161,2.51783619288701,3.402839212295566,21.829834336015306,16.948392070369138,18.946461236178294,36.695549742749655,28.489935136694132,31.8486526301402,0.7487437185929648,-0.0012562814070351536,-0.0012562814070351536,0.592964824120603,-0.0020351758793969443,-0.0020351758793969443,0.4371859296482412,-0.002814070351758735,-0.002814070351758735,0.40293040293040294,0.07934722194319999,0.15567096322272933,0.3529411764705882,0.4170854271356784,0.08375209380234505,0.16666806486522767,0.36363636363636365,0.40293040293040294,0.07934722194319999,0.15567096322272933,0.3529411764705882,19.0,0.0,0.0,27.0,0.0,0.0,41.0,0.0,0.0,0.00038558377534280905,0.00032276041553357766,0.00021579037017979794,-0.00020410455418851114,0.00020435748183800229,5.0812707827141423e-05,0.03663003663003663,0.6202199912017173,10,-0.1981351375579834
126,0,test,2.360647735623841,1.1186244601950739,1.5287065764302077,3.9183540645729065,1.8567644101197143,2.5374449295848347,10.597813811237092,7.135201610862474,8.300039050693174,17.590929047223476,11.84346389830234,13.776935567136972,2.4291602606466056,1.1477913059807576,1.568530994046112,3.8254492293647333,1.8075453637492247,2.4701275496789163,11.34934758351455,7.747780849555465,8.984699363736455,17.872988320495356,12.201229684339314,14.149132856277884,2.360647735623841,1.1186244601950739,1.5287065764302077,3.9183540645729065,1.8567644101197143,2.5374449295848347,10.597813811237092,7.135201610862474,8.300039050693174,17.590929047223476,11.84346389830234,13.776935567136972,0.6080402010050252,-0.001959798994974782,-0.001959798994974782,0.4321608040201005,-0.002839195979899567,-0.002839195979899567,0.29145728643216084,-0.0035427135678391952,-0.0035427135678391952,0.3662551440329218,0.08083419947440029,0.15284885128326375,0.32644628099173556,0.3517587939698492,0.05601944559892191,0.12805261700824655,0.31818181818181823,0.3662551440329218,0.08083419947440029,0.15284885128326375,0.32644628099173556,20.0,-4.0,-4.0,26.0,-1.0,-1.0,37.0,-11.0,-11.0,0.0004442626823978554,0.00024555835262292516,1.481212610733822e-05,3.793101625682027e-06,-7.384872300431056e-05,-9.33731963588258e-05,0.0411522633744856,0.7371472581099873,10,-0.41138529777526855
176,0,test,2.785219460448392,1.3441201786009578,1.8229612517255351,4.7905774719712335,2.3118867071936466,3.13549335296792,16.203373486201308,11.97803538378703,13.585772592823265,27.869802396266248,20.60222086011369,23.367528859656012,2.932095718145123,1.3964526200731835,1.9084939145777569,4.76763531405711,2.2706546667856644,3.1032421375248083,18.76691948666468,14.122608169236983,15.983718209977788,30.515316238479155,22.963590519084526,25.989785707280955,2.785219460448392,1.3441201786009578,1.8229612517255351,4.7905774719712335,2.3118867071936466,3.13549335296792,16.203373486201308,11.97803538378703,13.585772592823265,27.869802396266248,20.60222086011369,23.367528859656012,0.6432160804020101,-0.001783919597989958,-0.001783919597989958,0.4773869346733668,-0.0026130653266331905,-0.0026130653266331905,0.38190954773869346,-0.0030904522613065533,-0.0030904522613065533,0.40077821011673154,0.12116655963129463,0.18473681296278588,0.34765625,0.3869346733668342,0.10623291898086928,0.1699062927324435,0.3434343434343434,0.40077821011673154,0.12116655963129463,0.18473681296278588,0.34765625,17.0,0.0,0.0,29.0,0.0,0.0,37.0,0.0,0.0,0.00038682948440944403,3.9499841342538616e-05,0.00024347430043238208,-9.322580442105988e-05,-0.00015080139628764755,0.00010688561932692409,0.038910505836575876,-0.2819053554670601,10,-0.25559258460998535
477,0,test,2.885987386834813,1.3761359240884472,1.8754439530752867,4.694295939345234,2.23839830690336,3.0505638983566374,17.921254072720522,13.395195616631526,15.174160599932616,29.150394282842875,21.78838780679938,24.682020722675205,2.926042209059379,1.3886501198125198,1.8971083460447002,4.757792209852648,2.2579676744919017,3.084729017958862,18.653656932865033,14.001215648381702,15.855575826703188,30.331149484333388,22.76620430631171,25.78142410846047,2.885987386834813,1.3761359240884472,1.8754439530752867,4.694295939345234,2.23839830690336,3.0505638983566374,17.921254072720522,13.395195616631526,15.174160599932616,29.150394282842875,21.78838780679938,24.682020722675205,0.7085427135678393,-0.0014572864321606982,-0.0014572864321606982,0.5226130653266332,-0.002386934673366814,-0.002386934673366814,0.3919597989949749,-0.0030402010050251116,-0.0030402010050251116,0.41015625,0.095703125,0.171875,0.39607843137254906,0.40201005025125625,0.09045226130653261,0.15745393634840865,0.3939393939393939,0.41015625,0.095703125,0.171875,0.39607843137254906,21.0,-4.0,-4.0,34.0,-7.0,-7.0,41.0,-8.0,-8.0,6.62908181626835e-05,0.00017316241375255718,0.0001170476113581834,-8.629588256159337e-05,-0.00014530477676810705,0.00011039017629776993,0.0390625,-0.5863897978542202,10,-0.30103421211242676
229,0,test,2.8479217434590893,1.371232998011815,1.8619111317644603,4.491579435398335,2.1626303282929196,2.936499842097091,17.25189070329331,12.873467127298497,14.571371222932234,27.208696194908303,20.3032967264822,22.981134043024547,2.6579937979337074,1.2793360371516844,1.7363478120433304,4.058005798372072,1.9531847895445562,2.650912690142489,14.267636604903782,10.298066667258983,11.754212557353002,21.782651305196612,15.722239186654935,17.94536268298168,2.8479217434590893,1.371232998011815,1.8619111317644603,4.491579435398335,2.1626303282929196,2.936499842097091,17.25189070329331,12.873467127298497,14.571371222932234,27.208696194908303,20.3032967264822,22.981134043024547,0.5979899497487438,-0.0020100502512562235,-0.0020100502512562235,0.44221105527638194,-0.0027889447236180143,-0.0027889447236180143,0.33668341708542715,-0.0033165829145728187,-0.0033165829145728187,0.3854545454545455,0.09144365616234951,0.17021875343519843,0.36496350364963503,0.35678391959798994,0.07106963388370424,0.14476388620900826,0.30808080808080807,0.3854545454545455,0.09144365616234951,0.17021875343519843,0.36496350364963503,15.0,0.0,0.0,25.0,0.0,0.0,33.0,0.0,0.0,-0.0004033319998564057,-0.00016234620924684387,0.00012937626101182538,-0.0002179643979092205,0.00019661043173790915,4.380359388900246e-05,0.04,0.4926155144380047,11,-0.5647714138031006
865,0,test,3.014979617998828,1.4821362574364478,1.9904751221189594,4.496626744558252,2.210500361090931,2.968651467845991,20.388675374308814,15.757348724170836,17.602960588933502,30.408252986826287,23.500960097191932,26.253558364066535,3.10780276881119,1.4759369639599336,2.0148421303114965,4.536938348629475,2.15465250213129,2.9413753727175127,22.371834265523454,17.258427823373772,19.388741394436977,32.65961206645759,25.19478514361134,28.304731962681714,3.014979617998828,1.4821362574364478,1.9904751221189594,4.496626744558252,2.210500361090931,2.968651467845991,20.388675374308814,15.757348724170836,17.602960588933502,30.408252986826287,23.500960097191932,26.253558364066535,0.7437185929648241,-0.0012814070351758744,-0.0012814070351758744,0.5276381909547738,-0.002361809045226204,-0.002361809045226204,0.42713567839195976,-0.002864321608040288,-0.002864321608040288,0.4076923076923077,0.09675180865200061,0.16344678339563246,0.38223938223938225,0.40703517587939697,0.09124570219518646,0.16329560993615821,0.38888888888888884,0.4076923076923077,0.09675180865200061,0.16344678339563246,0.38223938223938225,20.0,-5.0,-5.0,29.0,-1.0,-1.0,41.0,-6.0,-6.0,1.2224773698113452e-05,0.000158632282268535,0.00011244759724974832,-0.00011401557000390028,-0.0001672912548489336,9.637194842149199e-05,0.9423076923076923,-0.2705932138224991,245,-0.35442280769348145
382,0,test,2.8959652100897264,1.406864797951067,1.9025954909656777,4.83264194433723,2.3477056315808422,3.174956225548974,18.10096424558816,13.66785848901301,15.400645772300019,30.20598408482524,22.80823885354046,25.699827632525654,3.1792485493793383,1.4908464593829112,2.0520555671376535,4.7451470886258775,2.2251439692282253,3.062769503190527,24.028690391819374,18.61786261398039,20.941711269989,35.86371700271548,27.787854647731923,31.25628547759552,2.8959652100897264,1.406864797951067,1.9025954909656777,4.83264194433723,2.3477056315808422,3.174956225548974,18.10096424558816,13.66785848901301,15.400645772300019,30.20598408482524,22.80823885354046,25.699827632525654,0.6984924623115578,-0.0015075376884421399,-0.0015075376884421399,0.5477386934673367,-0.002261306532663321,-0.002261306532663321,0.42211055276381915,-0.0028894472361808976,-0.0028894472361808976,0.37593984962406013,0.06824754193175242,0.14468984962406017,0.2867924528301887,0.40201005025125625,0.08120804523872494,0.1699566278806386,0.31313131313131315,0.37593984962406013,0.06824754193175242,0.14468984962406017,0.2867924528301887,22.0,-4.0,-4.0,33.0,-3.0,-3.0,44.0,-6.0,-6.0,0.000490056500935723,0.0007000345466032246,0.00023908014557379168,-0.00015559510116602837,0.0002314721571865519,7.534460660885145e-05,0.03759398496240601,0.7759786108550013,10,-0.3824596405029297
508,0,test,2.2903782868262907,1.077833468448066,1.47670472069216,4.027906642349684,1.8955002376155647,2.5969634743206953,9.878673946653864,6.516644416760943,7.622492934876242,17.372840388943004,11.46030569844166,13.405073782023736,2.26593742560293,1.0324195603740356,1.442194449079506,3.745351116699058,1.7064786121884885,2.3837924778173654,9.640157296975087,6.206871141913418,7.361143107284653,15.934144292520806,10.259291143658544,12.1671786897267,2.2903782868262907,1.077833468448066,1.47670472069216,4.027906642349684,1.8955002376155647,2.5969634743206953,9.878673946653864,6.516644416760943,7.622492934876242,17.372840388943004,11.46030569844166,13.405073782023736,0.6030150753768844,-0.0019849246231156137,-0.0019849246231156137,0.4120603015075377,-0.0029396984924623393,-0.0029396984924623393,0.31658291457286436,-0.003417085427135591,-0.003417085427135591,0.3700787401574803,0.08380423035355877,0.14031372710265,0.35573122529644263,0.3869346733668342,0.0944346733668342,0.1623090494067676,0.36363636363636365,0.3700787401574803,0.08380423035355877,0.14031372710265,0.35573122529644263,19.0,-2.0,-2.0,29.0,-5.0,-5.0,37.0,-4.0,-4.0,0.00020304005984838472,-6.326310366473364e-05,0.0001386892844854035,-0.004747965080402317,-0.005378804706158924,-0.0054668680244542855,0.05905511811023622,-0.37117064619065615,15,-0.5468542575836182
859,0,test,2.5980765798333225,1.2725640881953217,1.6427137760495532,4.841869989689373,2.3715967098185535,3.0614211280923485,13.437866498639773,9.673752560955778,10.838252937152244,25.04329665655594,18.028357045417586,20.198562291965544,2.635450225878203,1.272220364326684,1.725943108947269,4.664513674120713,2.2517174589852815,3.0547665645084408,13.949591516651767,10.040793705461187,11.466493162068469,24.68954250734826,17.771316292851658,20.294678162953044,2.4112808198367923,1.1631179888481342,1.5783115592963628,4.607542967841004,2.2225184500282817,3.01588196043891,11.148230879890903,7.6642943856696775,8.84809255923956,21.302351999791536,14.645148507649068,16.907183234215722,0.5376884422110553,-0.0023115577889447625,-0.0023115577889447625,0.42713567839195976,-0.002864321608040288,-0.002864321608040288,0.35678391959798994,-0.0032160804020100464,-0.0032160804020100464,0.36684782608695654,0.11990074331897826,0.17134440477708357,0.33787465940054495,0.3668341708542714,0.1212201357665521,0.1748475264469258,0.31818181818181823,0.3612040133779264,0.12581169284370275,0.17877909680395532,0.3087248322147651,19.0,0.0,0.0,29.0,1.0,1.0,35.0,0.0,0.0,0.0001065114380016148,6.470966019969308e-05,0.00012120669019852621,-0.04995866431372065,-0.05599892926752492,-0.05163382104161407,0.02717391304347826,0.8735931944499103,10,-0.7685823440551758
850,0,test,2.5139193800763615,1.1708403884873635,1.6171457469467772,3.828013601479914,1.7828705915603038,2.4624719328507743,12.353252393165752,8.52243196374728,9.901572076207993,18.81063432595694,12.97733958116063,15.077393843316717,2.4825058837324567,1.167467430926748,1.6009256635473563,3.6507439466653775,1.7168638690099238,2.354302446393171,11.971225361741517,8.246331146610574,9.55651289123399,17.60474317903164,12.12695756854496,14.053695428285275,2.5139193800763615,1.1708403884873635,1.6171457469467772,3.828013601479914,1.7828705915603038,2.4624719328507743,12.353252393165752,8.52243196374728,9.901572076207993,18.81063432595694,12.97733958116063,15.077393843316717,0.6130653266331658,-0.001934673366834172,-0.001934673366834172,0.4522613065326633,-0.0027386934673366836,-0.0027386934673366836,0.321608040201005,-0.0033919597989949812,-0.0033919597989949812,0.4044943820224719,0.11664391473275226,0.189052289868051,0.34962406015037595,0.39698492462311563,0.11127063890882993,0.18162599307052796,0.31313131313131315,0.4044943820224719,0.11664391473275226,0.189052289868051,0.34962406015037595,19.0,-8.0,-8.0,31.0,-13.0,-13.0,39.0,-14.0,-14.0,-0.00010296732601684937,0.00019075798573239637,0.00016996830124721635,-0.004838054064588704,-0.005016894536296945,-0.005512427265048636,0.9588014981273408,-0.43811856824588113,256,-0.5359749794006348
881,0,test,2.966997329257257,1.4371291378510496,1.9430910168403754,5.827075835838578,2.8224698383020614,3.8161607357765934,19.4334795613395,14.815911414317354,16.649430646183713,38.166653552901,29.097916111001652,32.69888180962207,3.2256999134850086,1.5340552544403434,2.0940239210464213,5.812071916189204,2.764063521514132,3.773016073957516,25.1711856441063,19.742784407410312,22.070336496891777,45.35348764703837,35.57258451785642,39.76637206647167,2.966997329257257,1.4371291378510496,1.9430910168403754,5.827075835838578,2.8224698383020614,3.8161607357765934,19.4334795613395,14.815911414317354,16.649430646183713,38.166653552901,29.097916111001652,32.69888180962207,0.6834170854271358,-0.0015829145728643024,-0.0015829145728643024,0.5527638190954773,-0.0022361809045226,-0.0022361809045226,0.4371859296482412,-0.002814070351758735,-0.002814070351758735,0.4055299539170507,0.11587478150325758,0.18807206724017478,0.3379629629629629,0.4120603015075377,0.10880215614412914,0.18167632821872304,0.36868686868686873,0.4055299539170507,0.11587478150325758,0.18807206724017478,0.3379629629629629,17.0,0.0,0.0,29.0,0.0,0.0,36.0,0.0,0.0,0.0009128129976604457,0.00034965738312264566,0.00015587743652424683,-0.027475759882576334,-0.026166595432805195,-0.0279249301950788,0.059907834101382486,-0.5493547114725683,13,-0.6857454776763916
839,0,test,3.053560730909113,1.4663210240310578,1.9952646890142844,4.5356983956193835,2.1780440941747874,2.9637264971323285,21.190664499765347,16.300432691687814,18.30920757786763,31.47619171310174,24.2123386180626,27.19613289344081,3.113697011210887,1.4873516237461628,2.0268344742856406,4.354820994700542,2.0802120611834445,2.8347335304694274,22.504088666459722,17.418832589764065,19.53913164537819,31.474249883160454,24.362003622047645,27.32745684668279,3.053560730909113,1.4663210240310578,1.9952646890142844,4.5356983956193835,2.1780440941747874,2.9637264971323285,21.190664499765347,16.300432691687814,18.30920757786763,31.47619171310174,24.2123386180626,27.19613289344081,0.728643216080402,-0.001356783919598037,-0.001356783919598037,0.5678391959798995,-0.0021608040201005485,-0.0021608040201005485,0.4170854271356784,-0.0029145728643216184,-0.0029145728643216184,0.3913043478260869,0.08558442672155042,0.1521453465120265,0.3412698412698413,0.40703517587939697,0.09625823352350726,0.15828726269074922,0.3484848484848485,0.3913043478260869,0.08558442672155042,0.1521453465120265,0.3412698412698413,21.0,0.0,0.0,32.0,0.0,0.0,42.0,0.0,0.0,0.0005127259572418375,0.0001025754964024404,0.0002085038297380402,-6.550611697964115e-05,-0.000128814918206821,0.00012090384720320202,0.9565217391304348,-0.5347128625636091,242,-0.5412414073944092
924,0,test,2.6873410560217486,1.3091960855267015,1.7682181988549281,4.3669292160353415,2.12744363898089,2.8733545731392587,14.692557249688736,10.725022347133727,12.185466900818156,23.875405530744196,17.428161314092307,19.8013837138295,2.857180682592623,1.362574977511384,1.8583812399023385,4.171066689916238,1.9891605511115094,2.7129653137260417,17.412366681472523,12.954788075770942,14.697346347934975,25.41951340360952,18.912099380687504,21.455980069978065,2.6873410560217486,1.3091960855267015,1.7682181988549281,4.3669292160353415,2.12744363898089,2.8733545731392587,14.692557249688736,10.725022347133727,12.185466900818156,23.875405530744196,17.428161314092307,19.8013837138295,0.6432160804020101,-0.001783919597989958,-0.001783919597989958,0.507537688442211,-0.0024623115577889765,-0.0024623115577889765,0.36180904522613067,-0.0031909547738693256,-0.0031909547738693256,0.3894736842105263,0.10400958613697109,0.1747712338021249,0.34507042253521125,0.371859296482412,0.07361368244732425,0.14982256860261234,0.33838383838383834,0.3894736842105263,0.10400958613697109,0.1747712338021249,0.34507042253521125,17.0,0.0,0.0,31.0,0.0,0.0,38.0,0.0,0.0,0.000641893648056522,0.00036569440254545185,9.692542551504774e-05,-0.0002872636165145437,0.00015787518124010802,8.758024202748516e-06,0.0456140350877193,0.413064936379925,13,-0.23438429832458496
540,0,test,2.995384363304334,1.4394438325010774,1.9539610284468028,4.667654161222705,2.243059714449532,3.044822706904834,19.993043005281923,15.253500890408265,17.159796200544076,31.154803210684715,23.769259056219013,26.73980512232022,3.038498103952073,1.4548824674922043,1.9769188434014267,4.674612467618574,2.238280719218776,3.0414136052329646,20.873869298989828,16.001327960230704,17.98293637659162,32.113645075368964,24.617427631124162,27.66605596398711,2.995384363304334,1.4394438325010774,1.9539610284468028,4.667654161222705,2.243059714449532,3.044822706904834,19.993043005281923,15.253500890408265,17.159796200544076,31.154803210684715,23.769259056219013,26.73980512232022,0.7185929648241206,-0.0014070351758793676,-0.0014070351758793676,0.542713567839196,-0.0022864321608039306,-0.0022864321608039306,0.3869346733668342,-0.0030653266331658324,-0.0030653266331658324,0.38735177865612647,0.08163185755158997,0.1547630795759688,0.36904761904761907,0.3869346733668342,0.07615773101094447,0.14486455650539842,0.36363636363636365,0.38735177865612647,0.08163185755158997,0.1547630795759688,0.36904761904761907,21.0,0.0,0.0,32.0,0.0,0.0,38.0,0.0,0.0,2.503650601309408e-05,-7.562053280367356e-05,2.5024903373102133e-05,-6.550611697964115e-05,-0.000128814918206821,0.00012090384720320202,0.043478260869565216,0.3740066835665367,11,-0.472245454788208
525,0,test,2.9202679723298113,1.431472174684894,1.9255579954656934,4.557985821676936,2.2342572456230445,3.005431736166049,18.546256677521853,14.114501103559412,15.842316655136745,28.947197922348302,22.030065911636655,24.7268591036256,2.9978145651794104,1.4336237713726372,1.9533485974551248,4.612022407968324,2.2055750328809802,3.0051516883925,20.04168922200382,15.26288289082632,17.199808759553484,30.833368033852032,23.481358293578953,26.461244245466897,2.9202679723298113,1.431472174684894,1.9255579954656934,4.557985821676936,2.2342572456230445,3.005431736166049,18.546256677521853,14.114501103559412,15.842316655136745,28.947197922348302,22.030065911636655,24.7268591036256,0.6582914572864322,-0.0017085427135676845,-0.0017085427135676845,0.48743718592964824,-0.002562814070351749,-0.002562814070351749,0.371859296482412,-0.003140703517587995,-0.003140703517587995,0.3695652173913043,0.08540035838913518,0.14702186479014823,0.36244541484716153,0.371859296482412,0.0811324794398055,0.15149201768441534,0.36868686868686873,0.3695652173913043,0.08540035838913518,0.14702186479014823,0.36244541484716153,18.0,0.0,0.0,28.0,0.0,0.0,36.0,0.0,0.0,9.054612092427612e-05,0.0001298924313378681,2.1843100869707915e-05,9.388208581206925e-05,-2.3926692396258886e-06,-3.447570896586427e-05,0.9391304347826087,-0.5083369687838876,216,-0.6731088161468506
311,0,test,2.978073568913117,1.4322245573527852,1.9472544899225583,4.2264579437605345,2.032601518263296,2.763527836708277,19.649925931387283,14.95797247218783,16.846564862651164,27.88701609454458,21.228233660024145,23.908508719217057,3.032988911262221,1.4412471934565507,1.9695920745782332,4.098633663867866,1.9476313425088523,2.6616109115922066,20.759187323450746,15.846890006021386,17.862995132256845,28.05295584250101,21.414716224353228,24.139182611157903,2.978073568913117,1.4322245573527852,1.9472544899225583,4.2264579437605345,2.032601518263296,2.763527836708277,19.649925931387283,14.95797247218783,16.846564862651164,27.88701609454458,21.228233660024145,23.908508719217057,0.6482412060301508,-0.0017587939698492372,-0.0017587939698492372,0.49246231155778897,-0.002537688442211028,-0.002537688442211028,0.40201005025125625,-0.002989949748743781,-0.002989949748743781,0.4035714285714286,0.10232365673542143,0.17791822192059725,0.3870967741935484,0.3919597989949749,0.0962204506240476,0.16825362203337224,0.3787878787878788,0.4035714285714286,0.10232365673542143,0.17791822192059725,0.3870967741935484,22.0,0.0,0.0,33.0,0.0,0.0,40.0,0.0,0.0,-1.759443560916754e-05,0.00011927962512319726,1.3751190968893264e-05,-0.004920245195663142,-0.0050606285271310725,-0.004782921430543929,0.9535714285714286,-0.41130247481978727,267,-0.3883519172668457
461,0,test,2.360355302162627,1.1318784983309613,1.5384219650746704,4.245361272639725,2.035809243525826,2.767022839960692,10.594715108967169,7.178692809569735,8.319821383826344,19.055772314045115,12.911676650545562,14.964123183409884,2.4324167221073814,1.1155893632214529,1.5523725578078453,4.230289951491098,1.9401554142981792,2.6997783614049484,11.386366539212407,7.654802874440956,8.975360354747163,19.80237658993462,13.312700651201663,15.609322356082025,2.360355302162627,1.1318784983309613,1.5384219650746704,4.245361272639725,2.035809243525826,2.767022839960692,10.594715108967169,7.178692809569735,8.319821383826344,19.055772314045115,12.911676650545562,14.964123183409884,0.5879396984924623,-0.002060301507537776,-0.002060301507537776,0.42211055276381915,-0.0028894472361808976,-0.0028894472361808976,0.3266331658291457,-0.0033668341708542604,-0.0033668341708542604,0.3565891472868217,0.0736434108527132,0.1369509043927648,0.311284046692607,0.36180904522613067,0.08040201005025127,0.13567839195979903,0.30808080808080807,0.3565891472868217,0.0736434108527132,0.1369509043927648,0.311284046692607,20.0,-5.0,-5.0,32.0,-10.0,-10.0,36.0,-6.0,-6.0,-0.0002361454699546776,0.00038967212010904086,0.0005030069111262792,-0.01880227189253425,-0.02113427068953566,-0.021463475999442316,0.03875968992248062,0.6567238074194418,10,-0.32747364044189453
183,0,test,3.386392114452054,1.6376883753316311,2.21908055630293,5.3686704253508175,2.5963352291842936,3.5180545404802546,29.559113756363462,23.811965714065295,26.345771624285526,46.862009613746956,37.750677351566935,41.76768672142828,3.5646891926962825,1.710143728829884,2.3270380606514305,5.320431630889973,2.552453326611767,3.4731911353006426,35.32847135079188,28.939677697808666,31.8809651405993,52.72906171759982,43.1935488026995,47.58353006059597,3.386392114452054,1.6376883753316311,2.21908055630293,5.3686704253508175,2.5963352291842936,3.5180545404802546,29.559113756363462,23.811965714065295,26.345771624285526,46.862009613746956,37.750677351566935,41.76768672142828,0.7035175879396984,-0.001482412060301641,-0.001482412060301641,0.5527638190954773,-0.0022361809045226,-0.0022361809045226,0.457286432160804,-0.0027135678391959628,-0.0027135678391959628,0.4092664092664092,0.10676159231072524,0.18205203185947727,0.3565891472868217,0.4170854271356784,0.11633354743643032,0.18670145384686376,0.36363636363636365,0.4092664092664092,0.10676159231072524,0.18205203185947727,0.3565891472868217,20.0,-6.0,-6.0,31.0,-9.0,-9.0,39.0,-10.0,-10.0,0.00045732543121488554,9.507599239472726e-05,0.00020959968468966037,-0.00010708564814265742,-0.00016179463533028127,9.987650539144965e-05,0.03861003861003861,0.8013625307596888,10,-0.33531785011291504
331,0,test,2.601136810447591,1.2612215160515936,1.7066545224781053,4.028934733573714,1.9535224569277396,2.6434594505774998,13.479052456211242,9.660332431531234,11.032983354011934,20.877880163153282,14.96301490753479,17.089131825507614,2.509310960735258,1.2037252916749757,1.6375749051380342,3.6366825517902295,1.7445294082246026,2.3732969639681656,12.296454400915282,8.606604909226766,9.905396138419043,17.8209484071236,12.473340448154733,14.355646577418902,2.601136810447591,1.2612215160515936,1.7066545224781053,4.028934733573714,1.9535224569277396,2.6434594505774998,13.479052456211242,9.660332431531234,11.032983354011934,20.877880163153282,14.96301490753479,17.089131825507614,0.6080402010050252,-0.001959798994974782,-0.001959798994974782,0.4371859296482412,-0.002814070351758735,-0.002814070351758735,0.3316582914572864,-0.0033417085427135396,-0.0033417085427135396,0.3697183098591549,0.10258298472734473,0.15777451594814784,0.37809187279151946,0.3668341708542714,0.09866374478910844,0.15147523930168372,0.3535353535353535,0.3697183098591549,0.10258298472734473,0.15777451594814784,0.37809187279151946,21.0,-11.0,-11.0,28.0,-6.0,-6.0,37.0,-11.0,-11.0,-0.0006119315671496597,0.0001884240067942937,-4.655612914868975e-05,-0.004947964883104561,-0.0050761226273303706,-0.00556637543178784,0.03873239436619718,-0.5988228855826371,11,-0.6055781841278076
944,0,test,2.710606328181801,1.3190364426098764,1.7767662052403566,4.45536442448273,2.168071394174854,2.920431808613459,15.03839095136588,11.017233093229386,12.49413023534003,24.718274782130123,18.108785429101175,20.536329007512922,2.710606328181801,1.3190364426098764,1.7767662052403566,4.45536442448273,2.168071394174854,2.920431808613459,15.03839095136588,11.017233093229386,12.49413023534003,24.718274782130123,18.108785429101175,20.536329007512922,2.710606328181801,1.3190364426098764,1.7767662052403566,4.45536442448273,2.168071394174854,2.920431808613459,15.03839095136588,11.017233093229386,12.49413023534003,24.718274782130123,18.108785429101175,20.536329007512922,0.6830985915492958,0.17309859154929574,0.17309859154929574,0.5,0.135,0.135,0.352112676056338,0.102112676056338,0.102112676056338,0.3661971830985915,0.07146034099332832,0.12554297749111487,0.34751773049645385,0.3661971830985915,0.07146034099332832,0.12554297749111487,0.34751773049645385,0.3661971830985915,0.07146034099332832,0.12554297749111487,0.34751773049645385,21.0,2.0,2.0,30.0,2.0,2.0,35.0,4.0,4.0,0.00025063148821734494,2.2744111994688352e-05,-9.421233104603629e-05,-0.011806262464079786,-0.010463813490612317,-0.009698212959516894,0.1267605633802817,0.3394523867699218,18,-0.4759647846221924
99,0,test,2.173800968656516,1.0193806573019475,1.4013543721523702,4.212676359948144,1.9754894117368775,2.715728128102179,8.791637351152682,5.619453345765881,6.626580551525031,17.037586866716577,10.890113035587673,12.84185610330023,2.1764193280485946,1.0026009444590984,1.3894429668622914,4.08591930454406,1.882241395729817,2.6084825509961886,8.814687180582748,5.580368219901231,6.617942967270478,16.548327820150632,10.476351658116464,12.424251419687032,2.173800968656516,1.0193806573019475,1.4013543721523702,4.212676359948144,1.9754894117368775,2.715728128102179,8.791637351152682,5.619453345765881,6.626580551525031,17.037586866716577,10.890113035587673,12.84185610330023,0.5505050505050505,0.0005050505050504528,0.0005050505050504528,0.398989898989899,-0.0010101010101010166,-0.0010101010101010166,0.2676767676767676,-0.0023232323232323937,-0.0023232323232323937,0.3678571428571429,0.09334733893557423,0.1576433661350526,0.35125448028673834,0.3787878787878788,0.09919090145790399,0.1740898922106976,0.35025380710659904,0.3678571428571429,0.09334733893557423,0.1576433661350526,0.35125448028673834,18.0,-7.0,-7.0,26.0,-8.0,-8.0,32.0,-10.0,-10.0,-0.00040355809050592484,9.244668740416194e-06,4.125354603122575e-05,-0.01796867452675599,-0.018698115497234546,-0.017776893497472024,0.03571428571428571,-0.3044072856169262,10,-0.5455837249755859
87,0,test,2.7634367050386883,1.3360307521289596,1.811061913515775,4.3828700429377045,2.1189735047206617,2.872383142404052,15.854235760621473,11.686362263925972,13.262378282921764,25.145158867652334,18.534821870205167,21.03441716915011,2.963795869527073,1.4046016980743015,1.9237597669503121,3.9782494892980846,1.8853714068111427,2.58222787510109,19.371363543126,14.616375547320336,16.54204438490619,26.001830259229532,19.619296036671592,22.204086422692875,2.7634367050386883,1.3360307521289596,1.811061913515775,4.3828700429377045,2.1189735047206617,2.872383142404052,15.854235760621473,11.686362263925972,13.262378282921764,25.145158867652334,18.534821870205167,21.03441716915011,0.6432160804020101,-0.001783919597989958,-0.001783919597989958,0.5376884422110553,-0.0023115577889447625,-0.0023115577889447625,0.39698492462311563,-0.0030150753768843908,-0.0030150753768843908,0.38095238095238093,0.09062980030721968,0.1614953673777203,0.32764505119453924,0.39698492462311563,0.10124557625218833,0.18162599307052796,0.33838383838383834,0.38095238095238093,0.09062980030721968,0.1614953673777203,0.32764505119453924,25.0,-7.0,-7.0,37.0,-11.0,-11.0,44.0,-8.0,-8.0,0.0015347234008861392,0.0004955578970022245,0.00014473279420960906,-0.01448953503487349,-0.014743431677524121,-0.012697689096659026,0.9591836734693877,-0.3512994005942806,282,-0.3520338535308838
362,0,test,2.4074923432950386,1.1549887330299353,1.5717791138302646,4.1068987032680075,1.9702748975216546,2.6812702530045693,11.106075970582108,7.6069836066815,8.799617474640481,18.945659008640067,12.976619093750795,15.011112162621998,2.3587914539267656,1.1037962846183906,1.5206134345125126,3.8045023450431703,1.7803165880941783,2.4526023137298587,10.578159531014299,7.070338101916244,8.266009087507047,17.061547630668223,11.403771132122973,13.332272721785559,2.4074923432950386,1.1549887330299353,1.5717791138302646,4.1068987032680075,1.9702748975216546,2.6812702530045693,11.106075970582108,7.6069836066815,8.799617474640481,18.945659008640067,12.976619093750795,15.011112162621998,0.6180904522613065,-0.0019095477386934512,-0.0019095477386934512,0.4371859296482412,-0.002814070351758735,-0.002814070351758735,0.31658291457286436,-0.003417085427135591,-0.003417085427135591,0.42307692307692313,0.11981396722279647,0.2018493015935472,0.362934362934363,0.40201005025125625,0.09875190488784769,0.17997332237145658,0.31818181818181823,0.42307692307692313,0.11981396722279647,0.2018493015935472,0.362934362934363,16.0,0.0,0.0,24.0,-1.0,-1.0,37.0,1.0,1.0,0.00026025520815175314,5.7759613990842395e-05,0.000264225819394131,-0.011802838174411079,-0.01065627759171317,-0.011072162680956232,0.038461538461538464,0.7989737183610307,10,-0.40230894088745117
403,0,test,2.2314794983712836,1.0573491439617122,1.4475429001192497,4.0545836637073,1.9211964837997129,2.6301759884519704,9.313635399532973,6.078307268305212,7.12355862899967,16.922814647517427,11.044244579012084,12.943459469685674,2.3451416907885427,1.1102345926303108,1.5220794528722945,3.876267257501724,1.83509850021539,2.515833806400487,10.43475113092436,6.996692027079067,8.157287826245607,17.247522530453487,11.564780210048045,13.483120373959682,2.2314794983712836,1.0573491439617122,1.4475429001192497,4.0545836637073,1.9211964837997129,2.6301759884519704,9.313635399532973,6.078307268305212,7.12355862899967,16.922814647517427,11.044244579012084,12.943459469685674,0.592964824120603,-0.0020351758793969443,-0.0020351758793969443,0.42713567839195976,-0.002864321608040288,-0.002864321608040288,0.3015075376884422,-0.0034924623115578646,-0.0034924623115578646,0.38267148014440433,0.10339220086512502,0.17378792672303578,0.33333333333333337,0.3668341708542714,0.08362615080414604,0.16149193379250182,0.33333333333333337,0.38267148014440433,0.10339220086512502,0.17378792672303578,0.33333333333333337,19.0,-4.0,-4.0,31.0,-4.0,-4.0,37.0,-6.0,-6.0,0.00014456436799369774,0.0002043932775620858,0.00012447610498681023,-0.004907353283193139,-0.005055629786792082,-0.00554747283473489,0.04693140794223827,0.4404074179555297,13,-0.5789477825164795
945,0,test,2.3197929585990784,1.1110062419968114,1.5122320377316707,4.127631609093533,1.9768248995529474,2.6907301085156625,10.173567738290581,6.824149345733364,7.931135895986819,18.10193432054462,12.142279525511778,14.111952145962753,2.3658604235911915,1.1130855326756037,1.5266962243647297,3.9431007059853194,1.8551425544593396,2.5444937072745497,10.653201140788441,7.153159412068919,8.338769376479645,17.755335234647404,11.921932353448199,13.897948960799411,2.3197929585990784,1.1110062419968114,1.5122320377316707,4.127631609093533,1.9768248995529474,2.6907301085156625,10.173567738290581,6.824149345733364,7.931135895986819,18.10193432054462,12.142279525511778,14.111952145962753,0.5879396984924623,-0.002060301507537776,-0.002060301507537776,0.44723618090452266,-0.0027638190954772934,-0.0027638190954772934,0.31658291457286436,-0.003417085427135591,-0.003417085427135591,0.36964980544747084,0.08421291224358729,0.14714010298951485,0.32421875,0.36180904522613067,0.08862608783264692,0.149789011837149,0.303030303030303,0.36964980544747084,0.08421291224358729,0.14714010298951485,0.32421875,18.0,-5.0,-5.0,29.0,-13.0,-13.0,35.0,-10.0,-10.0,-0.00010462991466910436,0.00034310695499105854,0.0003246573309288561,-0.004768754845984269,-0.005395294564718434,-0.005477381695361494,0.038910505836575876,0.9310384442657761,10,-0.40249013900756836
206,0,test,2.6356220559233234,1.2609915061059414,1.7184811060807434,4.4142627071599225,2.111967369122221,2.8781922819634547,13.951988681538063,9.998372892547266,11.449862232772622,23.367441166011602,16.745741102241738,19.17676312605476,2.7069064501400355,1.276376844995281,1.7507458376054919,4.511510750233393,2.1272947416588024,2.917909729342487,14.982853543074885,10.80194070443361,12.381165159593852,24.971422571791475,18.00323450738935,20.635275265989755,2.6356220559233234,1.2609915061059414,1.7184811060807434,4.4142627071599225,2.111967369122221,2.8781922819634547,13.951988681538063,9.998372892547266,11.449862232772622,23.367441166011602,16.745741102241738,19.17676312605476,0.5778894472361809,-0.002110552763819218,-0.002110552763819218,0.4723618090452262,-0.0026381909547738003,-0.0026381909547738003,0.371859296482412,-0.003140703517587995,-0.003140703517587995,0.4007352941176471,0.12550593631948193,0.19780130878757374,0.36900369003690037,0.40703517587939697,0.12633342149343207,0.2016929388176274,0.36363636363636365,0.4007352941176471,0.12550593631948193,0.19780130878757374,0.36900369003690037,22.0,-4.0,-4.0,30.0,-2.0,-2.0,42.0,-8.0,-8.0,0.00033037147894824195,0.00036884190394228546,0.0001268412501783326,-0.01532947927218764,-0.01112958458822444,-0.012032007283011126,0.9375,0.26923632544275006,255,-0.8669934272766113
256,0,test,2.6353890594954494,1.2746470042736147,1.7265090458837284,4.653984934853666,2.2509723692491495,3.0489415065606273,13.94873829669226,10.04965273133525,11.467196613181242,24.632878268626754,17.74725907874097,20.250581253064745,2.587274176214562,1.2124111397003576,1.6673095786391863,4.241433075761577,1.9875592454104227,2.733294391211781,13.293486470610945,9.338951411689987,10.78428491406607,21.792600771493355,15.30975641260654,17.679155596829624,2.6353890594954494,1.2746470042736147,1.7265090458837284,4.653984934853666,2.2509723692491495,3.0489415065606273,13.94873829669226,10.04965273133525,11.467196613181242,24.632878268626754,17.74725907874097,20.250581253064745,0.6633165829145728,-0.0016834170854271857,-0.0016834170854271857,0.4974874371859297,-0.002512562814070307,-0.002512562814070307,0.31155778894472363,-0.003442211055276312,-0.003442211055276312,0.3951612903225806,0.09737457000064909,0.16191732249416235,0.340080971659919,0.40201005025125625,0.10125817055200814,0.16327883155342648,0.3282828282828283,0.3951612903225806,0.09737457000064909,0.16191732249416235,0.340080971659919,19.0,-5.0,-5.0,32.0,-8.0,-8.0,40.0,-8.0,-8.0,0.0001996068293668207,-6.137882078495744e-05,2.002800539464002e-05,-3.085650767697956e-05,-0.00010133182060556578,-0.00011602607612637428,0.04032258064516129,0.34334107530105457,10,-0.3018035888671875
281,0,test,2.2908536493545397,1.108891470448445,1.5008785358984706,3.9822315773826573,1.9276057336767356,2.6090038100665,9.88337101439344,6.6226048780826785,7.680029422377142,17.180439333431586,11.512191657227834,13.350331519272416,2.2908536493545397,1.108891470448445,1.5008785358984706,3.9822315773826573,1.9276057336767356,2.6090038100665,9.88337101439344,6.6226048780826785,7.680029422377142,17.180439333431586,11.512191657227834,13.350331519272416,2.2908536493545397,1.108891470448445,1.5008785358984706,3.9822315773826573,1.9276057336767356,2.6090038100665,9.88337101439344,6.6226048780826785,7.680029422377142,17.180439333431586,11.512191657227834,13.350331519272416,0.5675675675675675,0.027567567567567508,0.027567567567567508,0.41081081081081083,0.02081081081081082,0.02081081081081082,0.3189189189189189,0.018918918918918837,0.018918918918918837,0.3675675675675676,0.09459459459459463,0.16216216216216217,0.3586956521739131,0.3675675675675676,0.09459459459459463,0.16216216216216217,0.3586956521739131,0.3675675675675676,0.09459459459459463,0.16216216216216217,0.3586956521739131,20.0,1.0,1.0,30.0,1.0,1.0,37.0,1.0,1.0,-0.00025414244941536577,-0.00013613158458959695,2.663935792736366e-05,-0.00013147327530926844,-5.2752222998719844e-05,-1.9678889457530602e-05,0.05405405405405406,-0.3496061400257231,10,-0.5044524669647217
891,0,test,2.744042168793529,1.3305103520661523,1.7997207124390682,4.126226372333973,2.0006933442179924,2.7062467009268953,15.549712796769148,11.439265652866546,12.978644592194694,23.382160724030648,17.201266129865992,19.516035942337208,2.7413468136707784,1.2983787374457647,1.7775394132679632,4.122326035595155,1.9524492292417515,2.672991598899193,15.507857231870553,11.274615458499415,12.886198030229998,23.320086062963234,16.954308960149493,19.3777413988421,2.744042168793529,1.3305103520661523,1.7997207124390682,4.126226372333973,2.0006933442179924,2.7062467009268953,15.549712796769148,11.439265652866546,12.978644592194694,23.382160724030648,17.201266129865992,19.516035942337208,0.6582914572864322,-0.0017085427135676845,-0.0017085427135676845,0.4623115577889447,-0.002688442211055242,-0.002688442211055242,0.38190954773869346,-0.0030904522613065533,-0.0030904522613065533,0.400990099009901,0.09900990099009899,0.16831683168316836,0.3830845771144279,0.39698492462311563,0.09296482412060303,0.1675041876046902,0.3787878787878788,0.400990099009901,0.09900990099009899,0.16831683168316836,0.3830845771144279,19.0,-1.0,-1.0,31.0,1.0,1.0,36.0,1.0,1.0,0.0004480856383958602,0.00022647005709936047,0.00013860663148865766,0.00028791989790644124,0.00015151267732793627,9.238041772618999e-05,0.09900990099009901,0.1853450902912335,20,-0.4172344207763672
840,0,test,2.426756763681589,1.1649036726937678,1.5803723637672553,4.167690963714033,2.0005954378871227,2.7141177551655034,11.32210221623735,7.790141745290898,8.990899317492016,19.444479893103278,13.378721692999587,15.440892306127594,2.380388091026284,1.1064828088643115,1.5236717126953252,3.6341802916431813,1.689286731090552,2.326216355260039,10.809096963566192,7.2343110781468365,8.453683269453022,16.502438112314795,11.044749737628756,12.906386670920643,2.489825184581133,1.1945930807074379,1.6216704183826327,4.292802042381265,2.059643242599031,2.795983479970057,12.059167807695811,8.407324324894878,9.676657301676089,20.791668633958295,14.495386767060134,16.683891899441534,0.6180904522613065,-0.0019095477386934512,-0.0019095477386934512,0.4120603015075377,-0.0029396984924623393,-0.0029396984924623393,0.29145728643216084,-0.0035427135678391952,-0.0035427135678391952,0.38730158730158726,0.09728573944104846,0.16766061581267488,0.3694267515923567,0.3668341708542714,0.07610735381166489,0.13645019756545673,0.3484848484848485,0.3946488294314381,0.10082579103410916,0.17329176602765606,0.3825503355704698,16.0,0.0,0.0,24.0,-2.0,-2.0,31.0,0.0,0.0,-1.4083002548572231e-05,6.169374264319757e-05,8.517990172406993e-05,-0.017978956348239095,-0.018887828406529472,-0.019329799461822006,0.031746031746031744,-0.35130397186726864,10,-0.624218225479126
774,0,test,2.444702741740864,1.1669339492198842,1.5860787525806086,4.162183781824636,1.986741976836385,2.700349268634074,11.527122557121684,7.938498735109993,9.167211361961158,19.62529093585907,13.515545314839166,15.607467445364248,2.6068283804577175,1.2221466012057363,1.674809681758324,4.137822826123361,1.9399152400091046,2.6584280662830535,13.555988161725413,9.562433291150956,11.016357406004836,21.517441526548275,15.178465541509455,17.486281596833074,2.444702741740864,1.1669339492198842,1.5860787525806086,4.162183781824636,1.986741976836385,2.700349268634074,11.527122557121684,7.938498735109993,9.167211361961158,19.62529093585907,13.515545314839166,15.607467445364248,0.6180904522613065,-0.0019095477386934512,-0.0019095477386934512,0.4371859296482412,-0.002814070351758735,-0.002814070351758735,0.33668341708542715,-0.0033165829145728187,-0.0033165829145728187,0.3694029850746269,0.08768656716417911,0.15049751243781095,0.34082397003745324,0.371859296482412,0.09045226130653261,0.14405360134003342,0.3535353535353535,0.3694029850746269,0.08768656716417911,0.15049751243781095,0.34082397003745324,18.0,0.0,0.0,28.0,0.0,0.0,37.0,0.0,0.0,0.0002855717625226551,0.00037519861141677163,4.983906255340052e-05,-0.00016945494488584956,0.00022372510708557058,6.833549267337702e-05,0.048507462686567165,0.29219156596773693,13,-0.4480781555175781
782,0,test,2.1827655635572034,1.0605277611879573,1.4313430890100323,3.9165050683254967,1.9028898115029635,2.5682384568522867,8.870805141920496,5.7990847208761584,6.75079160384718,15.916758940360204,10.40521487060065,12.112848934902939,2.318343485993302,1.0876441304643543,1.4928308798360623,3.4862308060049654,1.6355550834050439,2.244858465918891,10.158832112573748,6.735209083638468,7.875781341263535,15.276439267028191,10.128133960358596,11.843280212426366,2.219979514863763,1.0652954032760547,1.4471151089376744,3.89470090326976,1.8689393039930784,2.5387984367327623,9.207142254386957,6.0341213157332305,7.041180684631799,16.152881148047296,10.586177746900407,12.352948569529474,0.5376884422110553,-0.0023115577889447625,-0.0023115577889447625,0.39698492462311563,-0.0030150753768843908,-0.0030150753768843908,0.31658291457286436,-0.003417085427135591,-0.003417085427135591,0.36741214057507987,0.10584914216997621,0.17187547745074405,0.34935897435897434,0.38190954773869346,0.12376418433017211,0.19326180149495387,0.36868686868686873,0.37792642140468224,0.1208312628070195,0.18326568725562775,0.36241610738255037,17.0,0.0,0.0,27.0,0.0,0.0,35.0,0.0,0.0,1.3674718926505569e-05,-1.4408740114287104e-05,0.00011354926566263803,-0.0042237789399397485,-0.0051950766885848765,-0.004903424688656344,0.03194888178913738,1.00064814149061,10,-0.6764700412750244
396,0,test,2.2944773567338634,1.1189847774631794,1.507881261955249,3.9796867147869834,1.9408380038485653,2.615364674690743,9.919250427856756,6.679512049022304,7.723341403767828,17.20457560085889,11.585368356213827,13.395852039303518,2.2159121992166244,1.037453672289972,1.4290906237380785,3.4355227894831386,1.6084553058759257,2.2156443778884936,9.169769954621053,5.920408417498515,6.973365739602485,14.216697604063647,9.178927779067465,10.811419751321683,2.2541122993968647,1.0803011438448975,1.4702519653329027,3.9088652590697075,1.8733545847021342,2.5495698820801778,9.526832580377327,6.292536997390152,7.3369228279019145,16.520518925509815,10.911913868306621,12.722987562835689,0.507537688442211,-0.0024623115577889765,-0.0024623115577889765,0.3668341708542714,-0.0031658291457286047,-0.0031658291457286047,0.26633165829145733,-0.0036683417085426884,-0.0036683417085426884,0.36601307189542487,0.09358240305366305,0.16275220233020748,0.3114754098360656,0.3517587939698492,0.10113222755380913,0.16644994588971562,0.2525252525252525,0.36454849498327757,0.09576719281299373,0.16321367852054125,0.30201342281879195,21.0,-3.0,-3.0,27.0,-4.0,-4.0,35.0,-8.0,-8.0,0.00038419370519426286,0.00023247519184412912,-4.346431532702464e-05,-0.013547194537172125,-0.01290774392458438,-0.014025505958365159,0.032679738562091505,0.5266900233537706,10,-0.7102148532867432
723,0,test,2.6439445103702988,1.2503265732262816,1.709982157978002,3.868508283594437,1.8294251966152961,2.5019738943046557,14.068587995019223,10.039186159045482,11.524016276396779,20.584565592712337,14.68891448534023,16.861455393885812,2.6439445103702988,1.2503265732262816,1.709982157978002,3.868508283594437,1.8294251966152961,2.5019738943046557,14.068587995019223,10.039186159045482,11.524016276396779,20.584565592712337,14.68891448534023,16.861455393885812,2.6439445103702988,1.2503265732262816,1.709982157978002,3.868508283594437,1.8294251966152961,2.5019738943046557,14.068587995019223,10.039186159045482,11.524016276396779,20.584565592712337,14.68891448534023,16.861455393885812,0.5869565217391304,0.17695652173913035,0.17695652173913035,0.44202898550724634,0.1320289855072463,0.1320289855072463,0.3405797101449275,0.1005797101449275,0.1005797101449275,0.3840579710144928,0.11329984827081052,0.17973104793756967,0.3868613138686131,0.3840579710144928,0.11329984827081052,0.17973104793756967,0.3868613138686131,0.3840579710144928,0.11329984827081052,0.17973104793756967,0.3868613138686131,15.0,-4.0,-4.0,22.0,-2.0,-2.0,29.0,-3.0,-3.0,2.0021220246988816e-05,2.344495012938687e-05,-8.867190896805193e-05,-6.658904255019138e-05,6.000825494645312e-05,-4.002896295141056e-05,0.8985507246376812,-0.3626816814362746,124,-0.595954418182373
132,0,test,2.147890452973801,1.0367559436027818,1.4051875858471703,3.477536923862344,1.6785572420235513,2.2750656151811324,8.566767323370321,5.528964467383624,6.465159110853277,13.870004237837662,8.951656756716343,10.467400465191018,2.172760689976676,1.038434791398954,1.415010019111188,3.5044527257688323,1.6748948248370226,2.282274224372884,8.78249635367214,5.673419350557621,6.649024414944645,14.165316699471195,9.150676371867132,10.724232927330071,2.147890452973801,1.0367559436027818,1.4051875858471703,3.477536923862344,1.6785572420235513,2.2750656151811324,8.566767323370321,5.528964467383624,6.465159110853277,13.870004237837662,8.951656756716343,10.467400465191018,0.542713567839196,-0.0022864321608039306,-0.0022864321608039306,0.3668341708542714,-0.0031658291457286047,-0.0031658291457286047,0.26633165829145733,-0.0036683417085426884,-0.0036683417085426884,0.3497536945812808,0.07948342431101052,0.14189772076786022,0.28712871287128716,0.3517587939698492,0.08609463356884672,0.14641655690807964,0.29292929292929293,0.3497536945812808,0.07948342431101052,0.14189772076786022,0.28712871287128716,21.0,-4.0,-4.0,28.0,-5.0,-5.0,35.0,-5.0,-5.0,0.0009481327864828803,0.000517857806858755,0.0003462939111579615,-0.02640983178123335,-0.02684249099115199,-0.02631122089783844,0.054187192118226604,0.5685213609030084,11,-0.3689534664154053
388,0,test,2.774117536866656,1.3344461928786597,1.8121805888229503,4.210714118458317,2.0254986856193944,2.7506312508919786,16.024479741755634,11.805170853890393,13.407719645553577,24.322871036593373,17.91856290322649,20.351003033429535,2.8576672275939106,1.3564003839044123,1.852362250122471,4.053428691622568,1.9239721757509396,2.627464184570881,17.420840642756563,12.933470375066749,14.688100072696379,24.71041225922917,18.34534804974007,20.834184500278553,2.774117536866656,1.3344461928786597,1.8121805888229503,4.210714118458317,2.0254986856193944,2.7506312508919786,16.024479741755634,11.805170853890393,13.407719645553577,24.322871036593373,17.91856290322649,20.351003033429535,0.6783919597989949,-0.0016080402010050232,-0.0016080402010050232,0.49246231155778897,-0.002537688442211028,-0.002537688442211028,0.36180904522613067,-0.0031909547738693256,-0.0031909547738693256,0.3858267716535433,0.10291910957102857,0.15415137898338627,0.33596837944664026,0.37688442211055273,0.08615760506794623,0.14316155065813208,0.3282828282828283,0.3858267716535433,0.10291910957102857,0.15415137898338627,0.33596837944664026,21.0,-9.0,-9.0,33.0,-16.0,-16.0,40.0,-15.0,-15.0,0.00024561951117681115,0.00022923958858816007,0.00024160632136047838,-7.243603883999583e-05,-0.00013431153772813786,0.00011739929023413254,0.03937007874015748,-0.24629812803122675,10,-0.3388979434967041
600,0,test,2.201922293694692,1.0514947669256898,1.4329783005829708,3.528721624510724,1.685087767509118,2.2964395842675813,9.042378911342093,5.8828355009747355,6.884892181789766,14.490991845099508,9.42762099515182,11.033481060560524,2.267529534361876,1.080822343347519,1.4753746609542115,3.5155496656773275,1.675693555577549,2.2874025751228086,9.655517700316931,6.379242422774894,7.447368114306,14.969794884212297,9.890298329883557,11.54630715396279,2.201922293694692,1.0514947669256898,1.4329783005829708,3.528721624510724,1.685087767509118,2.2964395842675813,9.042378911342093,5.8828355009747355,6.884892181789766,14.490991845099508,9.42762099515182,11.033481060560524,0.6231155778894473,-0.0018844221105527303,-0.0018844221105527303,0.42713567839195976,-0.002864321608040288,-0.002864321608040288,0.2864321608040201,-0.003567839195979916,-0.003567839195979916,0.3775100401606426,0.09093689386805748,0.16522699610189762,0.36693548387096775,0.3869346733668342,0.08367652800342562,0.16322849640523152,0.3737373737373737,0.3775100401606426,0.09093689386805748,0.16522699610189762,0.36693548387096775,17.0,-5.0,-5.0,23.0,-4.0,-4.0,33.0,-10.0,-10.0,0.00018607089835579856,-2.162371154146493e-05,-5.8178969833791507e-05,-0.005712421057619821,-0.00613502104051733,-0.005449345239612491,0.9558232931726908,0.5315277475920446,238,-0.5092542171478271
368,0,test,2.4162674485892888,1.175793194710873,1.5892677113809177,5.376195073111168,2.616139858231693,3.5361206578225417,11.20396180777384,7.746709116249095,8.91751331496792,24.928815022296796,17.236427783654236,19.841467125803625,2.585592524349618,1.215545767039186,1.670608044888375,5.386651092395038,2.532387014664971,3.480433426850782,13.271150240441413,9.335615534254924,10.774413739532871,27.64822966758628,19.44919902969776,22.446695290693484,2.4162674485892888,1.175793194710873,1.5892677113809177,5.376195073111168,2.616139858231693,3.5361206578225417,11.20396180777384,7.746709116249095,8.91751331496792,24.928815022296796,17.236427783654236,19.841467125803625,0.6834170854271358,-0.0015829145728643024,-0.0015829145728643024,0.5125628140703518,-0.0024371859296482556,-0.0024371859296482556,0.31155778894472363,-0.003442211055276312,-0.003442211055276312,0.39097744360902253,0.08703748113247467,0.16222744360902253,0.29811320754716986,0.3919597989949749,0.0661452626541228,0.15489802937894814,0.29292929292929293,0.39097744360902253,0.08703748113247467,0.16222744360902253,0.29811320754716986,24.0,-8.0,-8.0,36.0,-10.0,-10.0,43.0,-9.0,-9.0,0.00028602664726195805,0.000643117676440347,0.00028308590202347553,-0.009506653184292446,-0.010257514179676797,-0.00830105636492462,0.9586466165413534,-0.18917673367225052,255,-0.40848851203918457
976,0,test,2.594675629400602,1.2526916769347285,1.695576786766169,4.50654188264315,2.175727649412949,2.944949155962293,13.392242607028923,9.565614779903608,10.934854986928991,23.260210843787075,16.613962512464163,18.99211655624509,2.549235400226641,1.2196073960968112,1.6576992396621493,4.11167000036555,1.967108703381954,2.673708451067983,12.797315216657974,9.017678100034594,10.358441940560144,20.640830994609637,14.544642096829993,16.707164420258298,2.594675629400602,1.2526916769347285,1.695576786766169,4.50654188264315,2.175727649412949,2.944949155962293,13.392242607028923,9.565614779903608,10.934854986928991,23.260210843787075,16.613962512464163,18.99211655624509,0.6331658291457287,-0.0018341708542712887,-0.0018341708542712887,0.4522613065326633,-0.0027386934673366836,-0.0027386934673366836,0.35678391959798994,-0.0032160804020100464,-0.0032160804020100464,0.3916349809885932,0.10320993355026298,0.16913182043233532,0.3587786259541985,0.38190954773869346,0.1037140590168889,0.1598728198588938,0.33838383838383834,0.3916349809885932,0.10320993355026298,0.16913182043233532,0.3587786259541985,22.0,-7.0,-7.0,34.0,-12.0,-12.0,40.0,-10.0,-10.0,0.00030798236887019816,6.6778094984692e-05,0.00013447691237804168,-0.00013480533558407615,-0.00018378111340844328,8.585827751517172e-05,0.03802281368821293,-0.3372287973194535,10,-0.32506632804870605
426,0,test,2.2216480032882724,1.0515495780186142,1.4407736074343882,4.092509479741555,1.9370650121395525,2.654056645273873,9.222517087459945,6.000207307830068,7.039136517472248,16.988847266373583,11.05301346179223,12.966830426922563,2.3268092070939934,1.0770825783062197,1.49185704889527,3.7834296050308835,1.7513537858637718,2.4257838193419023,10.245199015188039,6.755810086603607,7.940495230719073,16.658860187297623,10.98505705138798,12.9113743588928,2.2216480032882724,1.0515495780186142,1.4407736074343882,4.092509479741555,1.9370650121395525,2.654056645273873,9.222517087459945,6.000207307830068,7.039136517472248,16.988847266373583,11.05301346179223,12.966830426922563,0.5628140703517588,-0.0021859296482411583,-0.0021859296482411583,0.40201005025125625,-0.002989949748743781,-0.002989949748743781,0.321608040201005,-0.0033919597989949812,-0.0033919597989949812,0.3548387096774194,0.09008021236078256,0.1438732746357031,0.33453237410071945,0.371859296482412,0.10870140174556986,0.16484761033883943,0.3535353535353535,0.3548387096774194,0.09008021236078256,0.1438732746357031,0.33453237410071945,14.0,0.0,0.0,24.0,0.0,0.0,32.0,0.0,0.0,0.00032097423096829437,0.00021619788809811827,4.541503604182527e-05,-0.012963351899240472,-0.012274127510098154,-0.013235237462581928,0.956989247311828,-0.4113625571333659,267,-0.26718735694885254
177,0,test,2.6286521493271398,1.276361962185032,1.7269795748736576,4.260727384898385,2.068828455190024,2.7992251350974113,13.85508272862099,9.988812847829228,11.391362305839344,22.457414312874683,16.190658187415508,18.464021319904433,3.0125628430983515,1.4495532626109036,1.97007630005103,4.2133746057319605,2.0273472204348306,2.7553514686028393,20.33946003056871,15.566295156541962,17.503199292689082,28.446797245550645,21.77104217698177,24.479999010753964,2.6286521493271398,1.276361962185032,1.7269795748736576,4.260727384898385,2.068828455190024,2.7992251350974113,13.85508272862099,9.988812847829228,11.391362305839344,22.457414312874683,16.190658187415508,18.464021319904433,0.6884422110552764,-0.0015577889447235815,-0.0015577889447235815,0.5226130653266332,-0.002386934673366814,-0.002386934673366814,0.40201005025125625,-0.002989949748743781,-0.002989949748743781,0.36734693877551017,0.08890890821523856,0.1569396989565056,0.32423208191126285,0.40201005025125625,0.09123310789536654,0.1682871787988356,0.36363636363636365,0.36734693877551017,0.08890890821523856,0.1569396989565056,0.32423208191126285,19.0,0.0,0.0,28.0,0.0,0.0,38.0,0.0,0.0,0.0011906783683382418,0.00027269825316688544,0.00027434508933603667,-0.011808237668367028,-0.00847402991184154,-0.010341339580135944,0.034013605442176874,0.8626555468859743,10,-0.6489863395690918
210,0,test,2.3609853946403994,1.1134232025518933,1.5279099442046105,4.05974317858898,1.9145447751197198,2.627259782107928,10.601392862841779,7.119548328085633,8.301010277773877,18.229224312935255,12.242150173903346,14.273688404464837,2.337930369887353,1.0964951914556367,1.4983517479357387,3.6530162029489888,1.7132737366494324,2.341174606149592,10.359773460937191,6.8991970137307295,8.044382344734569,16.18714603271436,10.779995333954265,12.569347413647762,2.3609853946403994,1.1134232025518933,1.5279099442046105,4.05974317858898,1.9145447751197198,2.627259782107928,10.601392862841779,7.119548328085633,8.301010277773877,18.229224312935255,12.242150173903346,14.273688404464837,0.5879396984924623,-0.002060301507537776,-0.002060301507537776,0.39698492462311563,-0.0030150753768843908,-0.0030150753768843908,0.3015075376884422,-0.0034924623115578646,-0.0034924623115578646,0.3629893238434164,0.07879749435851413,0.13932068479016202,0.33571428571428574,0.3517587939698492,0.07606957091220512,0.13639986241726154,0.30808080808080807,0.3629893238434164,0.07879749435851413,0.13932068479016202,0.33571428571428574,17.0,-3.0,-3.0,25.0,-4.0,-4.0,34.0,-4.0,-4.0,0.00012824999458924732,0.0004287555246559712,4.815235364645023e-05,-0.004927175117523497,-0.005064502052182895,-0.004161202257391139,0.03558718861209965,-0.43602228335973714,10,-0.9098656177520752
479,0,test,3.0189486458113755,1.460420015094058,1.9793314496656627,4.913820668182344,2.3770666203126685,3.22167778509411,20.469759399862482,15.71793498940039,17.64162521342006,33.31779987424425,25.58344737636446,28.714560187800735,3.1746261037872103,1.503869050314048,2.0591768889969906,4.535180148267443,2.148384357591497,2.9416812699957005,23.917875393299127,18.6016844783716,20.866936995248324,34.168393418998754,26.573834969102286,29.80990999321189,3.0176146345840067,1.4514614215424675,1.973138099022334,4.920023860734794,2.366513187297502,3.2170729875364144,20.44247071675323,15.654277156285133,17.600560221613602,33.330115299054185,25.523277972204024,28.696565578717834,0.7487437185929648,-0.0012562814070351536,-0.0012562814070351536,0.5778894472361809,-0.002110552763819218,-0.002110552763819218,0.4321608040201005,-0.002839195979899567,-0.002839195979899567,0.39016393442622954,0.0841082879450511,0.15243220051128947,0.35526315789473684,0.40201005025125625,0.08120804523872494,0.1515926879808055,0.36868686868686873,0.38795986622073575,0.08245068425078583,0.1499175970327491,0.3523489932885906,20.0,0.0,0.0,35.0,0.0,0.0,40.0,1.0,1.0,0.000892829448869497,0.00019533074373022895,1.2299240166112687e-05,-0.008588408999552044,-0.006712045912238729,-0.008204097968993906,0.04590163934426229,0.2579602197164565,14,-0.4693715572357178
583,0,test,2.4462766932265367,1.1865631770901175,1.6050015120734145,4.465686312467234,2.1660750615336366,2.929935646201132,11.545279974494537,8.020868318840455,9.225957326093083,21.075947335990026,14.642122031708748,16.842016058371264,2.4820440263982015,1.1867962827014515,1.617139597067712,4.4721513989156785,2.1383716805431563,2.9137650397616435,11.965697640115822,8.313797042682365,9.590918524214425,21.559815567776255,14.979814491319576,17.280934277863828,2.4462766932265367,1.1865631770901175,1.6050015120734145,4.465686312467234,2.1660750615336366,2.929935646201132,11.545279974494537,8.020868318840455,9.225957326093083,21.075947335990026,14.642122031708748,16.842016058371264,0.6130653266331658,-0.001934673366834172,-0.001934673366834172,0.457286432160804,-0.0027135678391959628,-0.0027135678391959628,0.31658291457286436,-0.003417085427135591,-0.003417085427135591,0.41328413284132837,0.11862483265716628,0.1985602064609603,0.38888888888888884,0.3919597989949749,0.0962204506240476,0.17326196927878124,0.3787878787878788,0.41328413284132837,0.11862483265716628,0.1985602064609603,0.38888888888888884,19.0,0.0,0.0,30.0,0.0,0.0,37.0,0.0,0.0,0.00015892514422799584,3.272812244380723e-05,2.562162533764373e-05,-0.00019024471046957814,0.00021210453193631906,5.782182176528039e-05,0.04059040590405904,0.22625677093379723,11,-0.5508162975311279
308,0,test,2.8517345769974902,1.358127946835994,1.8525034237244404,4.541651363366373,2.1629445079239904,2.9502832303759607,17.31779485170013,12.864667477059378,14.601602162111119,27.58019180085576,20.488174130131604,23.254403443362154,3.0168081658074466,1.4071022460371247,1.9359184671570533,4.309725951153496,2.0101460657673216,2.7655978102243624,20.425991148426263,15.424650932159281,17.478690554141902,29.179987354894664,22.035215617370405,24.969557934488435,2.861265440783716,1.3518209598909603,1.8515275895502108,4.565849107633589,2.157161106208979,2.9545653024737404,17.483637451734772,12.959420644521526,14.73875609830391,27.89942146553421,20.67992656040669,23.519291646229643,0.6482412060301508,-0.0017587939698492372,-0.0017587939698492372,0.5175879396984925,-0.002412060301507535,-0.002412060301507535,0.40201005025125625,-0.002989949748743781,-0.002989949748743781,0.3933333333333333,0.10833333333333328,0.1811111111111111,0.37792642140468224,0.40201005025125625,0.10050251256281406,0.18257956448911217,0.4040404040404041,0.3946488294314381,0.11036789297658856,0.1806020066889632,0.3791946308724832,24.0,-15.0,-15.0,35.0,-20.0,-20.0,45.0,-21.0,-21.0,0.0009249424837633141,0.0002270273682040715,0.00016501241301814158,-0.00884007408316112,-0.008634427806748945,-0.009041213055686725,0.03333333333333333,-0.2983162510335843,10,-0.4932236671447754
120,0,test,2.868351458478072,1.3759193701334587,1.8675186625871287,4.535580743718452,2.175672504023532,2.9530138852158974,17.607966795814182,13.160066735040544,14.887420250525427,27.842597495881176,20.809355524782863,23.54073327114333,2.94534137179834,1.4141526423512043,1.9121561339670485,4.299768425982978,2.064456412191539,2.79146880871102,19.01715319830197,14.393483349006807,16.207151078196528,27.762267442776594,21.012384451104825,23.660074566710257,2.868351458478072,1.3759193701334587,1.8675186625871287,4.535580743718452,2.175672504023532,2.9530138852158974,17.607966795814182,13.160066735040544,14.887420250525427,27.842597495881176,20.809355524782863,23.54073327114333,0.7135678391959799,-0.0014321608040201994,-0.0014321608040201994,0.5276381909547738,-0.002361809045226204,-0.002361809045226204,0.371859296482412,-0.003140703517587995,-0.003140703517587995,0.38888888888888884,0.08591859185918582,0.1448255643506302,0.3466135458167331,0.3919597989949749,0.0912079192957268,0.14655078396993315,0.3484848484848485,0.38888888888888884,0.08591859185918582,0.1448255643506302,0.3466135458167331,19.0,-1.0,-1.0,30.0,-5.0,-5.0,38.0,-7.0,-7.0,-0.0001744120134502906,0.000290246704572277,0.0001526381990068864,-5.857619511928647e-05,-0.00012331829868550415,0.00012440840417138332,0.047619047619047616,0.25994080723451085,12,-0.22664451599121094
405,0,test,2.4442604200044338,1.179825192930554,1.598150338657984,4.837949934767397,2.3352402094556486,3.1632354978954584,11.522024987722157,7.980932729504213,9.191461493513174,22.805663251560407,15.796742712880752,18.19275481819504,2.519146813538429,1.2049713370386486,1.6405757290776029,4.381124893110312,2.0956023252846063,2.853175181004527,12.41799727543805,8.696316169139052,10.010540080959585,21.59651700076183,15.124028120241828,17.409634923407975,2.4442604200044338,1.179825192930554,1.598150338657984,4.837949934767397,2.3352402094556486,3.1632354978954584,11.522024987722157,7.980932729504213,9.191461493513174,22.805663251560407,15.796742712880752,18.19275481819504,0.6432160804020101,-0.001783919597989958,-0.001783919597989958,0.4723618090452262,-0.0026381909547738003,-0.0026381909547738003,0.3467336683417085,-0.003266331658291488,-0.003266331658291488,0.3881118881118881,0.0914277694382406,0.1602049113677021,0.3543859649122807,0.3919597989949749,0.0962204506240476,0.16324527478796325,0.3434343434343434,0.3881118881118881,0.0914277694382406,0.1602049113677021,0.3543859649122807,21.0,0.0,0.0,31.0,0.0,0.0,40.0,0.0,0.0,0.00010713327212362742,0.0003512848718361627,5.438483761131711e-05,-0.004969722579938107,-0.005090491512241613,-0.00418294701853128,0.045454545454545456,-0.24331564587844998,13,-0.354555606842041
253,0,test,2.9632952724120325,1.451805707444086,1.9512586088122612,4.700399397619086,2.302864225600964,3.0950998622539316,19.361668721224305,14.828190042841346,16.61047014231819,30.711612454355794,23.52057730933455,26.347642294711612,2.9438627175265752,1.397110445546153,1.9079902308880514,4.63600427956941,2.200173929993942,3.0047090250205537,18.9890541829727,14.292860753310169,16.171490732984555,29.90402233539008,22.508442131197118,25.46691454013316,2.92302939210404,1.425256184992642,1.9195791179184363,4.714563535651678,2.2988002983752294,3.096095351481349,18.59754145425831,14.125821074047622,15.869864609806921,29.996034603642435,22.783582377496167,25.59655582226923,0.6231155778894473,-0.0018844221105527303,-0.0018844221105527303,0.46733668341708545,-0.002663316582914521,-0.002663316582914521,0.3668341708542714,-0.0031658291457286047,-0.0031658291457286047,0.383177570093458,0.10012935858490435,0.16763352864268077,0.365625,0.371859296482412,0.09115754209644711,0.15983926309343033,0.33333333333333337,0.37792642140468224,0.09745897566177741,0.16769282852370337,0.3523489932885906,25.0,-7.0,-7.0,32.0,-5.0,-5.0,42.0,-11.0,-11.0,0.0002097612080124143,2.058929296871261e-05,-7.114469588441511e-05,0.00042015868917300025,1.8428279449089757e-05,-0.00011740602667131839,0.03426791277258567,-0.3634301536802201,11,-0.4131002426147461
264,0,test,2.3479449305658973,1.121647104359985,1.5287346444828165,3.872265199624386,1.8498368475046876,2.5212115864507183,10.464043277634929,7.0554563107434936,8.195335777612499,17.257453573062843,11.635961978451313,13.515867905486584,2.4841087131900355,1.1693648976827316,1.6039126213436221,3.574257141280627,1.6825394211262328,2.307787944379313,11.990428580025414,8.266631695997587,9.579056069478252,17.25241522305815,11.894434094960557,13.78281448845792,2.2784390872926137,1.0811157703520837,1.4780578198030556,3.755668825207605,1.7820589621188194,2.4363590436314104,9.761431768836173,6.450189863718665,7.535042152162665,16.090272146433254,10.632181094041758,12.420399151916483,0.6633165829145728,-0.0016834170854271857,-0.0016834170854271857,0.4974874371859297,-0.002512562814070307,-0.002512562814070307,0.3417085427135679,-0.003291457286432098,-0.003291457286432098,0.3821656050955414,0.09917673387137604,0.17030119831588042,0.36741214057507987,0.4170854271356784,0.12134607876475112,0.18503200476506076,0.40909090909090906,0.3812709030100334,0.09412566093991659,0.16770026897221357,0.3657718120805369,12.0,0.0,0.0,21.0,0.0,0.0,30.0,0.0,0.0,0.0006465082334378445,-8.775569514976572e-05,0.00012418611462274677,-0.013562990243396023,-0.011927919637368056,-0.013900109994686716,0.9617834394904459,0.6263702665085573,302,-0.39143943786621094
778,0,test,2.8577968196658885,1.389939383714826,1.8783581636095064,5.4455655933790945,2.648545912275495,3.5792336660905555,17.42309839188109,13.083171790040257,14.760137406610218,33.19991977035609,24.93013837157277,28.125616160627338,3.0989847873297,1.4985488708647383,2.026821990863938,5.226254005750935,2.5272137737464657,3.418115052389184,22.175427075410244,17.220235071966012,19.253735379417265,37.3975422712427,29.040904909502004,32.47028254664437,2.8577968196658885,1.389939383714826,1.8783581636095064,5.4455655933790945,2.648545912275495,3.5792336660905555,17.42309839188109,13.083171790040257,14.760137406610218,33.19991977035609,24.93013837157277,28.125616160627338,0.702020202020202,-0.0029797979797980823,-0.0029797979797980823,0.5252525252525253,0.0002525252525252819,0.0002525252525252819,0.4040404040404041,-0.000959595959595938,-0.000959595959595938,0.39004149377593356,0.09190484781320063,0.15831735584489903,0.31666666666666665,0.3939393939393939,0.08663460804518741,0.1540065080333537,0.3299492385786802,0.39004149377593356,0.09190484781320063,0.15831735584489903,0.31666666666666665,16.0,0.0,0.0,28.0,0.0,0.0,35.0,1.0,1.0,0.0007146113532869004,0.00016424018238696362,0.00023108670192572466,1.765294534639139e-05,-6.285548396256502e-05,-8.431204445269458e-05,0.04564315352697095,0.5154723541084207,11,-0.21538400650024414
151,0,test,3.029134802171029,1.4561056552576461,1.9785148736086025,4.959986810572445,2.38426657001252,3.2396734772538522,20.679333133089404,15.85810282123548,17.81990992624923,33.86089635827504,25.966484151730604,29.1787998792385,2.987685014548169,1.4113108001352372,1.9330378580651375,4.526795476588134,2.1383496971746014,2.9288452394926323,19.83970067005626,15.002316013755241,16.96873869521152,30.060152530388272,22.73078183902309,25.71021014425988,3.029134802171029,1.4561056552576461,1.9785148736086025,4.959986810572445,2.38426657001252,3.2396734772538522,20.679333133089404,15.85810282123548,17.81990992624923,33.86089635827504,25.966484151730604,29.1787998792385,0.6783919597989949,-0.0016080402010050232,-0.0016080402010050232,0.5175879396984925,-0.002412060301507535,-0.002412060301507535,0.38190954773869346,-0.0030904522613065533,-0.0030904522613065533,0.3906810035842294,0.09551105725149234,0.15706956139114236,0.41007194244604317,0.38190954773869346,0.0936889963602473,0.1515255744498788,0.398989898989899,0.3906810035842294,0.09551105725149234,0.15706956139114236,0.41007194244604317,19.0,-5.0,-5.0,29.0,-5.0,-5.0,36.0,-3.0,-3.0,0.0002326937158137376,0.00023062253028566433,-7.141123573951487e-05,-0.0002456840853515274,0.00018111633153772289,2.978536601450088e-05,0.035842293906810034,-0.37013593897045377,10,-0.5196371078491211
762,0,test,2.5324398674011004,1.1960124153733869,1.639120461916381,4.107853040726203,1.9400433947045053,2.6588058655504083,12.584172422683471,8.778748291029887,10.14094615813622,20.41269829028307,14.239946355798478,16.44955801232561,2.5443327865739493,1.181247356362257,1.6238903665239257,3.7143544329546705,1.7244486954193534,2.370642870837848,12.73472846903989,8.826495169986687,10.224327673108927,18.590844480350203,12.885394408739689,14.926025800159017,2.5324398674011004,1.1960124153733869,1.639120461916381,4.107853040726203,1.9400433947045053,2.6588058655504083,12.584172422683471,8.778748291029887,10.14094615813622,20.41269829028307,14.239946355798478,16.44955801232561,0.6030150753768844,-0.0019849246231156137,-0.0019849246231156137,0.457286432160804,-0.0027135678391959628,-0.0027135678391959628,0.371859296482412,-0.003140703517587995,-0.003140703517587995,0.4064748201438849,0.12999367113131755,0.19475233210560738,0.39350180505415167,0.4170854271356784,0.14139620407803433,0.20339594466489375,0.398989898989899,0.4064748201438849,0.12999367113131755,0.19475233210560738,0.39350180505415167,21.0,-6.0,-6.0,35.0,-14.0,-14.0,42.0,-10.0,-10.0,0.00025359245920178914,9.355738329723581e-05,9.579491717221743e-05,-0.008619552306134537,-0.009215665815595742,-0.009976404535723127,0.039568345323741004,0.5251940660151998,11,-0.5276374816894531
786,0,test,2.7534790099460427,1.3025028741008915,1.7844639693868856,4.371147928289343,2.0677233126351653,2.832836551401681,15.69714753134901,11.429869605593385,13.061800061120085,24.919221706016554,18.1449179988795,20.735607597028135,2.437044971078475,1.145216248347476,1.5718552350730253,3.9307176952878633,1.8471229812056063,2.5352503791500407,11.439187618696778,7.799751625456957,9.063730865799474,18.450302610801256,12.580244557188642,14.618920751289476,2.7534790099460427,1.3025028741008915,1.7844639693868856,4.371147928289343,2.0677233126351653,2.832836551401681,15.69714753134901,11.429869605593385,13.061800061120085,24.919221706016554,18.1449179988795,20.735607597028135,0.6381909547738693,-0.0018090452261306789,-0.0018090452261306789,0.4723618090452262,-0.0026381909547738003,-0.0026381909547738003,0.3467336683417085,-0.003266331658291488,-0.003266331658291488,0.39920948616600793,0.09546195164924265,0.16662078708585026,0.4126984126984127,0.40703517587939697,0.10377703051598841,0.17331230442697632,0.3787878787878788,0.39920948616600793,0.09546195164924265,0.16662078708585026,0.4126984126984127,19.0,-3.0,-3.0,30.0,-10.0,-10.0,36.0,-5.0,-5.0,-0.0007712610080119573,-0.00041992481411818916,-9.275841311537442e-05,-0.005740140745062128,-0.005373308086639383,-0.005463363467486992,0.039525691699604744,0.5248312354102007,10,-0.34134340286254883
908,0,test,2.9176065460093166,1.3762560535432906,1.8799321158805413,4.899377030091117,2.3110714861387334,3.156867137988079,18.496962806952418,13.826068786321105,15.674317689783663,31.060937543750285,23.21736079212412,26.321024045108413,3.0348820501756966,1.4343665607295555,1.9601657332541529,4.7052434886444905,2.223824125162101,3.039016640704113,20.7985245724747,15.842938253942233,17.86936274346084,32.245774530968525,24.562694967352297,27.70443836195479,2.9176065460093166,1.3762560535432906,1.8799321158805413,4.899377030091117,2.3110714861387334,3.156867137988079,18.496962806952418,13.826068786321105,15.674317689783663,31.060937543750285,23.21736079212412,26.321024045108413,0.7135678391959799,-0.0014321608040201994,-0.0014321608040201994,0.5728643216080402,-0.0021356783919597166,-0.0021356783919597166,0.4321608040201005,-0.002839195979899567,-0.002839195979899567,0.4285714285714286,0.1133744304476012,0.18607142857142855,0.3886792452830189,0.42713567839195976,0.10132114205110765,0.180057214285115,0.3939393939393939,0.4285714285714286,0.1133744304476012,0.18607142857142855,0.3886792452830189,16.0,0.0,0.0,27.0,0.0,0.0,36.0,0.0,0.0,0.000247605596402745,0.00040928895666158616,0.00011639200247902167,-0.00015559510116602837,0.0002314721571865519,7.534460660885145e-05,0.943609022556391,0.2306425030077913,251,-0.5393321514129639
451,0,test,2.5327974389548547,1.1961055448687798,1.6392669951270928,3.851418786039599,1.8188202873004644,2.492699812177796,12.588672969355143,8.782242390443619,10.14493103597431,19.1425697214421,13.354440748354989,15.426570389754751,2.6952141836392647,1.2783992315257282,1.7482902992537126,3.8229988420415104,1.8133322432989054,2.479844396104557,14.808690192798611,10.684725716951423,12.230922254252215,21.0052343160264,15.155639314824711,17.348825892556334,2.5327974389548547,1.1961055448687798,1.6392669951270928,3.851418786039599,1.8188202873004644,2.492699812177796,12.588672969355143,8.782242390443619,10.14493103597431,19.1425697214421,13.354440748354989,15.426570389754751,0.6030150753768844,-0.0019849246231156137,-0.0019849246231156137,0.457286432160804,-0.0027135678391959628,-0.0027135678391959628,0.33668341708542715,-0.0033165829145728187,-0.0033165829145728187,0.36734693877551017,0.08843537414965985,0.15532879818594103,0.32081911262798635,0.35678391959798994,0.07286432160804024,0.14405360134003353,0.31818181818181823,0.36734693877551017,0.08843537414965985,0.15532879818594103,0.32081911262798635,21.0,0.0,0.0,26.0,0.0,0.0,36.0,0.0,0.0,0.00016447239557216954,0.00014014374186850612,0.0002194409513622448,-0.005025161954822721,-0.004120439676935206,-0.004836838106250241,0.034013605442176874,0.5353475944743992,10,-0.5504353046417236
73,0,test,2.8818923438151876,1.3986773943730422,1.888172782577739,4.731106597763266,2.296162055762411,3.0997503180651216,17.848015825560115,13.440924319502944,15.146752501885835,29.300492646961185,22.06551742451733,24.86591869059591,2.8818923438151876,1.3986773943730422,1.888172782577739,4.731106597763266,2.296162055762411,3.0997503180651216,17.848015825560115,13.440924319502944,15.146752501885835,29.300492646961185,22.06551742451733,24.86591869059591,2.8818923438151876,1.3986773943730422,1.888172782577739,4.731106597763266,2.296162055762411,3.0997503180651216,17.848015825560115,13.440924319502944,15.146752501885835,29.300492646961185,22.06551742451733,24.86591869059591,0.653061224489796,0.00806122448979596,0.00806122448979596,0.5,0.0050000000000000044,0.0050000000000000044,0.40816326530612246,0.0031632653061224314,0.0031632653061224314,0.41836734693877553,0.12574648179882641,0.19463853337945347,0.3435897435897436,0.41836734693877553,0.12574648179882641,0.19463853337945347,0.3435897435897436,0.41836734693877553,0.12574648179882641,0.19463853337945347,0.3435897435897436,17.0,0.0,0.0,28.0,1.0,1.0,36.0,0.0,0.0,0.00030182880836816697,0.00022458050058075994,9.175036991892121e-05,-0.00023964414708910198,-0.00013091656071573254,-8.075776592875172e-05,0.05612244897959184,0.7679526401510499,11,-0.6737234592437744
682,0,test,1.5144375443686384,0.7253439680193562,0.982957067274054,4.472873677553886,2.1422949753129825,2.903152268460578,4.546862998797619,2.345462878288295,2.8454135970212757,13.42910699644878,6.9272973382003125,8.403895972597722,1.9249469156693795,0.8905346718813443,1.2252040989014037,4.476620734114836,2.0710108648403356,2.8493118579102417,6.854784774579493,4.041332648978419,4.8415499039464915,15.941359940882544,9.398448020880046,11.259418381270912,1.5144375443686384,0.7253439680193562,0.982957067274054,4.472873677553886,2.1422949753129825,2.903152268460578,4.546862998797619,2.345462878288295,2.8454135970212757,13.42910699644878,6.9272973382003125,8.403895972597722,0.457286432160804,-0.0027135678391959628,-0.0027135678391959628,0.3417085427135679,-0.003291457286432098,-0.003291457286432098,0.23115577889447236,-0.003844221105527623,-0.003844221105527623,0.32015810276679846,0.11897467081413571,0.17561145362093777,0.20238095238095233,0.3417085427135679,0.1161446329391318,0.16975528728785838,0.25757575757575757,0.32015810276679846,0.11897467081413571,0.17561145362093777,0.20238095238095233,20.0,-11.0,-11.0,27.0,-15.0,-15.0,35.0,-16.0,-16.0,0.00071867977986082,0.0010463998437385516,0.0009739908558157165,-0.016363156142635393,-0.019152873126873526,-0.020543395876328585,0.06719367588932806,0.10498506506841987,17,-0.2836405038833618
648,0,test,2.37382604010219,1.1090559491147554,1.5267869817806596,4.3200685077636125,2.0183440564634987,2.7785626438616973,10.738399333262434,7.196121092472344,8.405669793280818,19.542552823887537,13.096046460213646,15.297274841188074,2.444940476266297,1.1235519319604175,1.557055200139248,3.9755129695386944,1.8269137105047442,2.5317970733971515,11.529863277901475,7.781240383770127,9.09987781223575,18.747745167319472,12.65242338824411,14.796549288188212,2.37382604010219,1.1090559491147554,1.5267869817806596,4.3200685077636125,2.0183440564634987,2.7785626438616973,10.738399333262434,7.196121092472344,8.405669793280818,19.542552823887537,13.096046460213646,15.297274841188074,0.5979899497487438,-0.0020100502512562235,-0.0020100502512562235,0.39698492462311563,-0.0030150753768843908,-0.0030150753768843908,0.26633165829145733,-0.0036683417085426884,-0.0036683417085426884,0.3356164383561644,0.05821917808219179,0.11757990867579915,0.30584192439862545,0.33668341708542715,0.042713567839196,0.11055276381909551,0.303030303030303,0.3356164383561644,0.05821917808219179,0.11757990867579915,0.30584192439862545,22.0,-10.0,-10.0,30.0,-10.0,-10.0,37.0,-13.0,-13.0,-0.0003229344791315914,0.00011437915688747253,1.2024784624804052e-05,-0.009686831152664332,-0.008356145759564448,-0.008392174846112432,0.958904109589041,0.6222964491567332,280,-0.48569178581237793
478,0,test,3.038298034434797,1.4464683957897113,1.974785334421463,4.735009923794489,2.254236460970979,3.077587534163319,20.869693491775294,15.95696426205556,17.973165718671254,32.524197649519934,24.867996252554114,28.010128392734416,3.0776907652654524,1.483040716469142,2.010627078947045,4.628106413933011,2.230136415743071,3.0234993668376617,21.708215107033446,16.781610407864495,18.801383519950846,32.643932491779616,25.235504372728563,28.272757172858412,3.038298034434797,1.4464683957897113,1.974785334421463,4.735009923794489,2.254236460970979,3.077587534163319,20.869693491775294,15.95696426205556,17.973165718671254,32.524197649519934,24.867996252554114,28.010128392734416,0.6984924623115578,-0.0015075376884421399,-0.0015075376884421399,0.5376884422110553,-0.0023115577889447625,-0.0023115577889447625,0.40703517587939697,-0.00296482412060306,-0.00296482412060306,0.39330543933054396,0.07806535582323704,0.15408429885766495,0.4117647058823529,0.40201005025125625,0.08120804523872494,0.1599399333898205,0.4242424242424242,0.39330543933054396,0.07806535582323704,0.15408429885766495,0.4117647058823529,23.0,0.0,0.0,33.0,0.0,0.0,42.0,1.0,1.0,-0.00012537541346158064,-5.407260442315421e-05,-1.6464804107535518e-05,3.151278906887711e-05,-5.1862244922595835e-05,-7.525089254567519e-05,0.0502092050209205,0.2510901292071218,12,-0.17913317680358887
819,0,test,2.3076593096661893,1.1182034103441887,1.5125906688691306,4.077336694379524,1.9757213630621244,2.6725528382472983,10.050871123120924,6.765577932376738,7.836278120104936,17.758594377048013,11.953904567634972,13.845693856381727,2.6218329198002093,1.2532550262783397,1.7058019599061947,4.0648572400003244,1.94303104849355,2.644654201404953,13.760923152144905,9.831164966877163,11.261572497750707,21.334764576968844,15.242116227716531,17.45980232209412,2.3076593096661893,1.1182034103441887,1.5125906688691306,4.077336694379524,1.9757213630621244,2.6725528382472983,10.050871123120924,6.765577932376738,7.836278120104936,17.758594377048013,11.953904567634972,13.845693856381727,0.6030150753768844,-0.0019849246231156137,-0.0019849246231156137,0.44723618090452266,-0.0027638190954772934,-0.0027638190954772934,0.3467336683417085,-0.003266331658291488,-0.003266331658291488,0.3623693379790941,0.09802151189213759,0.15727084435221117,0.3356643356643356,0.38190954773869346,0.1087265903452097,0.16488116710430278,0.3787878787878788,0.3623693379790941,0.09802151189213759,0.15727084435221117,0.3356643356643356,20.0,0.0,0.0,30.0,0.0,0.0,38.0,0.0,0.0,0.001223157892987778,0.00010173617593523086,3.7532695831230626e-05,-0.02265814061458915,-0.01760656142265038,-0.02089876928200418,0.03484320557491289,0.49914330338040186,10,-0.4385049343109131
205,0,test,3.467342468391724,1.6886572548926406,2.2801812285520615,4.614022654788988,2.247110835250837,3.0342569104354205,32.05145141791619,26.129386371378793,28.773688213662883,42.65114401281761,34.770600761913514,38.28939612684274,3.467342468391724,1.6886572548926406,2.2801812285520615,4.614022654788988,2.247110835250837,3.0342569104354205,32.05145141791619,26.129386371378793,28.773688213662883,42.65114401281761,34.770600761913514,38.28939612684274,3.467342468391724,1.6886572548926406,2.2801812285520615,4.614022654788988,2.247110835250837,3.0342569104354205,32.05145141791619,26.129386371378793,28.773688213662883,42.65114401281761,34.770600761913514,38.28939612684274,0.7142857142857143,0.09928571428571431,0.09928571428571431,0.5833333333333333,0.07833333333333325,0.07833333333333325,0.5,0.06999999999999995,0.06999999999999995,0.43452380952380953,0.12591846827751874,0.19934594391116134,0.38323353293413176,0.43452380952380953,0.12591846827751874,0.19934594391116134,0.38323353293413176,0.43452380952380953,0.12591846827751874,0.19934594391116134,0.38323353293413176,23.0,2.0,2.0,35.0,3.0,3.0,43.0,4.0,4.0,0.00018867033830023713,0.00018034446635731903,0.00023574536906205998,3.5699890170270976e-05,6.804720801945052e-05,7.471573781625551e-05,0.06547619047619048,0.6755100482515208,11,-0.3029749393463135
883,0,test,2.237370164943613,1.0527014136946795,1.447442157055437,3.7337930674708346,1.756780930646316,2.4155365867743335,9.368660829363037,6.099057239402379,7.165423024559198,15.634713202248705,10.178296821600075,11.957881281244894,2.1794134954485234,0.997821374101796,1.3857166259910585,3.4321472369268085,1.5713722426799939,2.182230907072533,8.841119381048753,5.581559692654709,6.6295622105331,13.92302264732087,8.789857783708204,10.440255449658427,2.237370164943613,1.0527014136946795,1.447442157055437,3.7337930674708346,1.756780930646316,2.4155365867743335,9.368660829363037,6.099057239402379,7.165423024559198,15.634713202248705,10.178296821600075,11.957881281244894,0.5628140703517588,-0.0021859296482411583,-0.0021859296482411583,0.4371859296482412,-0.002814070351758735,-0.002814070351758735,0.2864321608040201,-0.003567839195979916,-0.003567839195979916,0.390625,0.11382188109161795,0.18023538961038965,0.37254901960784315,0.4120603015075377,0.13386481278573314,0.20004026811855602,0.3737373737373737,0.390625,0.11382188109161795,0.18023538961038965,0.37254901960784315,18.0,-9.0,-9.0,30.0,-17.0,-17.0,36.0,-19.0,-19.0,5.670258299765598e-05,-8.904069949527704e-05,8.507740630619187e-05,-0.0160936107957097,-0.015865540612444384,-0.01586171739094322,0.95703125,-0.42392636853695453,245,-0.5170474052429199
740,0,test,2.8641504586300925,1.3751978394000437,1.869415212251361,4.571966881167291,2.195191582147896,2.9840975748360234,17.534150888849727,13.10170026545531,14.830142538349403,27.989296760461986,20.913894212559097,23.672960449414887,2.821258033581029,1.3524587313886702,1.8388584281712563,4.340396974740044,2.080705740597954,2.8290129664173174,16.79796979516697,12.453953637365135,14.127112232374856,25.84303045410303,19.159928672869434,21.734018819038237,2.8641504586300925,1.3751978394000437,1.869415212251361,4.571966881167291,2.195191582147896,2.9840975748360234,17.534150888849727,13.10170026545531,14.830142538349403,27.989296760461986,20.913894212559097,23.672960449414887,0.6633165829145728,-0.0016834170854271857,-0.0016834170854271857,0.48743718592964824,-0.002562814070351749,-0.002562814070351749,0.371859296482412,-0.003140703517587995,-0.003140703517587995,0.40234375,0.0924022295321637,0.16857751623376627,0.3764705882352941,0.3869346733668342,0.08367652800342562,0.15822014915982252,0.3484848484848485,0.40234375,0.0924022295321637,0.16857751623376627,0.3764705882352941,17.0,0.0,0.0,31.0,0.0,0.0,35.0,1.0,1.0,-0.00015724052651478363,-0.00013016814261960276,0.00016029069082803667,-0.00474602921789824,-0.005376554275580148,-0.005462618534933128,0.05078125,0.23601251844089044,13,-0.4734165668487549
287,0,test,2.7910636713070955,1.3400056038328154,1.8224742763213468,4.094582418895574,1.9658323968316576,2.6736298449329645,16.298346668813863,12.03071910370277,13.664120683875478,23.910211871281877,17.649461542245273,20.045715508762378,2.811004284248353,1.340883067094655,1.8288886297856437,3.93147452342427,1.8753609329995173,2.5578861955043966,16.626607677097574,12.276845302176023,13.956508399176936,23.25399675118542,17.170413010036395,19.51959216668103,2.7910636713070955,1.3400056038328154,1.8224742763213468,4.094582418895574,1.9658323968316576,2.6736298449329645,16.298346668813863,12.03071910370277,13.664120683875478,23.910211871281877,17.649461542245273,20.045715508762378,0.6582914572864322,-0.0017085427135676845,-0.0017085427135676845,0.4974874371859297,-0.002512562814070307,-0.002512562814070307,0.371859296482412,-0.003140703517587995,-0.003140703517587995,0.3872180451127819,0.11142067175443293,0.17221804511278194,0.36226415094339626,0.39698492462311563,0.11377690457299028,0.16993984949790697,0.36363636363636365,0.3872180451127819,0.11142067175443293,0.17221804511278194,0.36226415094339626,22.0,0.0,0.0,33.0,0.0,0.0,40.0,0.0,0.0,-0.00014090692999698933,0.0001957001211694839,0.0001725602070384159,-0.00015559510116602837,0.0002314721571865519,7.534460660885145e-05,0.9586466165413534,-0.343767550516791,255,-0.6602890491485596
513,0,test,2.5138778482615116,1.1929547029612144,1.632281916785907,4.045320675363352,1.9196972231559775,2.6266605557474367,12.352739350828429,8.605860656158484,9.937988941773762,19.877971369149197,13.848511400714802,15.992166113199158,2.7728541901082253,1.3407503093532536,1.817337618432823,4.018629261026414,1.943116390367034,2.6338226354098886,16.00424804973051,11.81674811838965,13.404234720411631,23.194562390913784,17.125721910709643,19.42642713103135,2.5138778482615116,1.1929547029612144,1.632281916785907,4.045320675363352,1.9196972231559775,2.6266605557474367,12.352739350828429,8.605860656158484,9.937988941773762,19.877971369149197,13.848511400714802,15.992166113199158,0.6130653266331658,-0.001934673366834172,-0.001934673366834172,0.5226130653266332,-0.002386934673366814,-0.002386934673366814,0.39698492462311563,-0.0030150753768843908,-0.0030150753768843908,0.4121863799283154,0.12724014336917566,0.20549581839904418,0.34172661870503596,0.44221105527638194,0.14070351758793975,0.22110552763819102,0.36868686868686873,0.4121863799283154,0.12724014336917566,0.20549581839904418,0.34172661870503596,21.0,0.0,0.0,32.0,1.0,1.0,40.0,0.0,0.0,0.0010720031118823111,0.0007006570420870867,0.00012071842807112905,-0.01792269432463467,-0.0190121627714559,-0.015653967095454746,0.9605734767025089,0.2873141245864821,268,-0.6625738143920898
917,0,test,2.4443886138688535,1.1733059941493713,1.5959738755033663,3.9295867590043594,1.8862007754046854,2.5656795213788293,11.52350213530988,7.958792436222776,9.18756129749944,18.525123685877908,12.794514422788513,14.769877022562392,2.4623012393247556,1.140288129005529,1.5786257126668117,3.7592385333202376,1.7408979068786703,2.410115591857728,11.731778128972449,7.980813241095854,9.31200079142409,17.91111164728618,12.184447696329546,14.216795101410824,2.4443886138688535,1.1733059941493713,1.5959738755033663,3.9295867590043594,1.8862007754046854,2.5656795213788293,11.52350213530988,7.958792436222776,9.18756129749944,18.525123685877908,12.794514422788513,14.769877022562392,0.6683417085427136,-0.0016582914572863539,-0.0016582914572863539,0.48743718592964824,-0.002562814070351749,-0.002562814070351749,0.31658291457286436,-0.003417085427135591,-0.003417085427135591,0.3913043478260869,0.09347397307263527,0.16002970919270976,0.36111111111111116,0.37688442211055273,0.07613254241130463,0.13815320341272297,0.3434343434343434,0.3913043478260869,0.09347397307263527,0.16002970919270976,0.36111111111111116,19.0,-8.0,-8.0,30.0,-13.0,-13.0,39.0,-17.0,-17.0,0.00016303148746617848,-1.4274673237214482e-05,0.00017627695055630994,-6.550611697964115e-05,-0.000128814918206821,0.00012090384720320202,0.039525691699604744,-0.16855548581928792,10,-0.33605074882507324
351,0,test,2.5183223809843427,1.2039527020466987,1.6380517475946879,4.636002564993904,2.2163674742223316,3.015504353526585,12.407763693256408,8.68535975722824,9.99621142858149,22.84156498076748,15.988957734897442,18.402116493525014,2.6365624147823583,1.251308617875365,1.7061233705844034,4.585325938751928,2.1761889006528086,2.9671710792772235,13.96511472832584,9.969274820380601,11.429492544847385,24.287156049262332,17.33786925283583,19.877378338865018,2.5183223809843427,1.2039527020466987,1.6380517475946879,4.636002564993904,2.2163674742223316,3.015504353526585,12.407763693256408,8.68535975722824,9.99621142858149,22.84156498076748,15.988957734897442,18.402116493525014,0.6080402010050252,-0.001959798994974782,-0.001959798994974782,0.4824120603015075,-0.0025879396984924696,-0.0025879396984924696,0.3668341708542714,-0.0031658291457286047,-0.0031658291457286047,0.39669421487603307,0.10184885405129085,0.17828762146943966,0.32365145228215764,0.3919597989949749,0.09872671628820795,0.17493141836058423,0.3282828282828283,0.39669421487603307,0.10184885405129085,0.17828762146943966,0.32365145228215764,14.0,-1.0,-1.0,27.0,-4.0,-4.0,37.0,-7.0,-7.0,0.000563992429988025,4.430418629413296e-05,-0.0001052880906373831,-0.01839116494995441,-0.01777471094836436,-0.018943762065421588,0.04132231404958678,0.6984346920424652,10,-0.42569947242736816
536,0,test,3.3819185075217417,1.6409817925244878,2.220140189442122,5.966214725533638,2.8949395773781057,3.916662409676196,29.42717324524703,23.724490535241664,26.231562206175177,51.91397544208674,41.853582359341424,46.27643521278073,3.3819185075217417,1.6409817925244878,2.220140189442122,5.966214725533638,2.8949395773781057,3.916662409676196,29.42717324524703,23.724490535241664,26.231562206175177,51.91397544208674,41.853582359341424,46.27643521278073,3.3819185075217417,1.6409817925244878,2.220140189442122,5.966214725533638,2.8949395773781057,3.916662409676196,29.42717324524703,23.724490535241664,26.231562206175177,51.91397544208674,41.853582359341424,46.27643521278073,0.7688172043010753,0.043817204301075274,0.043817204301075274,0.6075268817204301,0.03252688172043017,0.03252688172043017,0.4516129032258065,0.021612903225806446,0.021612903225806446,0.3763440860215054,0.035861512294963815,0.11920122887864826,0.33513513513513515,0.3763440860215054,0.035861512294963815,0.11920122887864826,0.33513513513513515,0.3763440860215054,0.035861512294963815,0.11920122887864826,0.33513513513513515,21.0,0.0,0.0,30.0,1.0,1.0,39.0,1.0,1.0,7.133923193356277e-05,0.0002294920885658277,9.01178279748671e-05,-0.00014130699092529397,-5.9858071880469765e-05,-2.5231514589663107e-05,0.053763440860215055,1.0008868983755546,10,-0.2063307762145996
94,0,test,2.5922768819530244,1.247736890431604,1.6934702886111703,4.302076527496509,2.0707122862481944,2.810440053439815,13.360156497879444,9.523735149597702,10.903486942640994,22.172174613502058,15.805347695077039,18.095148543106333,2.7266179498736016,1.2591461119242426,1.7446198987216621,4.039433999812743,1.8654016472951738,2.5846220721802395,15.281118019446353,10.942864562029426,12.61133273557715,22.638693362142742,16.211651203006554,18.683455904558738,2.6128012902677606,1.2444465284608683,1.6975202287769742,4.330609873371978,2.062618555460002,2.813569439961835,13.637199147911687,9.708317718507613,11.139722050006018,22.603092510350862,16.091134340067867,18.463627707192295,0.6432160804020101,-0.001783919597989958,-0.001783919597989958,0.5226130653266332,-0.002386934673366814,-0.002386934673366814,0.38190954773869346,-0.0030904522613065533,-0.0030904522613065533,0.4147909967845659,0.112540192926045,0.19078242229367626,0.34838709677419355,0.4120603015075377,0.11306532663316582,0.1842546063651591,0.33333333333333337,0.4180602006688964,0.11371237458193983,0.1917502787068005,0.3489932885906041,20.0,-2.0,-2.0,31.0,0.0,0.0,41.0,-2.0,-2.0,0.0009389367574005921,0.0002732866818134128,0.00012029331168426982,0.00045964795473452114,5.716352994689089e-05,-8.236045698506445e-05,0.9646302250803859,-0.506382092614827,300,-0.49686694145202637
539,0,test,1.815961506382004,0.8548163847759551,1.1734752764263625,3.7529871131894748,1.7666205285369736,2.4251822379478156,6.146983700987597,3.532294804487159,4.24578186785362,12.703766315374368,7.300075929273462,8.774615860230815,1.9799467620147913,0.9175269782705284,1.2699123271430057,3.327641616831582,1.5420621483538295,2.134306432173119,7.242357406380907,4.348993566332018,5.208296106300025,12.172029254421693,7.309232884591626,8.753438834117688,1.8034467540111598,0.8499679520249963,1.1654054483578924,3.75718073752325,1.7707665667187427,2.427928017412276,6.0705350876476585,3.475814592063262,4.177765199184867,12.646948099265956,7.241280400131797,8.703677498301806,0.4723618090452262,-0.0026381909547738003,-0.0026381909547738003,0.33668341708542715,-0.0033165829145728187,-0.0033165829145728187,0.24120603015075381,-0.0037939698492461815,-0.0037939698492461815,0.34304207119741104,0.12010184502616705,0.1675845900348707,0.30194805194805197,0.33668341708542715,0.10109444465434947,0.15471346716889955,0.31313131313131315,0.3377926421404682,0.12243371058788055,0.1664911960893003,0.2953020134228188,13.0,0.0,0.0,20.0,-4.0,-4.0,29.0,-2.0,-2.0,0.000951012271360219,0.0003882302290698161,-6.144589557660236e-05,-0.10611502350801327,-0.1037124094771471,-0.10076644026641546,0.045307443365695796,-0.16986380919948757,14,-0.4225376844406128
243,0,test,2.5622934573902176,1.2271122578424136,1.671541774855998,4.032958932933715,1.9314311277282958,2.630947408944943,12.965519108242745,9.164834541889402,10.528558324396474,20.407266762086213,14.425124190192783,16.571577007629955,2.4663852121622183,1.1732955305319732,1.6025798605244708,3.7654736063545315,1.7912908863083559,2.446686809961024,11.779788361699959,8.135760294656519,9.407617878742304,17.98440971251902,12.421008083445066,14.36277538739283,2.5622934573902176,1.2271122578424136,1.671541774855998,4.032958932933715,1.9314311277282958,2.630947408944943,12.965519108242745,9.164834541889402,10.528558324396474,20.407266762086213,14.425124190192783,16.571577007629955,0.5728643216080402,-0.0021356783919597166,-0.0021356783919597166,0.4371859296482412,-0.002814070351758735,-0.002814070351758735,0.321608040201005,-0.0033919597989949812,-0.0033919597989949812,0.3849056603773585,0.10618626301389333,0.17035108070358185,0.3560606060606061,0.3869346733668342,0.12127051296583169,0.1799229872232616,0.33333333333333337,0.3849056603773585,0.10618626301389333,0.17035108070358185,0.3560606060606061,15.0,-1.0,-1.0,24.0,1.0,1.0,33.0,-4.0,-4.0,-0.0002385473932291061,-0.00017265274655984408,0.0001244626265306646,-0.010473447611259346,-0.010233775150198632,-0.010303361787243226,0.03773584905660377,0.8969676417498801,10,-0.3822951316833496
139,0,test,2.68685371697736,1.274295281138143,1.7434943710040613,4.450101468743752,2.110551559385049,2.8876625519754766,14.685398737332012,10.578950677489326,12.116802994586536,24.322691658706145,17.521387059591696,20.06845495978395,2.6769410362773747,1.2497881840918688,1.7235810093216344,4.182720369183397,1.9527940376435446,2.693095327065053,14.540546193319486,10.37372745493879,11.946133867439096,22.719603427061696,16.20894914834186,18.665834167873587,2.68685371697736,1.274295281138143,1.7434943710040613,4.450101468743752,2.110551559385049,2.8876625519754766,14.685398737332012,10.578950677489326,12.116802994586536,24.322691658706145,17.521387059591696,20.06845495978395,0.6381909547738693,-0.0018090452261306789,-0.0018090452261306789,0.4723618090452262,-0.0026381909547738003,-0.0026381909547738003,0.3467336683417085,-0.003266331658291488,-0.003266331658291488,0.375,0.07632325141776941,0.14955919395466,0.3840304182509505,0.37688442211055273,0.07362627674714417,0.14983934698534407,0.38888888888888884,0.375,0.07632325141776941,0.14955919395466,0.3840304182509505,23.0,0.0,0.0,32.0,0.0,0.0,40.0,0.0,0.0,-5.692740096958265e-06,-0.0001213908237733073,-0.0001569985640037681,-0.009484895487458012,-0.010671642234983736,-0.010311115833732565,0.946969696969697,-0.5609845377822387,250,-0.5260183811187744
611,0,test,2.227438905844359,1.0668629499526256,1.4518861636988083,3.966278309761568,1.8997043495930623,2.5852940721346522,9.276078720654189,6.0843076544811865,7.104286484076287,16.517404689681005,10.833992984753596,12.650213352290676,2.187886031786063,0.998833216003919,1.3914391224715081,3.5006176508577007,1.5981331456062706,2.226302595954413,8.916344309243845,5.632375099253101,6.6986968979989,14.266150894790153,9.011800158804963,10.717915036798242,2.227438905844359,1.0668629499526256,1.4518861636988083,3.966278309761568,1.8997043495930623,2.5852940721346522,9.276078720654189,6.0843076544811865,7.104286484076287,16.517404689681005,10.833992984753596,12.650213352290676,0.5577889447236181,-0.00221105527638199,-0.00221105527638199,0.42713567839195976,-0.002864321608040288,-0.002864321608040288,0.2361809045226131,-0.0038190954773869024,-0.0038190954773869024,0.3563636363636363,0.06909090909090909,0.14787878787878783,0.35036496350364965,0.371859296482412,0.09045226130653261,0.1641541038525962,0.3434343434343434,0.3563636363636363,0.06909090909090909,0.14787878787878783,0.35036496350364965,16.0,0.0,0.0,24.0,0.0,0.0,29.0,0.0,0.0,-0.0001189802729957625,7.623593684957939e-05,3.1750582331213326e-05,-0.01890876592361934,-0.019659359795950238,-0.018610533288286213,0.03636363636363636,0.2563441093836775,10,-0.48858165740966797
271,0,test,2.6710802568225662,1.2876257553471109,1.7476994748246197,4.4276058604939275,2.1343796488090696,2.8970018468560275,14.455576496471437,10.46691982070135,11.937788386381419,23.96168930121624,17.350057311488648,19.78818183612137,2.752267166495238,1.2903874742533308,1.777159827328089,3.93181023785034,1.843410677504758,2.5387997533258417,15.678136567399475,11.364075548565841,13.026684767062951,22.397337953427822,16.234393640808346,18.609549667232788,2.674235271530903,1.2913463145382884,1.750728172751159,4.4080801179080815,2.1285928261620137,2.885815669370042,14.501256074914568,10.514854524174542,11.983149905845565,23.903169354254782,17.332177787100893,19.752444899745434,0.6381909547738693,-0.0018090452261306789,-0.0018090452261306789,0.5276381909547738,-0.002361809045226204,-0.002361809045226204,0.4120603015075377,-0.0029396984924623393,-0.0029396984924623393,0.41776315789473684,0.12383869155647742,0.2066034204767937,0.3927392739273927,0.44221105527638194,0.12642158159217143,0.21850487831477927,0.4040404040404041,0.4180602006688964,0.12423716227156745,0.2078266077879175,0.3926174496644296,23.0,-11.0,-11.0,35.0,-18.0,-18.0,46.0,-19.0,-19.0,0.0004223517067232859,4.3509659354925415e-05,9.664925747096516e-05,0.00048729044062767457,8.427820529455232e-05,-5.782855820246624e-05,0.9638157894736842,-0.4914895447750696,293,-0.611748218536377
511,0,test,2.6292764176549657,1.2413406663099404,1.6986947638747432,4.343298386126241,2.050569075360092,2.806071730198152,13.863734718248443,9.857163766074837,11.327750904964288,22.901485832043313,16.283036347756536,18.712297380985312,2.5573166547016704,1.2098406054522262,1.6543372597929538,4.027270322364835,1.9052607959877577,2.605255527232998,12.901152580496092,9.053450725661122,10.434210412807406,20.31677571731668,14.257402717576571,16.431827421743947,2.6292764176549657,1.2413406663099404,1.6986947638747432,4.343298386126241,2.050569075360092,2.806071730198152,13.863734718248443,9.857163766074837,11.327750904964288,22.901485832043313,16.283036347756536,18.712297380985312,0.5979899497487438,-0.0020100502512562235,-0.0020100502512562235,0.4120603015075377,-0.0029396984924623393,-0.0029396984924623393,0.321608040201005,-0.0033919597989949812,-0.0033919597989949812,0.3730769230769231,0.09668536837442787,0.15184930159354715,0.33204633204633205,0.3668341708542714,0.08111988513998569,0.14980579021988072,0.30808080808080807,0.3730769230769231,0.09668536837442787,0.15184930159354715,0.33204633204633205,23.0,-5.0,-5.0,34.0,-4.0,-4.0,39.0,-3.0,-3.0,-3.0262129607001227e-05,-0.0001284432811861288,4.7840242628531554e-05,-0.01272436260390819,-0.009606171320752033,-0.009959709505053205,0.038461538461538464,0.7643522448901101,10,-0.3309898376464844
72,0,test,3.5731420651732018,1.757686739541718,2.3629187070754782,5.988787405008606,2.9459820000769636,3.9603848752391815,35.62836410589681,29.484491102378403,32.274130341738086,59.71514547326366,49.417668185676476,54.093260713617354,3.6437980353752684,1.7731820348417577,2.396928539505222,5.9248748542687295,2.883222820880907,3.8974447796832874,38.23678595570129,31.744491531104607,34.757352446337144,62.17363570032731,51.6170594001701,56.51602023794658,3.5731420651732018,1.757686739541718,2.3629187070754782,5.988787405008606,2.9459820000769636,3.9603848752391815,35.62836410589681,29.484491102378403,32.274130341738086,59.71514547326366,49.417668185676476,54.093260713617354,0.7185929648241206,-0.0014070351758793676,-0.0014070351758793676,0.6030150753768844,0.0030150753768843908,0.0030150753768843908,0.4723618090452262,0.002361809045226204,0.002361809045226204,0.42194092827004215,0.09773040195425264,0.18210923121534373,0.3771186440677966,0.42211055276381915,0.09629601642296703,0.1883876813113985,0.3787878787878788,0.42194092827004215,0.09773040195425264,0.18210923121534373,0.3771186440677966,23.0,0.0,0.0,34.0,0.0,0.0,41.0,0.0,0.0,0.0006649864370205965,0.00013770954399226485,6.070157563919619e-05,4.537263278781012e-05,-4.0869005880850295e-05,-6.618974063954397e-05,0.04219409282700422,-0.4659698566316805,10,-0.4843606948852539
218,0,test,3.3486911859491197,1.63375147960834,2.2012428691433703,4.957559576963781,2.418682358079386,3.258823242027895,28.465453267347815,22.909112777186177,25.315308792534893,42.14159282596185,33.91572561985663,37.47797111743993,3.4332434340414064,1.6593190177836896,2.2453372000022545,4.869848842611924,2.3536439968562974,3.184875460996106,30.97695168863297,25.08301338704263,27.69674565997317,43.938938565436835,35.578742392968266,39.28616405669953,3.3486911859491197,1.63375147960834,2.2012428691433703,4.957559576963781,2.418682358079386,3.258823242027895,28.465453267347815,22.909112777186177,25.315308792534893,42.14159282596185,33.91572561985663,37.47797111743993,0.7386934673366834,-0.0013065326633165952,-0.0013065326633165952,0.5829145728643217,-0.002085427135678275,-0.002085427135678275,0.4371859296482412,-0.002814070351758735,-0.002814070351758735,0.4015151515151515,0.08960588875522713,0.16096099534386688,0.4106463878326996,0.40703517587939697,0.09625823352350726,0.16162616085435522,0.4242424242424242,0.4015151515151515,0.08960588875522713,0.16096099534386688,0.4106463878326996,19.0,-2.0,-2.0,31.0,-8.0,-8.0,39.0,-6.0,-6.0,0.00010554313063448485,-0.0002443599712660712,-0.0002615700203717963,-0.000141735257445319,-0.00018927773293242467,8.23537205478786e-05,0.03787878787878788,0.6281930825237454,10,-0.14520740509033203
35,0,test,3.2152594890403483,1.5573840033000048,2.103226768339301,4.74541310129449,2.2985486795692847,3.1041599894164387,24.909754880983535,19.661605656712794,21.86922221026147,36.7643972641022,29.018634854786953,32.27686410550638,3.4110061946154184,1.6485821831450536,2.234171538458808,4.704836130504026,2.273906459510419,3.0816159151155973,30.295712311032403,24.46916841145712,27.051623035237206,41.78718939452745,33.7505771192512,37.3125834968789,3.2152594890403483,1.5573840033000048,2.103226768339301,4.74541310129449,2.2985486795692847,3.1041599894164387,24.909754880983535,19.661605656712794,21.86922221026147,36.7643972641022,29.018634854786953,32.27686410550638,0.7537688442211055,-0.0012311557788945438,-0.0012311557788945438,0.5628140703517588,-0.0021859296482411583,-0.0021859296482411583,0.457286432160804,-0.0027135678391959628,-0.0027135678391959628,0.4180327868852459,0.123554259277884,0.183700361817126,0.3251028806584362,0.40201005025125625,0.10125817055200814,0.16494828063522948,0.3232323232323232,0.4180327868852459,0.123554259277884,0.183700361817126,0.3251028806584362,21.0,-3.0,-3.0,32.0,-3.0,-3.0,40.0,-3.0,-3.0,0.0006991892010924978,3.614325028846823e-05,0.0004954415251293657,-3.136820234672655e-06,-7.934534252473924e-05,-9.790377231322367e-05,0.9508196721311475,-0.3606804463111891,232,-0.307079553604126
763,0,test,2.47911432879842,1.189550550581489,1.6182531554499224,3.8937501887342414,1.8683336331166887,2.5416631481077876,11.930693065905778,8.299490865191615,9.56549640465768,18.73860266848478,13.035358534029767,15.023774014095112,2.6042488776783554,1.2224909881447323,1.681974107719126,3.8581464854494154,1.8110977602144183,2.4918134929172235,13.52106551348347,9.539170302848214,11.006060567963676,20.03120816812366,14.132104152367726,16.305274915501744,2.47911432879842,1.189550550581489,1.6182531554499224,3.8937501887342414,1.8683336331166887,2.5416631481077876,11.930693065905778,8.299490865191615,9.56549640465768,18.73860266848478,13.035358534029767,15.023774014095112,0.5628140703517588,-0.0021859296482411583,-0.0021859296482411583,0.4723618090452262,-0.0026381909547738003,-0.0026381909547738003,0.37688442211055273,-0.003115577889447274,-0.003115577889447274,0.40794223826714804,0.1556899860148958,0.2122639669586246,0.3840579710144928,0.4120603015075377,0.15391493809901635,0.2184042080183891,0.40909090909090906,0.40794223826714804,0.1556899860148958,0.2122639669586246,0.3840579710144928,18.0,0.0,0.0,26.0,0.0,0.0,35.0,0.0,0.0,0.0003961922023838711,-6.432674953931624e-07,5.73835507936596e-06,-0.005906458869714193,-0.005055629786792082,-0.00554747283473489,0.036101083032490974,0.5766390939522955,10,-1.001354455947876
115,0,test,2.3947617118248137,1.1604436364105324,1.5709351377001317,4.016060013619253,1.9460856014338122,2.6344874980064326,10.965584778549129,7.529550173414622,8.68638006077547,18.38949000129357,12.627195942993467,14.567221219934018,2.403243105004764,1.1360830781714186,1.55668260303863,3.972302652900436,1.877823269704824,2.57302909593162,11.058983731244696,7.508229548266122,8.727370266736056,18.27931195247057,12.41029677399359,14.425405399563726,2.3947617118248137,1.1604436364105324,1.5709351377001317,4.016060013619253,1.9460856014338122,2.6344874980064326,10.965584778549129,7.529550173414622,8.68638006077547,18.38949000129357,12.627195942993467,14.567221219934018,0.6180904522613065,-0.0019095477386934512,-0.0019095477386934512,0.4522613065326633,-0.0027386934673366836,-0.0027386934673366836,0.3065326633165829,-0.0034673366834171437,-0.0034673366834171437,0.38661710037174724,0.08977108924002186,0.1579397208909067,0.3694029850746269,0.3869346733668342,0.10623291898086928,0.15988959824162552,0.36363636363636365,0.38661710037174724,0.08977108924002186,0.1579397208909067,0.3694029850746269,21.0,-12.0,-12.0,29.0,-15.0,-15.0,39.0,-18.0,-18.0,-0.00011829627585385866,7.7192982600152e-05,-9.593642444484622e-06,-0.00979747931319519,-0.010589380293303918,-0.011455720818239534,0.048327137546468404,0.3556673660124585,13,-0.4872286319732666
245,0,test,2.9371265422469452,1.4312518056996937,1.9318515283005058,5.252273346135714,2.559414993721805,3.454605085902081,18.86157044406585,14.353475142271792,16.128911755319326,33.728925970564816,25.667390842650732,28.84228925657103,2.9297334081730244,1.4249940537892303,1.9242194081703516,4.842534558963677,2.355362072378893,3.180527947389011,18.722638528882356,14.219658733508217,15.989326694769566,30.946509965094805,23.503568154559037,26.428639164908375,2.897063151817032,1.4116216385692348,1.9054598584394187,5.142715654113075,2.505837228229411,3.3824731214900927,18.12084896367117,13.703933854797626,15.425296192089537,32.16718750947545,24.326509801415906,27.38218258950805,0.7587939698492463,-0.001206030150753712,-0.001206030150753712,0.5226130653266332,-0.002386934673366814,-0.002386934673366814,0.36180904522613067,-0.0031909547738693256,-0.0031909547738693256,0.3729372937293729,0.0615699131692411,0.12924903906416985,0.39403973509933776,0.3668341708542714,0.043525900177579624,0.10473066501119965,0.3939393939393939,0.3745819397993311,0.06406441058397216,0.13097793534994284,0.38590604026845643,19.0,0.0,0.0,27.0,0.0,0.0,37.0,0.0,0.0,-0.00038409705318144587,-0.0003075488235541237,-0.00015309602960880824,-0.0041842896743773395,-0.00415530140238296,-0.0042425244870019085,0.9636963696369637,0.4550341941106179,292,-0.27773451805114746
736,0,test,2.8135031740628667,1.3419792484060353,1.8305846774930372,5.180418542718929,2.4709459177000017,3.370600358558608,16.668207692952308,12.312339588082317,13.995963886157313,30.69066813305504,22.67033955900871,25.770346203083307,2.7586492346740097,1.3199399129675518,1.7966528992626551,4.8397354994280875,2.31568405783781,3.15202263028536,15.778515475697793,11.563263705163834,13.16159997238729,27.681606097715427,20.286427552919008,23.09052626734612,2.8135031740628667,1.3419792484060353,1.8305846774930372,5.180418542718929,2.4709459177000017,3.370600358558608,16.668207692952308,12.312339588082317,13.995963886157313,30.69066813305504,22.67033955900871,25.770346203083307,0.6984924623115578,-0.0015075376884421399,-0.0015075376884421399,0.4623115577889447,-0.002688442211055242,-0.002688442211055242,0.321608040201005,-0.0033919597989949812,-0.0033919597989949812,0.37662337662337664,0.06560825783287982,0.12914136223488748,0.32608695652173914,0.36180904522613067,0.053538368534401304,0.11806947928289191,0.297979797979798,0.37662337662337664,0.06560825783287982,0.12914136223488748,0.32608695652173914,18.0,0.0,0.0,29.0,0.0,0.0,35.0,0.0,0.0,0.00038413627345904727,0.00020176626423463903,8.273737100765082e-05,8.695216395082639e-05,-7.889288760054569e-06,-3.900628491937397e-05,0.04329004329004329,1.0331082196517467,10,-0.28188490867614746
178,0,test,1.9571486241507803,0.9280665951715781,1.263745929413902,4.018400898522347,1.9054984347671766,2.594712386988118,7.0791130479930855,4.280617330730463,5.078601954346164,14.53477466236878,8.788927072669992,10.42734231051925,1.9571486241507803,0.9280665951715781,1.263745929413902,4.018400898522347,1.9054984347671766,2.594712386988118,7.0791130479930855,4.280617330730463,5.078601954346164,14.53477466236878,8.788927072669992,10.42734231051925,1.9571486241507803,0.9280665951715781,1.263745929413902,4.018400898522347,1.9054984347671766,2.594712386988118,7.0791130479930855,4.280617330730463,5.078601954346164,14.53477466236878,8.788927072669992,10.42734231051925,0.47916666666666663,0.004166666666666652,0.004166666666666652,0.359375,0.004375000000000018,0.004375000000000018,0.25,0.0,0.0,0.36979166666666663,0.11524621212121211,0.1742899365628604,0.3403141361256544,0.36979166666666663,0.11524621212121211,0.1742899365628604,0.3403141361256544,0.36979166666666663,0.11524621212121211,0.1742899365628604,0.3403141361256544,18.0,0.0,0.0,29.0,0.0,0.0,36.0,1.0,1.0,-0.0005778938376282199,-0.00023168614517100536,-0.00016867420764183393,-0.04109688780087151,-0.041729992664142124,-0.041490942858874114,0.0625,0.33810061554962295,12,-0.42556750774383545
625,0,test,2.3172907298023726,1.1027559251564094,1.5056860908599445,4.259929664966038,2.027221970197711,2.767937903556904,10.1481429666941,6.779416382892359,7.896625003743559,18.655568208234065,12.462759458370982,14.516550156582468,2.444377557101926,1.1452551495405223,1.5737464568526573,4.040293482813102,1.8929837182487979,2.6012338129795998,11.523374723336966,7.857296790153109,9.13495701433963,19.04690036915201,12.987267421740675,15.099102503040708,2.3527594140834367,1.1154984618735095,1.5255798560262954,4.277744389242612,2.028179021588199,2.773781556411446,10.514543710726478,7.0683823855473245,8.227684029842926,19.11735220132087,12.851604337358772,14.959425508805321,0.5879396984924623,0.0029396984924623393,0.0029396984924623393,0.4321608040201005,0.0021608040201004375,0.0021608040201004375,0.31155778894472363,0.0015577889447235815,0.0015577889447235815,0.34967320261437906,0.06745460555075755,0.13880363739698776,0.32131147540983607,0.3517587939698492,0.07606957091220512,0.13639986241726154,0.3282828282828283,0.3511705685618729,0.062355877409953075,0.13537524041949245,0.325503355704698,22.0,0.0,0.0,32.0,0.0,0.0,38.0,0.0,0.0,0.0004666347090517228,0.00017454476051857295,0.00010301396815254756,-0.004172442894708972,-0.004150848291418541,-0.0042403722290176304,0.032679738562091505,-0.664006635920138,10,-0.36707329750061035
964,0,test,2.5666413726636472,1.2402009561652472,1.6818831321999252,4.406583079573129,2.129260677753587,2.8875704378131246,13.022014817077807,9.254406443457409,10.599616134371956,22.357073631729968,15.88858937581543,18.198136134313298,2.7058334989034583,1.2793169644871858,1.7538364850395545,4.364247578876546,2.0634144588503,2.8287685242573457,14.966786293067686,10.802618132097209,12.375907776291964,24.139977892044655,17.423577632414855,19.961141574664456,2.5666413726636472,1.2402009561652472,1.6818831321999252,4.406583079573129,2.129260677753587,2.8875704378131246,13.022014817077807,9.254406443457409,10.599616134371956,22.357073631729968,15.88858937581543,18.198136134313298,0.6030150753768844,-0.0019849246231156137,-0.0019849246231156137,0.46733668341708545,-0.002663316582914521,-0.002663316582914521,0.35678391959798994,-0.0032160804020100464,-0.0032160804020100464,0.3943661971830986,0.11971830985915499,0.18309859154929575,0.3533568904593639,0.3869346733668342,0.10050251256281406,0.17252931323283083,0.3535353535353535,0.3943661971830986,0.11971830985915499,0.18309859154929575,0.3533568904593639,18.0,0.0,0.0,28.0,1.0,1.0,36.0,0.0,0.0,0.00021802329805989265,0.00010751176283038041,0.00016655155986975773,-0.004940067029992612,-0.005069500792521886,-0.004792086780274651,0.06338028169014084,0.22663926193319403,18,-0.4510457515716553
626,0,test,2.731073795467325,1.2908162762947684,1.7683334226387557,4.693522031731272,2.2183489299197516,3.0389921694450477,15.349360247345807,11.127577380292738,12.730496936452147,26.37884066460028,19.123441366131832,21.878159405759078,2.8487004281083665,1.2881979108691743,1.8065018398621453,4.28376004226822,1.937139715592743,2.7165441200934515,17.265329717452925,12.504116481643216,14.429885576892744,25.962901830756277,18.80318267916273,21.699076055477807,2.731073795467325,1.2908162762947684,1.7683334226387557,4.693522031731272,2.2183489299197516,3.0389921694450477,15.349360247345807,11.127577380292738,12.730496936452147,26.37884066460028,19.123441366131832,21.878159405759078,0.6030150753768844,-0.0019849246231156137,-0.0019849246231156137,0.4824120603015075,-0.0025879396984924696,-0.0025879396984924696,0.38190954773869346,-0.0030904522613065533,-0.0030904522613065533,0.39860139860139865,0.13636363636363646,0.18997668997669004,0.36140350877192984,0.39698492462311563,0.13316582914572872,0.19095477386934678,0.3484848484848485,0.39860139860139865,0.13636363636363646,0.18997668997669004,0.36140350877192984,19.0,-5.0,-5.0,30.0,-9.0,-9.0,39.0,-10.0,-10.0,4.074047148520195e-05,0.00028808180167632806,0.00020270935621040414,-0.008652937074283606,-0.009228162666444106,-0.009988721271942502,0.038461538461538464,0.830528380357431,11,-0.7626795768737793
822,0,test,2.4354769609620504,1.1697287887370853,1.5894453299002702,4.288890245719334,2.059899753750842,2.799023222465885,11.421264911951871,7.875520340376136,9.090884243940973,20.112919341802037,13.868840850976843,16.00910432895266,2.2033893898635837,1.020270533624759,1.4124527395514672,3.8319815475888417,1.774383536738712,2.4564395470460303,9.055654686839077,5.791114714116347,6.850193481795879,15.748964672763613,10.071503850637125,11.913379968340658,2.4354769609620504,1.1697287887370853,1.5894453299002702,4.288890245719334,2.059899753750842,2.799023222465885,11.421264911951871,7.875520340376136,9.090884243940973,20.112919341802037,13.868840850976843,16.00910432895266,0.5025125628140703,-0.0024874371859296973,-0.0024874371859296973,0.40201005025125625,-0.002989949748743781,-0.002989949748743781,0.3065326633165829,-0.0034673366834171437,-0.0034673366834171437,0.3978494623655914,0.13261648745519716,0.1899641577060932,0.4136690647482014,0.37688442211055273,0.12311557788944716,0.1792294807370184,0.3737373737373737,0.3978494623655914,0.13261648745519716,0.1899641577060932,0.4136690647482014,17.0,0.0,0.0,30.0,0.0,0.0,37.0,0.0,0.0,-0.0005266756763348215,-0.0005723416838493179,-2.8052591470041142e-05,-0.03746768811657475,-0.030700539904200852,-0.03288841098629636,0.03942652329749104,0.3048769449195886,11,-0.6846542358398438
366,0,test,2.875177158439525,1.3847912929636508,1.8782279825421182,4.822877814156622,2.3228757172293495,3.1505759707158107,17.72856460811256,13.289756636768086,15.018563141986453,29.738237407156554,22.292495003610984,25.19242849623534,3.0302049243704707,1.4549748209988884,1.9734230157842363,4.489192480548845,2.1555182533316866,2.923589653013683,20.701474391357824,15.86962107541617,17.82437707801567,30.668850950159737,23.510549741357288,26.40648456002321,2.875177158439525,1.3847912929636508,1.8782279825421182,4.822877814156622,2.3228757172293495,3.1505759707158107,17.72856460811256,13.289756636768086,15.018563141986453,29.738237407156554,22.292495003610984,25.19242849623534,0.6783919597989949,-0.0016080402010050232,-0.0016080402010050232,0.5125628140703518,-0.0024371859296482556,-0.0024371859296482556,0.4120603015075377,-0.0029396984924623393,-0.0029396984924623393,0.3938223938223938,0.09131757686670983,0.16275692527297148,0.3643410852713178,0.40703517587939697,0.10878956184430921,0.1766512025905823,0.38888888888888884,0.3938223938223938,0.09131757686670983,0.16275692527297148,0.3643410852713178,18.0,-5.0,-5.0,30.0,-9.0,-9.0,38.0,-8.0,-8.0,0.0001930509179850391,0.0004505032767654349,0.00028863553167118557,-0.00010708564814265742,-0.00016179463533028127,9.987650539144965e-05,0.9536679536679536,-0.9508577386921844,247,-0.4380922317504883
550,0,test,2.446435788200966,1.2029023920762176,1.2053292308379628,5.365359174981518,2.638124988630675,2.6434473689193094,11.547116916637114,8.079271803746263,8.087677500924611,25.324363709877964,17.718917990190306,17.737352802456982,3.1168611043962957,1.5052564975352674,2.0420224011929964,4.986977767034073,2.4084103960564276,3.267235841908794,22.575406468639283,17.564561251611796,19.645886128462532,36.12065034982285,28.10329800257887,31.433417805540053,2.770572040877425,1.3539961794658715,1.8256707753809027,4.872947295425589,2.381440339178209,3.211032716699352,15.96776561237146,11.844787020223244,13.395206246694483,28.084481871170983,20.83289011203971,23.559803928009714,0.6683417085427136,-0.0016582914572863539,-0.0016582914572863539,0.5025125628140703,-0.0024874371859296973,-0.0024874371859296973,0.371859296482412,-0.003140703517587995,-0.003140703517587995,0.36078431372549025,0.09339939697720423,0.09294462653096436,0.30255402750491156,0.35678391959798994,0.06355083689122298,0.13474719171819027,0.31818181818181823,0.3523489932885906,0.07429204186480498,0.1402954218600192,0.2962962962962963,20.0,0.0,0.0,30.0,0.0,0.0,38.0,0.0,0.0,0.0007377096976340226,0.0008135566203834433,0.0009372920890781442,-0.017419811809205044,-0.014925464367695263,-0.02017828392457144,0.0196078431372549,-0.5769330552447378,10,-0.9291572570800781
422,0,test,2.6089851578423238,1.263038922584386,1.7095239360125907,4.488750861629339,2.1730545438253097,2.9412306228291154,13.58525696221632,9.743436875361441,11.126978674598133,23.373392413254162,16.763552884938626,19.14393225381169,2.7364830100074444,1.3218788676900073,1.7917898367575338,4.4860377213236795,2.1670145371967333,2.9373603881271046,15.43261319350514,11.317755947833641,12.860589101790998,25.299365890992036,18.553698275137116,21.082932953755737,2.6089851578423238,1.263038922584386,1.7095239360125907,4.488750861629339,2.1730545438253097,2.9412306228291154,13.58525696221632,9.743436875361441,11.126978674598133,23.373392413254162,16.763552884938626,19.14393225381169,0.6080402010050252,-0.001959798994974782,-0.001959798994974782,0.49246231155778897,-0.002537688442211028,-0.002537688442211028,0.3668341708542714,-0.0031658291457286047,-0.0031658291457286047,0.4094202898550725,0.1182810493487434,0.19496245852977134,0.3781818181818182,0.4170854271356784,0.12886487575723227,0.20673484282849974,0.38888888888888884,0.4094202898550725,0.1182810493487434,0.19496245852977134,0.3781818181818182,24.0,0.0,0.0,32.0,0.0,0.0,41.0,0.0,0.0,0.00040066319912713866,3.7134288995626794e-05,5.079649710284667e-07,-0.017193027922004944,-0.012508412009809788,-0.013649608944834135,0.06521739130434782,0.35371014360491254,18,-0.3915674686431885
704,0,test,2.8641211434933753,1.38225544661975,1.8603984489846508,4.304182053629709,2.0772442186631994,2.795794317189223,17.533636880353352,13.13248764411754,14.805216860071127,26.349431959860624,19.735414392556528,22.24918064446443,2.9899407345223903,1.4316481805802161,1.9421079523076805,4.181735293038308,2.0023051476646376,2.71623489833242,19.884503992016782,15.133801244533059,17.033039320171312,27.810495093729767,21.166155586759523,23.822432615624216,2.8641211434933753,1.38225544661975,1.8603984489846508,4.304182053629709,2.0772442186631994,2.795794317189223,17.533636880353352,13.13248764411754,14.805216860071127,26.349431959860624,19.735414392556528,22.24918064446443,0.7035175879396984,-0.001482412060301641,-0.001482412060301641,0.5125628140703518,-0.0024371859296482556,-0.0024371859296482556,0.4170854271356784,-0.0029145728643216184,-0.0029145728643216184,0.4029850746268657,0.10317129436615813,0.16849375949038925,0.3820224719101124,0.4170854271356784,0.11132101610810952,0.18002365751965166,0.4040404040404041,0.4029850746268657,0.10317129436615813,0.16849375949038925,0.3820224719101124,22.0,-9.0,-9.0,33.0,-12.0,-12.0,43.0,-15.0,-15.0,0.00017867386292502377,0.0005318948811984376,0.0001617992807802292,-0.00016945494488584956,0.00022372510708557058,6.833549267337702e-05,0.9589552238805971,0.2812103834476962,257,-0.8022489547729492
78,0,test,2.965215723922424,1.4684424462537498,1.9604442920703065,5.059693497169215,2.505675602734573,3.345202561865999,19.398887594245117,14.931636384102486,16.667604677048104,33.10127645049762,25.47858589350821,28.44075401242335,3.003987903294888,1.4526230285084383,1.9623053061547868,5.048719165201493,2.4413832411906524,3.2979921111845156,20.16579602847261,15.447890888566008,17.331814574471775,33.89209416550018,25.962841829522702,29.129100125162648,2.965215723922424,1.4684424462537498,1.9604442920703065,5.059693497169215,2.505675602734573,3.345202561865999,19.398887594245117,14.931636384102486,16.667604677048104,33.10127645049762,25.47858589350821,28.44075401242335,0.7487437185929648,-0.0012562814070351536,-0.0012562814070351536,0.5326633165829145,-0.0023366834170853723,-0.0023366834170853723,0.39698492462311563,-0.0030150753768843908,-0.0030150753768843908,0.39252336448598135,0.08483105679367364,0.1378649793928136,0.3896713615023474,0.39698492462311563,0.09122051359554673,0.14489811327086188,0.3939393939393939,0.39252336448598135,0.08483105679367364,0.1378649793928136,0.3896713615023474,16.0,-1.0,-1.0,28.0,-3.0,-3.0,32.0,-1.0,-1.0,0.00015810140112654738,9.22800857096227e-05,0.0001458946046223146,0.00020476083557952052,8.555324308456846e-05,3.801350628762634e-05,0.0514018691588785,-0.2415356869091393,11,-0.3802814483642578
259,0,test,2.4765133178717376,1.2139550844158797,1.634111094054587,4.083786861920945,2.001819973639431,2.6946600160237897,11.899701525018848,8.365249640451363,9.577763427456453,19.622686620726444,13.794352056108538,15.79379532077256,2.5348984661875362,1.1910442898142029,1.6387533359695685,3.930075141376025,1.846580294285586,2.5407028464644474,12.615149918743132,8.781358744326855,10.165010005877997,19.558371967043616,13.61450968112691,15.759705435469765,2.4765133178717376,1.2139550844158797,1.634111094054587,4.083786861920945,2.001819973639431,2.6946600160237897,11.899701525018848,8.365249640451363,9.577763427456453,19.622686620726444,13.794352056108538,15.79379532077256,0.6080402010050252,-0.001959798994974782,-0.001959798994974782,0.46733668341708545,-0.002663316582914521,-0.002663316582914521,0.37688442211055273,-0.003115577889447274,-0.003115577889447274,0.4032258064516129,0.11549944830271952,0.18338666436046003,0.3643724696356275,0.40201005025125625,0.11378949887281009,0.18498166961686557,0.36363636363636365,0.4032258064516129,0.11549944830271952,0.18338666436046003,0.3643724696356275,20.0,-6.0,-6.0,34.0,-8.0,-8.0,41.0,-7.0,-7.0,0.00014988767108380248,-3.670918852539279e-05,0.0002071001348827181,-3.085650767697956e-05,-0.00010133182060556578,-0.00011602607612637428,0.9556451612903226,-0.34559353623474853,237,-0.38527584075927734
574,0,test,2.0265414028659055,0.954309693524352,1.3098615969927048,3.564328702687681,1.6784623433163606,2.30381539706364,7.587797788512728,4.665904743405109,5.540174383754206,13.34559728685474,8.206503048694868,9.744189063191222,2.082424589073713,0.960449514145912,1.3329261374498012,3.179274181791928,1.466335136100629,2.035001736564582,8.023900008857591,4.952986507055755,5.907961503943441,12.250229021156628,7.561811461153823,9.01978855563884,2.0265414028659055,0.954309693524352,1.3098615969927048,3.564328702687681,1.6784623433163606,2.30381539706364,7.587797788512728,4.665904743405109,5.540174383754206,13.34559728685474,8.206503048694868,9.744189063191222,0.48743718592964824,-0.002562814070351749,-0.002562814070351749,0.3467336683417085,-0.003266331658291488,-0.003266331658291488,0.27135678391959794,-0.0036432160804020786,-0.0036432160804020786,0.3557046979865772,0.09439816532326062,0.14923148370086292,0.3097643097643098,0.33668341708542715,0.08605685066938706,0.13634952726906657,0.2676767676767676,0.3557046979865772,0.09439816532326062,0.14923148370086292,0.3097643097643098,15.0,-2.0,-2.0,29.0,-9.0,-9.0,34.0,-5.0,-5.0,0.00047602266170414085,0.0004172586056416456,7.783704864522795e-05,-0.018572581100127827,-0.020303018807356743,-0.01713699919415923,0.03691275167785235,0.39876778134869845,11,-0.6186373233795166
147,0,test,2.5825091546749213,1.226722811815037,1.6744977644865235,4.416981174892279,2.0981190160698566,2.863968590294192,13.23029339898407,9.350482780170267,10.75090630480645,22.62836388240034,15.992549858498112,18.387756990289652,2.49845208616836,1.1869812693907094,1.6201539843212767,4.095823092079279,1.9458709334273925,2.6559901382316013,12.16365109712476,8.452022271685145,9.756851006910617,19.940411634630753,13.855774215877286,15.994837716246913,2.5825091546749213,1.226722811815037,1.6744977644865235,4.416981174892279,2.0981190160698566,2.863968590294192,13.23029339898407,9.350482780170267,10.75090630480645,22.62836388240034,15.992549858498112,18.387756990289652,0.6834170854271358,-0.0015829145728643024,-0.0015829145728643024,0.46733668341708545,-0.002663316582914521,-0.002663316582914521,0.3316582914572864,-0.0033417085427135396,-0.0033417085427135396,0.42914979757085026,0.11399828241933507,0.19092637899749898,0.38617886178861793,0.4120603015075377,0.09877709348748753,0.17499853189151093,0.3535353535353535,0.42914979757085026,0.11399828241933507,0.19092637899749898,0.38617886178861793,17.0,-2.0,-2.0,25.0,-3.0,-3.0,36.0,-5.0,-5.0,0.00023215562701657674,-0.00014324273902978924,-3.330266917195239e-05,-0.0056985612138991115,-0.005340328369515923,-0.005695762814863059,0.04048582995951417,-0.20393922878717563,10,-0.4840559959411621
369,0,test,2.4372948607028566,1.1769313288278906,1.5931587179122952,3.9511426002698484,1.9079445765470773,2.5826982942553363,11.442046510182825,7.915343186754079,9.116078867655308,18.548907696631787,12.831705414551646,14.778239655018854,2.3985075564383282,1.1400093580076247,1.555663508421413,3.9975125940638807,1.9000155966793746,2.5927725140356888,11.006737182362329,7.486606204876729,8.683772969693525,18.344561970603884,12.477677008127884,14.47295494948921,2.4372948607028566,1.1769313288278906,1.5931587179122952,3.9511426002698484,1.9079445765470773,2.5826982942553363,11.442046510182825,7.915343186754079,9.116078867655308,18.548907696631787,12.831705414551646,14.778239655018854,0.5326633165829145,-0.0023366834170853723,-0.0023366834170853723,0.4120603015075377,-0.0029396984924623393,-0.0029396984924623393,0.31658291457286436,-0.003417085427135591,-0.003417085427135591,0.3846153846153846,0.11398198730252473,0.18129057643124136,0.359073359073359,0.37688442211055273,0.12124532436619184,0.18155887953960115,0.33838383838383834,0.3846153846153846,0.11398198730252473,0.18129057643124136,0.359073359073359,17.0,-2.0,-2.0,24.0,0.0,0.0,31.0,-1.0,-1.0,2.894750146836669e-05,-0.00028359840483951,3.011064720372655e-05,-0.005788650198086387,-0.00541178442327972,-0.005487895366266926,0.9576923076923077,-0.985374921462573,249,-0.5830299854278564
466,0,test,2.7130001925345635,1.288935353002878,1.7576306904970211,4.245047360083493,2.016804728816268,2.750175080424751,15.07443394319162,10.9204625472141,12.474802968774426,23.58705546405277,17.087311985640888,19.519397586435282,2.864675711373505,1.3768515035887672,1.8706329367231498,4.243964016849637,2.0397800053166923,2.7713080544046664,17.543363168883385,13.115911352617173,14.841226619559581,25.990167657605014,19.430979781655072,21.987002399347528,2.7130001925345635,1.288935353002878,1.7576306904970211,4.245047360083493,2.016804728816268,2.750175080424751,15.07443394319162,10.9204625472141,12.474802968774426,23.58705546405277,17.087311985640888,19.519397586435282,0.6231155778894473,-0.0018844221105527303,-0.0018844221105527303,0.49246231155778897,-0.002537688442211028,-0.002537688442211028,0.38190954773869346,-0.0030904522613065533,-0.0030904522613065533,0.37735849056603776,0.0967558540311978,0.1577850903150967,0.35984848484848486,0.3869346733668342,0.11625798163751089,0.1732451908960495,0.36363636363636365,0.37735849056603776,0.0967558540311978,0.1577850903150967,0.35984848484848486,16.0,0.0,0.0,24.0,0.0,0.0,35.0,0.0,0.0,0.0003442602824160571,0.00010445888566704388,5.4170089819260236e-05,-0.007161958742148755,-0.005009147486194188,-0.0055054181511122735,0.04905660377358491,0.5772767437990391,13,-0.5865375995635986
191,0,test,1.6626967387222775,0.7457151758605579,1.04930812470838,3.4433152319638656,1.544317952845978,2.1730352653535245,5.273512972761333,2.771785298595707,3.426834483839359,10.921033957775244,5.740151114822316,7.096706874333992,2.317772843271123,1.0847677604707555,1.4935603594228968,3.9961600746053847,1.870289242190958,2.5751040679705115,10.153036702674374,6.7215106251181505,7.8729522478995655,17.50523569426616,11.5888114226175,13.574055599826835,1.6626967387222775,0.7457151758605579,1.04930812470838,3.4433152319638656,1.544317952845978,2.1730352653535245,5.273512972761333,2.771785298595707,3.426834483839359,10.921033957775244,5.740151114822316,7.096706874333992,0.46733668341708545,-0.002663316582914521,-0.002663316582914521,0.36180904522613067,-0.0031909547738693256,-0.0031909547738693256,0.2814070351758794,-0.003592964824120637,-0.003592964824120637,0.28865979381443296,0.1068416119962512,0.1480883652430044,0.18965517241379315,0.321608040201005,0.08852533343408764,0.14631588661168948,0.2676767676767676,0.28865979381443296,0.1068416119962512,0.1480883652430044,0.18965517241379315,17.0,0.0,0.0,25.0,0.0,0.0,27.0,0.0,0.0,0.0022114579144665455,0.0009447476098504859,0.0002117237051249852,-0.0740295169706906,-0.0742895791074174,-0.0669571631046626,0.044673539518900345,0.593859709813765,13,-0.5083552598953247
673,0,test,2.670176927951302,1.2922700860033942,1.7482616720067052,4.7916873638578155,2.3190052228280083,3.137291493601073,14.442524252993147,10.475934021279194,11.92842332448501,25.91740653619318,18.79927886010376,21.405800760377208,2.8275252500494004,1.350321045843735,1.8370603577216325,4.350038846229847,2.077416993605746,2.8262467041871266,16.903576893706592,12.522895839163025,14.21109099623248,26.005502913394757,19.265993598712345,21.863216917280738,2.670176927951302,1.2922700860033942,1.7482616720067052,4.7916873638578155,2.3190052228280083,3.137291493601073,14.442524252993147,10.475934021279194,11.92842332448501,25.91740653619318,18.79927886010376,21.405800760377208,0.6783919597989949,-0.0016080402010050232,-0.0016080402010050232,0.5125628140703518,-0.0024371859296482556,-0.0024371859296482556,0.3919597989949749,-0.0030402010050251116,-0.0030402010050251116,0.3984674329501916,0.10974850369588951,0.1691680698928668,0.3615384615384616,0.4120603015075377,0.11130842180828959,0.18000687913692004,0.3737373737373737,0.3984674329501916,0.10974850369588951,0.1691680698928668,0.3615384615384616,20.0,-9.0,-9.0,32.0,-16.0,-16.0,41.0,-15.0,-15.0,0.0003088625560685797,0.0002992325024154604,0.00020799501461129055,-0.00012094549186336678,-0.00017278787436758591,9.286739145242251e-05,0.04597701149425287,0.4646434395664942,12,-0.5532457828521729
993,0,test,2.392279719550878,1.1464037322862652,1.5614544070822478,4.945234942653681,2.369804730173847,3.2277826176252438,10.93840202949061,7.462423650624908,8.6431898034243,22.61147285200671,15.426054859873876,17.866892354839784,2.4710467904839044,1.1712244502746256,1.5974686225741928,4.798149107735736,2.2742222335429623,3.101880820532413,11.83482895611103,8.16618411706627,9.439362036375366,22.980250400215592,15.856668188478196,18.328858323058963,2.3943274294404917,1.1484514421758791,1.5635021169718617,4.949467895186688,2.374037682706854,3.232015570158251,10.960823652157506,7.484845273291803,8.665611426091196,22.657822027221115,15.472404035088282,17.913241530054194,0.5778894472361809,-0.002110552763819218,-0.002110552763819218,0.4170854271356784,0.002085427135678386,0.002085427135678386,0.33668341708542715,-0.0033165829145728187,-0.0033165829145728187,0.3804347826086957,0.08567890557433766,0.16115767417496074,0.34545454545454546,0.371859296482412,0.09366380776060745,0.16317816125703632,0.33333333333333337,0.3804347826086957,0.08567890557433766,0.16115767417496074,0.34545454545454546,20.0,-7.0,-7.0,27.0,-5.0,-5.0,35.0,-6.0,-6.0,4.711197328840889e-06,0.00022418476429250555,0.0001019085998455633,-0.00022489431977135155,0.00019273690668875076,4.029903692170933e-05,0.07971014492753623,0.17834123040828073,22,-0.4376490116119385
495,0,test,2.340371095083646,1.131572676603528,1.5285135499118623,4.0633436804212995,1.964632315820849,2.65379959892673,10.385089703479016,7.035632116207572,8.133002245598766,18.030554515856206,12.215238582127256,14.120488561376998,2.4281801232823432,1.1144704951398274,1.549173038253023,3.707145226385257,1.7014816719692023,2.365149676722173,11.338229113591947,7.618281342555541,8.929722037550217,17.310273455865566,11.630963881764185,13.6331634161072,2.340371095083646,1.131572676603528,1.5285135499118623,4.0633436804212995,1.964632315820849,2.65379959892673,10.385089703479016,7.035632116207572,8.133002245598766,18.030554515856206,12.215238582127256,14.120488561376998,0.5628140703517588,-0.0021859296482411583,-0.0021859296482411583,0.40201005025125625,-0.002989949748743781,-0.002989949748743781,0.3065326633165829,-0.0034673366834171437,-0.0034673366834171437,0.36879432624113473,0.07852883951547096,0.16360564699585167,0.32740213523131667,0.3668341708542714,0.0911449477966273,0.16316138287430482,0.3232323232323232,0.36879432624113473,0.07852883951547096,0.16360564699585167,0.32740213523131667,19.0,-2.0,-2.0,29.0,-8.0,-8.0,38.0,-5.0,-5.0,0.0001055819206701155,0.000416115474639087,0.00016524534414009447,-0.034072062930695424,-0.03502153334038738,-0.033987178358707126,0.03900709219858156,0.38213122177265424,11,-0.5802724361419678
796,0,test,1.69391404551873,0.792801166812536,1.0855788229467538,3.7456972555836705,1.7530955378812414,2.40050528454423,5.440734366063739,2.978392491305511,3.6033643269843116,12.03091965453531,6.586022832886833,7.968002807556857,1.9727394221183099,0.8918300427188397,1.2365054348102147,3.5544854452582157,1.606900977871783,2.2279377203787654,7.190346928640352,4.242988328701745,5.1022898893645525,12.955580051604237,7.6450240156788185,9.193315115972167,1.7726606441403532,0.8168986740058822,1.127290487246734,3.74505769888807,1.7258422690265118,2.3815996209438044,5.886494411384504,3.2858429645077223,3.9798017372829557,12.436255798699657,6.94192175600223,8.408031839330189,0.4321608040201005,-0.002839195979899567,-0.002839195979899567,0.3316582914572864,-0.0033417085427135396,-0.0033417085427135396,0.24623115577889443,-0.0037688442211055717,-0.0037688442211055717,0.33226837060702874,0.10738798783190917,0.15798569260490336,0.2564102564102564,0.33668341708542715,0.11613203863931187,0.15638291625070266,0.2777777777777778,0.3377926421404682,0.11241701609706256,0.1587047667233381,0.2684563758389261,18.0,-5.0,-5.0,24.0,-6.0,-6.0,32.0,-5.0,-5.0,0.0004102827534802092,0.00023637834379049619,0.0002713703871940092,-0.056918731832092284,-0.05928748911692594,-0.059345368505341334,0.05750798722044728,0.22382520378512494,18,-0.5481194257736206
992,0,test,2.018869825963424,0.9751662299485659,1.3200710011102368,3.803506136207335,1.8371916265881825,2.486984593251883,7.529810127055625,4.69009540821571,5.518474837127595,14.185995874729107,8.836036100561088,10.39668463790337,2.275666247813681,1.0697233868871965,1.4673734893756216,3.4220545079904974,1.6086065968228518,2.2065766757528142,9.734402376857489,6.3944957154007565,7.490328838027577,14.638199062943592,9.615783030677829,11.263652388011394,1.9536017633173077,0.9263866820661892,1.266603283798835,3.6177810431801993,1.7155308927151651,2.345561636664509,7.054048894994776,4.260772948917449,5.066308567921264,13.063053509249585,7.890320275773052,9.382052903557897,0.5376884422110553,-0.007311557788944656,-0.007311557788944656,0.36180904522613067,-0.0031909547738693256,-0.0031909547738693256,0.27135678391959794,-0.0036432160804020786,-0.0036432160804020786,0.33529411764705885,0.09594022631078869,0.15329803154138366,0.32448377581120946,0.3417085427135679,0.07855064797672573,0.1346968565699953,0.33838383838383834,0.3311036789297659,0.09237246023193613,0.1509034564603554,0.30536912751677847,17.0,0.0,0.0,25.0,0.0,0.0,32.0,0.0,0.0,0.0003298325378322934,0.0001476971022158487,0.0003086100409941529,-0.026526072025081504,-0.03415576855323099,-0.03864052003431784,0.03823529411764706,0.4177922249706455,13,-0.46010446548461914
267,0,test,2.107623671078748,1.034993839889891,1.2862799563342595,4.371367614089255,2.1466538901419967,2.66783990943402,8.228664020534602,5.305607474378016,5.955111228202316,17.06685870925695,11.00422290982107,12.351341806641841,2.312671503733569,1.0938626231453226,1.4991951402006887,3.886842863417763,1.8384245767148277,2.519655697816284,10.101374500370994,6.718218909951688,7.845638369490509,16.97710000062352,11.291124218406196,13.185946839479847,2.2002817149289977,1.0657186853364127,1.4438131129282201,4.024905576089631,1.9494854000056336,2.6411215480394277,9.027556338632381,5.917741989512478,6.89681790520582,16.513822570668992,10.825137785693558,12.616130314400893,0.5829145728643217,-0.002085427135678275,-0.002085427135678275,0.4170854271356784,-0.0029145728643216184,-0.0029145728643216184,0.3266331658291457,-0.0033668341708542604,-0.0033668341708542604,0.3938618925831202,0.12183124124212408,0.16903295807676633,0.32820512820512826,0.3869346733668342,0.10372665331670883,0.1715757418142465,0.31313131313131315,0.38795986622073575,0.11083131864143692,0.18328800860115846,0.325503355704698,18.0,-5.0,-5.0,29.0,-10.0,-10.0,39.0,-12.0,-12.0,0.0005049251134190532,0.0003931487987909453,0.00021371732170441253,-0.006857712950937511,-0.010728461140277368,-0.008326052102429315,0.05370843989769821,0.1586151891396115,21,-1.065199851989746
775,0,test,3.178852202399626,1.544809835814292,2.086968505905393,5.638402081628533,2.740064161334839,3.701703262299346,24.019168580051453,18.894620372137098,21.039286597703228,42.60334280987229,33.51381569656435,37.31785870979478,3.3273928883700776,1.621207004106459,2.1876714786563976,5.366762723177545,2.6148500066233216,3.528502384929674,27.86559819408892,22.357684650298552,24.73970079486992,44.944513216272455,36.06078169402992,39.90274321753213,3.178852202399626,1.544809835814292,2.086968505905393,5.638402081628533,2.740064161334839,3.701703262299346,24.019168580051453,18.894620372137098,21.039286597703228,42.60334280987229,33.51381569656435,37.31785870979478,0.7487437185929648,-0.0012562814070351536,-0.0012562814070351536,0.5829145728643217,-0.002085427135678275,-0.002085427135678275,0.44221105527638194,-0.0027889447236180143,-0.0027889447236180143,0.39669421487603307,0.09153957570077531,0.15493597311779128,0.3609958506224067,0.38190954773869346,0.07113260538280375,0.1398394308772577,0.3737373737373737,0.39669421487603307,0.09153957570077531,0.15493597311779128,0.3609958506224067,18.0,0.0,0.0,28.0,0.0,0.0,36.0,0.0,0.0,0.00021131355764743986,0.00014215003856426554,0.00019544409692035718,1.0723023486036709e-05,-6.835210348388188e-05,-8.884262040620428e-05,0.049586776859504134,0.5125257773121336,12,-0.2969024181365967
952,0,test,3.077374372537541,1.4879604316339161,2.016398180889195,5.014310007017053,2.424500232721146,3.2855429182723945,21.701347872066535,16.800471988436477,18.81215785581339,35.36043153272018,27.37488671057002,30.652751329766524,2.9357495703339582,1.4062794127150497,1.9132567841571715,4.551549721447997,2.180278159248139,2.966289587840576,18.835616464380916,14.219885899762238,16.05550009538703,29.202506146327,22.046334728313546,24.89224820990237,3.077374372537541,1.4879604316339161,2.016398180889195,5.014310007017053,2.424500232721146,3.2855429182723945,21.701347872066535,16.800471988436477,18.81215785581339,35.36043153272018,27.37488671057002,30.652751329766524,0.7185929648241206,-0.0014070351758793676,-0.0014070351758793676,0.5276381909547738,-0.002361809045226204,-0.002361809045226204,0.40703517587939697,-0.00296482412060306,-0.00296482412060306,0.4130434782608695,0.10743769164242467,0.167260345730749,0.3854545454545455,0.4170854271356784,0.11633354743643032,0.17167641211063667,0.3535353535353535,0.4130434782608695,0.10743769164242467,0.167260345730749,0.3854545454545455,21.0,-2.0,-2.0,34.0,-2.0,-2.0,42.0,-4.0,-4.0,-0.0002460448751479443,0.00037981946980679036,5.863264127560335e-05,-0.00022489431977135155,0.00019273690668875076,4.029903692170933e-05,0.9565217391304348,0.5863912723783178,264,-0.3069264888763428
852,0,test,2.0772782257213818,0.9822065620469587,1.3433506951087102,5.489949596549366,2.595831628266962,3.550283979930162,7.982712178584502,4.993315271700595,5.899465602752023,21.097167900544754,13.196618932351573,15.591444807273202,2.0772782257213818,0.9822065620469587,1.3433506951087102,5.489949596549366,2.595831628266962,3.550283979930162,7.982712178584502,4.993315271700595,5.899465602752023,21.097167900544754,13.196618932351573,15.591444807273202,2.0772782257213818,0.9822065620469587,1.3433506951087102,5.489949596549366,2.595831628266962,3.550283979930162,7.982712178584502,4.993315271700595,5.899465602752023,21.097167900544754,13.196618932351573,15.591444807273202,0.3877551020408163,0.08775510204081627,0.08775510204081627,0.33333333333333337,0.08333333333333337,0.08333333333333337,0.25850340136054417,0.06350340136054422,0.06350340136054422,0.33333333333333337,0.13333333333333341,0.18209179834462008,0.2191780821917808,0.33333333333333337,0.13333333333333341,0.18209179834462008,0.2191780821917808,0.33333333333333337,0.13333333333333341,0.18209179834462008,0.2191780821917808,18.0,1.0,1.0,23.0,1.0,1.0,27.0,2.0,2.0,0.0022075102155039274,0.0002893753519718956,0.0005327610483105279,-0.03137303484331566,-0.02974080753791286,-0.033116401821638775,0.07482993197278912,0.3823052467380837,11,-0.4420783519744873
159,0,test,2.3839176585502866,1.151677687639356,1.5507857871988433,3.9038651589682547,1.88596883076512,2.5395418260168974,10.847315809494253,7.4184142291938215,8.54680343107305,17.763389647762402,12.148275650491897,13.99610763209278,2.370919703031826,1.1504731651737972,1.5468111380939469,3.793471524850921,1.8407570642780753,2.4748978209503147,10.707235233828921,7.3185346549060615,8.427387710635102,17.131576374126276,11.7096554478497,13.483820337016166,2.3839176585502866,1.151677687639356,1.5507857871988433,3.9038651589682547,1.88596883076512,2.5395418260168974,10.847315809494253,7.4184142291938215,8.54680343107305,17.763389647762402,12.148275650491897,13.99610763209278,0.592964824120603,-0.0020351758793969443,-0.0020351758793969443,0.39698492462311563,-0.0030150753768843908,-0.0030150753768843908,0.2814070351758794,-0.003592964824120637,-0.003592964824120637,0.3580246913580247,0.08287068725124858,0.1309385080474912,0.3553719008264463,0.3467336683417085,0.0710444452840644,0.11801914413469683,0.33838383838383834,0.3580246913580247,0.08287068725124858,0.1309385080474912,0.3553719008264463,12.0,0.0,0.0,17.0,0.0,0.0,22.0,0.0,0.0,-0.0004227156821670614,0.00028254926864600415,-7.514358570240825e-05,-0.005670841526457693,-0.005318341891435985,-0.005677640511048132,0.9506172839506173,-0.24287253868419326,231,-0.22589874267578125
498,0,test,2.869905885726563,1.3830868069025353,1.8776822787463572,4.710389008094685,2.270066389590031,3.081848087942391,17.63535838279131,13.212354490824541,14.938133004442228,28.944990389146607,21.685494870809844,24.518022648595398,3.1106472534294842,1.4728771537078928,2.0171644203402144,4.475751443783431,2.119247703176825,2.9023948494103813,22.435561196143347,17.291874390435897,19.450910163302975,32.281383016033594,24.880394806382586,27.986921098277666,2.8606114336272674,1.3743767822683084,1.8688052585868953,4.715293571913078,2.2654562345082003,3.080448228439937,17.47220676600315,13.05178704378551,14.776107060713631,28.800340823082117,21.513934687558532,24.356220429747744,0.6934673366834171,-0.0015326633165829717,-0.0015326633165829717,0.5527638190954773,-0.0022361809045226,-0.0022361809045226,0.4371859296482412,-0.002814070351758735,-0.002814070351758735,0.3853820598006644,0.07973421926910296,0.1495016611295681,0.38,0.4321608040201005,0.12814070351758788,0.19765494137353434,0.43939393939393945,0.3812709030100334,0.07692307692307687,0.14492753623188404,0.37583892617449666,13.0,0.0,0.0,22.0,0.0,0.0,31.0,1.0,1.0,0.0005136373111119428,-0.00016415771839434207,0.0001414830849929893,0.0004991372202978184,9.589878044646838e-05,-4.7314887297922326e-05,0.9335548172757475,-0.19416776101817046,281,-0.5717887878417969
950,0,test,2.8914439156995257,1.385357157507297,1.8854500646180192,4.603045773843498,2.205424900169662,3.0015498155125937,18.019309189860095,13.510257972950669,15.284685458382407,28.68591175627153,21.50770953165135,24.332516505585783,2.8452688041889,1.3218371223228156,1.8272273479822827,4.153677086407153,1.9296892296683437,2.667485179536179,17.2061831414622,12.618240570938738,14.438414485521115,25.118515534981313,18.42078915465509,21.07797735112571,2.8914439156995257,1.385357157507297,1.8854500646180192,4.603045773843498,2.205424900169662,3.0015498155125937,18.019309189860095,13.510257972950669,15.284685458382407,28.68591175627153,21.50770953165135,24.332516505585783,0.6633165829145728,-0.0016834170854271857,-0.0016834170854271857,0.5326633165829145,-0.0023366834170853723,-0.0023366834170853723,0.3869346733668342,-0.0030653266331658324,-0.0030653266331658324,0.39492753623188404,0.08208847655738127,0.15878295791863106,0.3490909090909091,0.40703517587939697,0.088739436531026,0.17331230442697632,0.3282828282828283,0.39492753623188404,0.08208847655738127,0.15878295791863106,0.3490909090909091,17.0,-1.0,-1.0,26.0,-1.0,-1.0,35.0,-3.0,-3.0,-1.1749272717450445e-05,0.0006483614647888754,0.00024816232072962495,-0.00022489431977135155,0.00019273690668875076,4.029903692170933e-05,0.036231884057971016,-0.3700599175804867,10,-0.34866905212402344
323,0,test,3.201971790890431,1.5444862091814686,2.091609648188286,5.169448433485756,2.4935078557869494,3.3768155765931374,24.580950938771732,19.334847590167325,21.54549347458979,39.684908744523035,31.21529610942676,34.784290669819654,3.4693890944835215,1.664414641989515,2.2559423272500636,5.178192678333614,2.484200958193306,3.36707810037323,32.11711592709635,26.037299804698925,28.752052650581202,47.935993921039326,38.861641499550636,42.913511418777915,3.201971790890431,1.5444862091814686,2.091609648188286,5.169448433485756,2.4935078557869494,3.3768155765931374,24.580950938771732,19.334847590167325,21.54549347458979,39.684908744523035,31.21529610942676,34.784290669819654,0.7386934673366834,-0.0013065326633165952,-0.0013065326633165952,0.6381909547738693,-0.0018090452261306789,-0.0018090452261306789,0.4974874371859297,-0.002512562814070307,-0.002512562814070307,0.41947565543071164,0.1054569638419266,0.18659894310194447,0.3721804511278195,0.4321608040201005,0.09381493935844631,0.18007399266784674,0.398989898989899,0.41947565543071164,0.1054569638419266,0.18659894310194447,0.3721804511278195,15.0,0.0,0.0,24.0,0.0,0.0,34.0,0.0,0.0,0.0005270702654302828,0.000604741046835373,8.439149508419995e-05,-0.00016252502302549487,0.00022759863213561715,7.184004964067014e-05,0.04119850187265917,-0.24110479116273908,11,-0.6259951591491699
296,0,test,2.3683872780545254,1.1357406596346562,1.5455205049429517,4.800355422634004,2.301971001407155,3.1325314932400765,10.680154268614215,7.249858050483978,8.403136084351361,21.64702408806371,14.694343162725914,17.03185971459135,2.5148652907848197,1.193136692730191,1.6295758328036398,4.657157945897814,2.2095123939447983,3.017733023710444,12.364942995149859,8.615045150987232,9.941257149978133,22.89804258361085,15.953787316643021,18.40973546292247,2.3673242377611747,1.135799692962489,1.5453400767021037,4.798630211678057,2.302296674923964,3.1324461014231826,10.668806866728792,7.2423575348493525,8.39379751951683,21.625959864990794,14.680454462532472,17.014454431453036,0.6281407035175879,-0.0018592964824121205,-0.0018592964824121205,0.4522613065326633,-0.0027386934673366836,-0.0027386934673366836,0.3065326633165829,-0.0034673366834171437,-0.0034673366834171437,0.3554817275747508,0.0685828884371057,0.1389071419393917,0.30666666666666664,0.36180904522613067,0.058550899862722106,0.133094521019119,0.31313131313131315,0.35451505016722407,0.06903925717891024,0.13871972202484362,0.30536912751677847,17.0,0.0,0.0,29.0,0.0,0.0,36.0,0.0,0.0,0.0007879774343383229,0.00015454938953205513,0.00010709635824744704,0.0004991372202978184,9.589878044646838e-05,-4.7314887297922326e-05,0.03322259136212625,0.373141592094903,10,-0.39994382858276367
968,0,test,2.5535841729781543,1.2395970385850792,1.6524449491085995,4.069410394380712,1.9754308971059023,2.6333483435566265,12.853089018260365,9.132108795216425,10.390682271848672,20.482776563346427,14.552995294659965,16.55866718207848,2.524418508347357,1.1631511837718116,1.6083663924661673,3.53065525642987,1.6267848724081282,2.2494634859666682,12.483634023656796,8.582499850156372,9.98423049247288,17.4596280051144,12.003496293924997,13.963958730731301,2.4793500933540242,1.1606738469987707,1.5969828092086877,3.8942671623361633,1.8230479272231999,2.5083499621078866,11.933506232063914,8.195036944098756,9.51689248027968,18.743727066068974,12.871785776071345,14.947998660125151,0.5628140703517588,-0.0021859296482411583,-0.0021859296482411583,0.44221105527638194,-0.0027889447236180143,-0.0027889447236180143,0.33668341708542715,-0.0033165829145728187,-0.0033165829145728187,0.4022988505747126,0.13544088787743858,0.19604274109279662,0.3631123919308358,0.39698492462311563,0.12380196722963188,0.18329544215233096,0.30808080808080807,0.4013377926421404,0.12754814322644759,0.1922165468134419,0.34563758389261745,17.0,0.0,0.0,25.0,-1.0,-1.0,37.0,-1.0,-1.0,0.001126282329488212,-0.0001262984526534847,0.0001951579209231113,-0.01078647392486154,-0.00838965279065107,-0.009800665199489522,0.034482758620689655,0.40004530291397183,12,-1.3143424987792969
295,0,test,2.707394879356209,1.2931274904313712,1.7600742677671972,4.496209353216561,2.1475152966092415,2.9229804803990955,14.990173393955967,10.876701607129933,12.411382581856678,24.894395100676874,18.06309374041221,20.61176035915484,2.7531555446179454,1.2799887867863022,1.7687427819304908,4.140083525741271,1.9247951680997022,2.6597635818503615,15.692070869478904,11.329040923095919,13.015831034484147,23.597099051847977,17.036151764054015,19.572678247344584,2.707394879356209,1.2931274904313712,1.7600742677671972,4.496209353216561,2.1475152966092415,2.9229804803990955,14.990173393955967,10.876701607129933,12.411382581856678,24.894395100676874,18.06309374041221,20.61176035915484,0.6180904522613065,-0.0019095477386934512,-0.0019095477386934512,0.4824120603015075,-0.0025879396984924696,-0.0025879396984924696,0.3467336683417085,-0.003266331658291488,-0.003266331658291488,0.35611510791366907,0.06886196608243034,0.13841175863137245,0.36101083032490977,0.371859296482412,0.09115754209644711,0.15816981401162733,0.3787878787878788,0.35611510791366907,0.06886196608243034,0.13841175863137245,0.36101083032490977,16.0,1.0,1.0,26.0,0.0,0.0,31.0,1.0,1.0,0.00022891101322256152,5.510347401760935e-05,7.462744043374753e-05,-0.00023875416349117273,0.00018498985658865763,3.328992298534672e-05,0.03597122302158273,0.7187686615247689,10,-0.38223838806152344
970,0,test,3.252267928337784,1.5881838887788735,2.140850883167454,5.541693377891356,2.7061817578534755,3.6478972285550704,25.84889693639497,20.56806293761594,22.810235671090236,44.04515991135721,35.04689671606926,38.86744104481823,3.372997254812338,1.6288633754243838,2.206692283169975,5.229453108236183,2.52536957430137,3.4212283459999613,29.165813557552372,23.444869256356192,25.955704304946796,45.21831559310445,36.348634505978595,40.24140202317332,3.252267928337784,1.5881838887788735,2.140850883167454,5.541693377891356,2.7061817578534755,3.6478972285550704,25.84889693639497,20.56806293761594,22.810235671090236,44.04515991135721,35.04689671606926,38.86744104481823,0.7135678391959799,-0.0014321608040201994,-0.0014321608040201994,0.5778894472361809,-0.002110552763819218,-0.002110552763819218,0.4371859296482412,-0.002814070351758735,-0.002814070351758735,0.4147286821705426,0.11434108527131781,0.17958656330749345,0.3735408560311284,0.4120603015075377,0.09798994974874375,0.17252931323283083,0.3787878787878788,0.4147286821705426,0.11434108527131781,0.17958656330749345,0.3735408560311284,21.0,0.0,0.0,32.0,0.0,0.0,38.0,0.0,0.0,0.00045554087309616486,-0.00017448851957401235,-0.00018517370574884826,-0.00010015572628230274,-0.00015629801580718805,0.00010338106235963096,0.9534883720930233,-0.6001736112730764,246,-0.052614450454711914
653,0,test,2.417514510853917,1.110424096927222,1.5405508255472968,4.187198335792733,1.9232835665732937,2.668274305686495,11.217942561381916,7.52253660813288,8.814352003115225,19.429769795857567,13.02923007290989,15.266688109970815,2.4369323067260313,1.0851671695155762,1.5319649959596644,3.9624915556520834,1.764499462626953,2.4909999934303486,11.437898902628778,7.57365847374526,8.966047783810742,18.59820959777037,12.314891827228067,14.578939485871125,2.417514510853917,1.110424096927222,1.5405508255472968,4.187198335792733,1.9232835665732937,2.668274305686495,11.217942561381916,7.52253660813288,8.814352003115225,19.429769795857567,13.02923007290989,15.266688109970815,0.5879396984924623,-0.002060301507537776,-0.002060301507537776,0.42211055276381915,-0.0028894472361808976,-0.0028894472361808976,0.31658291457286436,-0.003417085427135591,-0.003417085427135591,0.3712121212121212,0.08143939393939392,0.14015151515151514,0.3460076045627376,0.371859296482412,0.09547738693467334,0.1474036850921272,0.3434343434343434,0.3712121212121212,0.08143939393939392,0.14015151515151514,0.3460076045627376,18.0,-5.0,-5.0,27.0,-8.0,-8.0,33.0,-6.0,-6.0,0.0002960199048270483,2.074164436883591e-05,0.0001252127384937303,-0.009484895487458012,-0.010671642234984624,-0.011080551607101974,0.07575757575757576,0.2855457402602739,20,-0.5945725440979004
789,0,test,2.5577765567513167,1.2161450148201804,1.6624258454744976,4.681213698205241,2.2257748384444818,3.042552962472194,12.907087211580558,9.081807690821405,10.45889296333193,23.622404896666307,16.62142162282408,19.141747498928254,2.5577765567513167,1.2161450148201804,1.6624258454744976,4.681213698205241,2.2257748384444818,3.042552962472194,12.907087211580558,9.081807690821405,10.45889296333193,23.622404896666307,16.62142162282408,19.141747498928254,2.5577765567513167,1.2161450148201804,1.6624258454744976,4.681213698205241,2.2257748384444818,3.042552962472194,12.907087211580558,9.081807690821405,10.45889296333193,23.622404896666307,16.62142162282408,19.141747498928254,0.5958549222797928,0.015854922279792683,0.015854922279792683,0.47150259067357514,0.011502590673575175,0.011502590673575175,0.37305699481865284,0.008056994818652852,0.008056994818652852,0.40414507772020725,0.1173233722938507,0.19244111902829675,0.38020833333333337,0.40414507772020725,0.1173233722938507,0.19244111902829675,0.38020833333333337,0.40414507772020725,0.1173233722938507,0.19244111902829675,0.38020833333333337,21.0,1.0,1.0,31.0,1.0,1.0,41.0,1.0,1.0,0.00034897489973519395,0.00018481358547045126,4.808814315933034e-05,-0.02647319067211118,-0.02631326680969437,-0.026232249566081833,0.06735751295336788,0.2861673765290357,13,-0.5415236949920654
